,online_order,book_table,rate,votes,location,rest_type,cuisines,cost,menu_item
0,1.0,1.0,4.1,775,1,20,1386,800.0,5047
1,1.0,0.0,4.1,787,1,20,594,800.0,5047
2,1.0,0.0,3.8,918,1,16,484,800.0,5047
3,0.0,0.0,3.7,88,1,62,1587,300.0,5047
4,0.0,0.0,3.8,166,4,20,1406,600.0,5047
5,1.0,0.0,3.8,286,4,20,1156,600.0,5047
6,1.0,1.0,4.6,2556,1,22,1468,600.0,5047
7,1.0,0.0,4.0,324,1,13,462,700.0,5047
8,1.0,0.0,4.2,504,1,13,485,550.0,5047
9,1.0,0.0,4.1,402,1,13,332,500.0,5047
10,1.0,1.0,4.2,150,1,13,462,600.0,5047
11,1.0,1.0,4.2,164,1,13,380,500.0,5047
12,0.0,0.0,4.0,424,1,13,383,450.0,5047
13,1.0,0.0,3.8,918,1,16,484,800.0,5047
14,1.0,0.0,3.8,90,1,13,332,650.0,5047
15,1.0,0.0,3.9,133,1,13,441,800.0,5047
16,1.0,0.0,3.8,144,1,13,533,700.0,5047
17,0.0,0.0,3.9,93,1,13,456,300.0,5047
18,1.0,0.0,3.0,62,1,13,444,400.0,5047
19,1.0,0.0,3.7,180,1,13,496,500.0,5047
20,1.0,0.0,3.6,62,1,65,985,600.0,5047
21,0.0,0.0,3.8,148,4,22,1194,550.0,5047
22,1.0,0.0,4.0,219,4,13,455,600.0,5047
23,1.0,0.0,2.8,506,1,62,1332,500.0,5047
24,1.0,0.0,3.9,172,1,29,1465,750.0,5047
25,1.0,0.0,4.2,415,1,62,1190,500.0,1672
26,1.0,0.0,3.9,230,1,29,235,650.0,5047
27,1.0,0.0,4.2,1647,1,20,609,600.0,5047
28,1.0,0.0,4.4,4884,30,20,1402,750.0,5047
29,1.0,0.0,3.8,133,4,62,1636,200.0,5047
30,1.0,0.0,3.9,286,1,62,322,500.0,5047
31,1.0,0.0,3.9,540,1,62,1474,800.0,5047
32,1.0,1.0,4.6,2556,1,22,1468,600.0,5047
33,0.0,0.0,3.8,36,1,29,1314,400.0,5047
34,1.0,0.0,3.6,244,46,62,1196,300.0,165
35,1.0,0.0,4.0,804,46,20,1218,450.0,4709
36,1.0,0.0,3.7,679,63,20,604,850.0,5047
37,1.0,0.0,3.1,245,46,62,1257,300.0,4683
38,0.0,0.0,4.3,345,1,30,956,400.0,5047
39,1.0,0.0,4.0,618,30,20,288,750.0,5047
40,0.0,0.0,4.0,1047,1,62,980,450.0,5047
41,1.0,0.0,3.9,627,1,29,923,450.0,14
42,1.0,1.0,4.2,354,1,20,151,800.0,5047
43,0.0,0.0,4.2,244,1,20,1000,800.0,5047
44,1.0,1.0,3.6,163,46,20,915,800.0,5047
45,0.0,1.0,4.0,808,1,20,1196,850.0,5047
46,1.0,0.0,4.1,1720,4,62,1355,400.0,5047
47,0.0,0.0,4.1,868,1,57,704,1200.0,5047
48,0.0,0.0,4.1,520,1,62,248,300.0,5047
49,0.0,0.0,3.6,299,1,62,868,300.0,5047
50,1.0,0.0,4.1,558,4,62,1547,150.0,537
51,0.0,0.0,3.8,39,1,62,1563,350.0,5047
52,1.0,0.0,4.2,146,1,9,215,400.0,5047
53,1.0,0.0,4.4,4401,30,20,286,600.0,5047
54,0.0,0.0,2.6,283,1,20,1156,600.0,5047
55,0.0,0.0,3.3,62,1,4,1589,800.0,5047
56,0.0,0.0,3.7,65,1,62,873,300.0,5047
57,1.0,0.0,3.8,71,4,30,959,400.0,5047
58,0.0,0.0,3.5,52,1,62,1547,300.0,5047
59,0.0,0.0,3.7,130,1,62,1547,200.0,5047
60,0.0,0.0,3.8,45,1,72,175,400.0,5047
61,1.0,0.0,4.1,201,1,62,1597,300.0,3461
62,1.0,0.0,4.0,771,1,20,1589,450.0,4550
63,0.0,0.0,3.0,98,1,4,1196,800.0,5047
64,1.0,1.0,4.1,175,30,20,1591,500.0,2674
65,1.0,0.0,3.8,540,4,20,1353,650.0,5047
66,1.0,0.0,3.8,124,46,62,584,400.0,5047
67,1.0,0.0,4.1,340,1,72,1392,500.0,5047
68,1.0,0.0,3.8,505,1,62,322,450.0,5047
69,1.0,0.0,4.1,438,30,30,791,500.0,5047
70,1.0,0.0,3.7,264,54,20,1212,750.0,5047
71,1.0,0.0,3.7,97,30,62,1386,350.0,5047
72,1.0,0.0,3.6,195,30,20,597,800.0,5047
73,1.0,0.0,4.6,228,30,13,359,400.0,5047
74,1.0,1.0,4.1,364,30,20,1665,1200.0,5047
75,1.0,0.0,3.7,107,4,9,221,150.0,5047
76,1.0,0.0,3.2,167,46,62,1594,300.0,4178
77,1.0,0.0,4.2,64,4,62,1510,500.0,5047
78,1.0,0.0,3.0,290,1,62,1215,450.0,5047
79,1.0,0.0,4.1,233,4,62,1628,200.0,5047
80,1.0,0.0,3.8,115,46,62,863,250.0,5047
81,1.0,1.0,3.9,291,30,13,368,650.0,2748
82,1.0,0.0,4.5,155,30,9,228,300.0,5047
83,1.0,0.0,4.1,305,46,20,965,700.0,5047
84,1.0,0.0,3.9,38,1,30,949,150.0,5047
85,1.0,0.0,3.9,441,1,62,1592,400.0,5047
86,1.0,0.0,4.3,630,30,62,1454,200.0,5047
87,1.0,0.0,3.9,160,46,62,84,300.0,5047
88,1.0,0.0,4.2,287,1,62,1156,350.0,5047
89,1.0,0.0,4.1,402,1,13,332,500.0,5047
90,1.0,0.0,3.8,469,4,20,1208,750.0,5047
91,1.0,0.0,3.3,511,46,20,166,550.0,5047
92,1.0,0.0,3.9,264,1,62,1547,200.0,5047
93,1.0,0.0,3.0,62,1,13,444,400.0,5047
94,1.0,0.0,3.8,693,1,20,1474,750.0,5047
95,1.0,0.0,3.8,242,30,20,1089,650.0,5047
96,1.0,0.0,4.1,163,4,62,684,500.0,5047
97,1.0,0.0,4.2,191,4,62,1636,250.0,3959
98,1.0,0.0,3.5,32,1,62,1486,150.0,5047
99,1.0,0.0,2.5,247,1,20,1156,500.0,5047
100,1.0,1.0,4.1,2339,30,20,1206,1500.0,5047
101,1.0,0.0,4.1,337,30,62,547,300.0,5047
102,1.0,0.0,3.9,135,1,20,1222,800.0,5047
103,1.0,0.0,3.6,172,79,20,1196,700.0,5047
104,1.0,0.0,3.6,105,1,20,1678,700.0,5047
105,1.0,0.0,4.2,504,1,13,485,550.0,5047
106,1.0,1.0,4.3,1129,30,20,1009,1300.0,5047
107,1.0,0.0,4.3,860,1,30,789,500.0,5047
108,1.0,0.0,3.8,412,30,20,77,700.0,5047
109,1.0,1.0,3.9,142,30,20,1093,1000.0,5047
110,1.0,0.0,3.6,143,30,20,1554,750.0,5047
111,1.0,0.0,4.4,181,30,9,231,250.0,5047
112,1.0,0.0,3.8,70,30,62,1451,200.0,5047
113,1.0,0.0,3.8,164,4,62,1476,600.0,5047
114,1.0,0.0,3.6,58,46,62,366,650.0,5047
115,0.0,0.0,3.8,148,4,22,1194,550.0,5047
116,0.0,0.0,3.9,206,4,62,1585,450.0,5047
117,0.0,0.0,3.7,217,4,20,1281,450.0,5047
118,0.0,0.0,3.8,148,4,62,873,150.0,5047
119,1.0,0.0,2.9,177,30,20,1211,700.0,5047
120,1.0,0.0,3.7,136,1,62,1507,600.0,5047
121,1.0,0.0,4.1,185,30,62,1022,200.0,5047
122,1.0,0.0,3.8,155,54,20,1597,400.0,5047
123,1.0,0.0,3.8,42,1,62,1589,300.0,2891
124,1.0,0.0,3.8,286,4,20,1156,600.0,5047
125,1.0,0.0,3.8,160,1,20,1196,700.0,5047
126,1.0,0.0,3.8,59,1,20,1196,750.0,5047
127,1.0,0.0,4.0,89,30,62,1551,200.0,5047
128,1.0,0.0,3.9,40,4,20,1280,600.0,5047
129,1.0,0.0,2.5,35,4,62,817,200.0,5047
130,1.0,0.0,3.6,62,1,65,985,600.0,5047
131,1.0,0.0,4.1,139,30,20,1277,550.0,5047
132,1.0,0.0,3.7,237,1,62,1571,200.0,3163
133,1.0,0.0,3.9,388,1,20,299,650.0,5047
134,1.0,0.0,3.9,128,46,20,1568,500.0,103
135,1.0,1.0,4.1,1875,30,20,1159,1200.0,5047
136,1.0,0.0,3.8,90,1,13,332,650.0,5047
137,1.0,0.0,4.2,179,1,29,1465,600.0,5047
138,1.0,0.0,4.3,275,4,62,1547,100.0,2701
139,1.0,0.0,3.7,323,30,20,609,850.0,5047
140,1.0,0.0,4.3,322,30,20,1547,400.0,5047
141,1.0,0.0,2.6,157,30,13,346,450.0,5047
142,1.0,0.0,3.9,543,4,62,1571,300.0,2710
143,1.0,0.0,3.7,180,1,13,496,500.0,5047
144,1.0,0.0,4.2,444,4,62,1547,100.0,3895
145,1.0,0.0,3.9,134,30,62,1647,400.0,4179
146,1.0,0.0,3.8,577,30,20,1421,900.0,5047
147,1.0,0.0,3.9,144,30,20,1268,550.0,5047
148,1.0,0.0,4.1,787,1,20,594,800.0,5047
149,1.0,0.0,3.6,84,1,62,1589,250.0,110
150,1.0,1.0,4.0,349,1,20,1519,1200.0,5047
151,1.0,0.0,3.7,248,46,62,1327,400.0,5047
152,1.0,0.0,4.1,216,4,13,391,500.0,5047
153,1.0,0.0,4.0,324,1,13,462,700.0,5047
154,1.0,0.0,2.6,231,46,62,1270,400.0,4439
155,1.0,0.0,3.4,102,79,20,1591,400.0,743
156,1.0,0.0,3.9,133,1,13,441,800.0,5047
157,1.0,0.0,2.8,45,1,20,1483,800.0,5047
158,1.0,0.0,3.8,75,1,62,836,200.0,5047
159,1.0,0.0,4.0,53,63,29,1113,600.0,5047
160,1.0,1.0,4.2,815,30,20,1196,900.0,5047
161,1.0,1.0,4.0,633,1,20,1196,800.0,5047
162,1.0,0.0,3.5,56,30,30,958,400.0,5047
163,1.0,0.0,3.9,70,1,30,846,400.0,5047
164,1.0,0.0,3.9,91,30,13,439,300.0,5047
165,1.0,0.0,3.8,77,46,13,401,650.0,5047
166,1.0,0.0,3.8,210,46,20,1235,600.0,5047
167,1.0,0.0,4.1,130,30,13,473,650.0,5047
168,1.0,0.0,4.1,30,30,9,231,100.0,5047
169,1.0,0.0,3.8,144,1,13,533,700.0,5047
170,1.0,0.0,3.7,133,30,20,607,700.0,5047
171,1.0,0.0,4.0,136,30,62,1571,350.0,1680
172,1.0,0.0,3.8,74,4,62,1589,300.0,5047
173,1.0,0.0,3.7,54,4,13,359,600.0,5047
174,1.0,0.0,3.4,58,4,13,436,400.0,5047
175,1.0,0.0,3.6,129,1,20,1091,600.0,5047
176,1.0,0.0,3.5,41,75,44,1475,400.0,5047
177,1.0,0.0,4.1,176,4,20,68,800.0,5047
178,1.0,0.0,3.7,47,30,66,844,400.0,5047
179,1.0,1.0,3.7,36,30,20,586,650.0,5047
180,1.0,0.0,3.9,101,4,62,1547,150.0,5047
181,1.0,1.0,4.1,442,30,60,692,1200.0,5047
182,1.0,0.0,3.8,53,30,62,953,250.0,5047
183,1.0,0.0,4.0,232,30,62,1561,400.0,5047
184,1.0,0.0,3.9,221,30,20,521,700.0,5047
185,1.0,1.0,4.1,1063,30,21,987,1200.0,5047
186,1.0,0.0,3.7,93,4,62,1628,200.0,5047
187,1.0,0.0,3.9,233,30,20,1007,800.0,5047
188,1.0,0.0,3.9,211,30,20,840,500.0,5047
189,1.0,0.0,4.0,1778,30,62,1444,200.0,43
190,1.0,0.0,3.6,218,82,20,1277,800.0,5047
191,1.0,0.0,3.7,514,4,13,458,600.0,5047
192,1.0,1.0,4.0,866,30,20,1296,900.0,5047
193,1.0,0.0,3.2,96,46,62,1156,400.0,5047
194,1.0,0.0,3.5,80,1,62,1670,250.0,5047
195,1.0,0.0,4.0,73,4,0,194,300.0,3025
196,1.0,0.0,3.9,84,30,69,1121,400.0,5047
197,1.0,0.0,3.5,88,1,62,1592,350.0,5047
198,1.0,0.0,3.5,179,1,20,1208,600.0,5047
199,1.0,0.0,3.8,61,4,62,1021,100.0,5047
200,1.0,0.0,3.7,128,79,20,1220,450.0,5047
201,1.0,0.0,3.8,339,30,62,1589,400.0,740
202,1.0,0.0,4.1,449,4,62,1628,100.0,5047
203,1.0,0.0,4.1,210,30,32,210,150.0,5047
204,1.0,0.0,3.0,213,1,62,1428,400.0,5047
205,1.0,0.0,3.2,208,30,12,1652,250.0,4095
206,1.0,0.0,3.8,70,1,62,1547,100.0,131
207,1.0,0.0,4.0,219,4,13,455,600.0,5047
208,1.0,0.0,3.7,59,1,62,1451,200.0,5047
209,1.0,0.0,3.7,124,46,20,292,750.0,5047
210,1.0,1.0,4.1,775,1,20,1386,800.0,5047
211,1.0,1.0,4.2,2022,30,20,1416,1000.0,5047
212,1.0,1.0,4.2,150,1,13,462,600.0,1390
213,1.0,0.0,4.0,232,4,20,1196,750.0,5047
214,1.0,1.0,3.5,431,30,20,1156,800.0,5047
215,1.0,1.0,4.2,2115,1,20,1481,800.0,5047
216,1.0,0.0,4.2,150,30,20,1156,800.0,1664
217,1.0,0.0,3.8,155,30,20,1597,450.0,5047
218,1.0,1.0,4.1,666,30,21,50,1000.0,5047
219,1.0,0.0,3.9,240,4,13,332,700.0,5047
220,1.0,0.0,3.8,918,1,16,484,800.0,5047
221,1.0,0.0,4.0,465,30,20,1597,600.0,2731
222,1.0,1.0,4.1,970,30,54,1313,1500.0,5047
223,1.0,0.0,3.3,128,1,62,1196,300.0,5047
224,1.0,0.0,3.6,241,46,62,1196,300.0,5047
225,1.0,0.0,4.3,734,1,62,1597,200.0,3169
226,1.0,0.0,3.8,130,30,62,1181,400.0,5047
227,1.0,0.0,4.2,261,30,13,389,700.0,5047
228,1.0,0.0,4.0,191,46,62,1598,300.0,130
229,1.0,0.0,4.1,364,4,20,1566,550.0,133
230,1.0,0.0,3.9,888,1,20,1434,750.0,2724
231,1.0,0.0,3.9,750,4,20,1277,500.0,3359
232,1.0,1.0,4.2,164,1,13,380,500.0,5047
233,1.0,0.0,3.8,527,4,20,1156,500.0,5047
234,0.0,0.0,4.3,345,1,30,956,400.0,5047
235,0.0,0.0,4.4,356,1,69,1116,150.0,5047
236,1.0,0.0,3.9,38,1,30,949,150.0,1817
237,1.0,0.0,3.9,116,1,30,959,400.0,2645
238,1.0,0.0,3.8,918,1,16,484,800.0,5047
239,1.0,0.0,3.8,144,1,13,533,700.0,5047
240,1.0,0.0,4.3,860,1,30,789,500.0,5047
241,0.0,0.0,3.8,45,1,72,175,400.0,5047
242,1.0,0.0,3.9,70,1,30,846,400.0,5047
243,0.0,0.0,4.0,98,4,70,1123,400.0,5047
244,1.0,0.0,4.0,219,4,13,455,600.0,4811
245,1.0,0.0,4.0,73,4,0,194,300.0,3025
246,1.0,0.0,2.7,97,4,20,1597,400.0,5047
247,1.0,0.0,3.9,888,1,20,1434,750.0,2723
248,1.0,1.0,4.0,349,1,20,1519,1200.0,1161
249,1.0,0.0,4.2,287,1,62,1156,350.0,5047
250,1.0,1.0,4.6,2556,1,22,1468,600.0,5047
251,1.0,1.0,4.2,354,1,20,151,800.0,631
252,1.0,1.0,4.1,775,1,20,1386,800.0,5047
253,1.0,1.0,4.2,2115,1,20,1481,800.0,5047
254,0.0,1.0,3.8,977,1,46,878,1300.0,5047
255,0.0,0.0,4.1,868,1,57,704,1200.0,5047
256,1.0,0.0,4.0,324,1,13,462,700.0,4464
257,1.0,0.0,4.1,787,1,20,594,800.0,5047
258,1.0,0.0,4.2,504,1,13,485,550.0,921
259,1.0,0.0,4.1,402,1,13,332,500.0,3421
260,1.0,1.0,4.2,150,1,13,462,600.0,1391
261,1.0,1.0,4.2,164,1,13,380,500.0,2020
262,0.0,0.0,4.2,244,1,20,1000,800.0,5047
263,1.0,0.0,4.0,771,1,20,1589,450.0,4549
264,1.0,0.0,4.2,1647,1,20,609,600.0,5047
265,0.0,1.0,4.0,808,1,20,1196,850.0,5047
266,0.0,0.0,4.0,424,1,13,383,450.0,5047
267,1.0,0.0,3.9,135,1,20,1222,800.0,3649
268,1.0,0.0,3.8,918,1,16,484,800.0,5047
269,1.0,0.0,3.8,90,1,13,332,650.0,5047
270,1.0,0.0,3.9,519,1,20,561,900.0,5047
271,1.0,0.0,3.6,105,1,20,1678,700.0,5047
272,1.0,0.0,3.9,133,1,13,441,800.0,1303
273,1.0,0.0,3.8,144,1,13,533,700.0,5047
274,0.0,0.0,3.9,93,1,13,456,300.0,5047
275,1.0,0.0,3.8,42,1,62,1589,300.0,2891
276,1.0,0.0,2.5,247,1,20,1156,500.0,2854
277,1.0,0.0,3.0,62,1,13,444,400.0,2412
278,1.0,0.0,3.8,160,1,20,1196,700.0,4051
279,1.0,0.0,3.6,129,1,20,1091,600.0,1332
280,0.0,0.0,3.3,62,1,4,1589,800.0,5047
281,0.0,0.0,2.6,283,1,20,1156,600.0,5047
282,1.0,0.0,3.8,59,1,20,1196,750.0,5047
283,1.0,0.0,3.5,179,1,20,1208,600.0,3594
284,0.0,0.0,3.8,62,1,62,1561,150.0,5047
285,0.0,0.0,3.0,98,1,4,1196,800.0,5047
286,0.0,0.0,2.7,128,1,20,604,850.0,5047
287,1.0,0.0,2.8,45,1,20,1483,800.0,2158
288,1.0,0.0,3.5,41,75,44,1475,400.0,5047
289,1.0,0.0,3.7,405,1,20,1474,750.0,4226
290,1.0,0.0,3.9,388,1,20,299,650.0,959
291,0.0,0.0,4.7,651,1,62,1547,100.0,5047
292,1.0,0.0,4.3,734,1,62,1597,200.0,4698
293,0.0,0.0,4.0,1047,1,62,980,450.0,5047
294,1.0,0.0,3.8,505,1,62,322,450.0,669
295,1.0,0.0,3.9,264,1,62,1547,200.0,3221
296,1.0,0.0,3.9,286,1,62,322,500.0,3384
297,0.0,0.0,4.4,343,1,62,1547,100.0,5047
298,0.0,0.0,3.8,70,1,62,821,500.0,5047
299,1.0,0.0,3.8,70,1,62,1547,100.0,132
300,1.0,0.0,3.7,237,1,62,1571,200.0,2040
301,1.0,0.0,4.1,201,1,62,1597,300.0,1913
302,1.0,0.0,2.8,506,1,62,1332,500.0,5047
303,0.0,0.0,4.1,520,1,62,248,300.0,5047
304,0.0,0.0,3.7,88,1,62,1587,300.0,5047
305,1.0,0.0,3.7,136,1,62,1507,600.0,865
306,0.0,0.0,3.9,88,1,62,1547,250.0,5047
307,0.0,0.0,3.8,189,1,62,1547,300.0,5047
308,0.0,0.0,3.8,39,1,62,1563,350.0,5047
309,1.0,0.0,3.9,540,1,62,1474,800.0,3122
310,0.0,0.0,3.6,71,1,62,1416,250.0,5047
311,1.0,0.0,3.5,88,1,62,1592,350.0,1037
312,1.0,0.0,3.0,87,1,62,1476,600.0,3490
313,1.0,0.0,4.2,415,1,62,1190,500.0,1023
314,1.0,0.0,3.3,128,1,62,1196,300.0,1864
315,0.0,0.0,4.1,94,1,62,1547,100.0,5047
316,0.0,0.0,3.7,65,1,62,873,300.0,5047
317,0.0,0.0,3.5,52,1,62,1547,300.0,5047
318,1.0,0.0,3.0,290,1,62,1215,450.0,65
319,1.0,0.0,3.7,59,1,62,1451,200.0,5047
320,0.0,0.0,3.7,130,1,62,1547,200.0,5047
321,1.0,0.0,3.5,80,1,62,1670,250.0,4264
322,1.0,0.0,3.9,441,1,62,1592,400.0,2010
323,1.0,0.0,3.6,84,1,62,1589,250.0,744
324,0.0,0.0,4.0,42,1,62,1615,300.0,5047
325,1.0,0.0,3.0,213,1,62,1428,400.0,4368
326,0.0,0.0,4.2,725,30,62,1552,350.0,5047
327,1.0,0.0,3.9,750,4,20,1277,500.0,3317
328,0.0,0.0,3.8,166,4,20,1406,600.0,5047
329,0.0,0.0,4.4,4460,4,62,1547,150.0,5047
330,0.0,0.0,3.9,153,4,20,1547,350.0,5047
331,1.0,0.0,3.8,469,4,20,1208,750.0,1784
332,1.0,0.0,4.1,364,4,20,1566,550.0,4743
333,1.0,0.0,3.8,286,4,20,1156,600.0,3567
334,1.0,0.0,3.8,527,4,20,1156,500.0,417
335,1.0,0.0,3.9,101,4,62,1547,150.0,3893
336,1.0,0.0,4.1,558,4,62,1547,150.0,5047
337,0.0,0.0,3.8,148,4,22,1194,550.0,5047
338,0.0,0.0,2.7,377,4,57,1292,1100.0,5047
339,0.0,0.0,3.9,206,4,62,1585,450.0,5047
340,0.0,0.0,3.9,100,4,62,1589,300.0,5047
341,1.0,0.0,4.2,444,4,62,1547,100.0,3896
342,0.0,0.0,3.9,133,4,20,979,650.0,5047
343,1.0,0.0,4.0,219,4,13,455,600.0,4811
344,0.0,0.0,4.2,253,4,62,1547,250.0,5047
345,0.0,0.0,3.7,61,4,20,310,600.0,5047
346,1.0,0.0,3.8,155,54,20,1575,400.0,4183
347,1.0,0.0,3.9,233,30,20,1007,800.0,884
348,1.0,0.0,3.7,264,54,20,1212,750.0,3538
349,0.0,0.0,4.1,238,4,62,1547,600.0,5047
350,1.0,0.0,4.1,176,4,20,68,800.0,3310
351,1.0,0.0,3.7,93,4,62,1628,200.0,1735
352,0.0,0.0,3.8,124,4,62,1574,300.0,5047
353,1.0,0.0,4.3,275,4,62,1547,100.0,5047
354,0.0,0.0,4.2,254,4,62,1547,150.0,5047
355,0.0,0.0,4.1,177,4,62,1547,100.0,5047
356,1.0,0.0,4.0,132,4,62,817,200.0,5047
357,1.0,0.0,3.8,74,4,62,1589,300.0,4411
358,1.0,0.0,3.6,172,79,20,1196,700.0,5047
359,1.0,0.0,3.9,543,4,62,1571,300.0,5047
360,0.0,0.0,4.0,52,4,62,1547,300.0,5047
361,0.0,0.0,3.7,217,4,20,1281,450.0,5047
362,0.0,0.0,3.9,111,4,20,1258,700.0,5047
363,1.0,0.0,3.8,133,4,62,1636,200.0,4542
364,0.0,0.0,3.8,39,30,62,1587,250.0,5047
365,0.0,0.0,4.0,64,4,62,1547,200.0,5047
366,0.0,0.0,3.8,148,4,62,873,150.0,5047
367,0.0,0.0,3.8,55,75,44,595,300.0,5047
368,0.0,1.0,3.8,977,1,46,878,1300.0,5047
369,0.0,0.0,4.1,868,1,57,704,1200.0,5047
370,0.0,0.0,3.3,62,1,4,1589,800.0,5047
371,0.0,0.0,3.0,98,1,4,1196,800.0,5047
372,0.0,0.0,2.7,377,4,57,1292,1100.0,5047
373,1.0,1.0,4.4,2487,3,57,1343,900.0,5047
374,1.0,1.0,4.2,1964,3,20,87,1000.0,462
375,1.0,0.0,4.3,3178,3,20,1402,750.0,2897
376,1.0,0.0,3.3,455,3,20,50,550.0,2415
377,0.0,1.0,4.7,3845,28,20,1325,1600.0,5047
378,0.0,0.0,4.3,353,28,20,1416,1200.0,5047
379,0.0,1.0,4.1,1234,28,20,1423,800.0,5047
380,1.0,1.0,4.1,1538,28,20,165,1000.0,1380
381,1.0,1.0,3.8,756,28,20,1156,1000.0,5047
382,1.0,1.0,4.0,347,28,20,1295,1000.0,5047
383,0.0,1.0,4.0,165,28,20,1592,1000.0,5047
384,0.0,0.0,3.3,177,28,20,1222,950.0,5047
385,1.0,0.0,3.0,102,0,20,1589,600.0,2804
386,0.0,1.0,4.0,200,3,13,383,700.0,5047
387,1.0,0.0,3.9,102,3,13,352,450.0,4863
388,1.0,0.0,3.7,171,3,13,332,300.0,1176
389,1.0,0.0,3.7,37,3,13,359,400.0,2933
390,1.0,0.0,3.9,40,3,41,442,400.0,621
391,0.0,0.0,3.9,125,3,13,446,500.0,5047
392,1.0,0.0,3.9,49,3,13,332,600.0,1778
393,0.0,0.0,3.8,69,3,14,350,700.0,5047
394,0.0,0.0,3.9,78,3,13,332,350.0,5047
395,1.0,0.0,2.7,48,3,65,549,650.0,3406
396,1.0,0.0,4.1,46,28,13,502,600.0,4573
397,0.0,0.0,4.0,129,28,13,383,600.0,5047
398,1.0,1.0,3.9,727,28,13,416,800.0,397
399,0.0,0.0,4.1,521,28,13,404,550.0,5047
400,1.0,0.0,4.1,203,28,65,366,650.0,314
401,1.0,1.0,4.4,4381,28,22,1468,600.0,2241
402,1.0,0.0,3.7,131,28,13,504,400.0,2740
403,1.0,0.0,3.7,46,28,13,318,450.0,4884
404,0.0,0.0,3.4,48,28,13,436,550.0,5047
405,1.0,0.0,3.7,127,28,13,467,700.0,512
406,1.0,0.0,2.7,85,28,13,496,500.0,3094
407,1.0,0.0,4.5,1178,0,29,930,500.0,5047
408,1.0,0.0,3.7,335,0,20,65,800.0,5047
409,1.0,0.0,3.8,254,0,20,282,800.0,2463
410,1.0,0.0,4.1,63,28,72,869,300.0,2211
411,1.0,0.0,4.0,244,0,62,202,400.0,5047
412,1.0,0.0,2.9,255,0,62,1156,250.0,5047
413,1.0,0.0,4.5,549,0,30,773,400.0,5047
414,1.0,0.0,4.1,775,0,62,1597,300.0,5047
415,1.0,0.0,3.6,208,28,72,285,300.0,4865
416,1.0,0.0,4.1,739,28,29,565,500.0,4664
417,1.0,0.0,3.8,310,3,62,1156,400.0,1115
418,1.0,0.0,4.0,126,0,62,1156,150.0,1919
419,1.0,0.0,4.1,427,3,72,1392,500.0,1891
420,1.0,0.0,4.0,197,0,62,1156,300.0,5047
421,1.0,0.0,4.1,601,0,62,1477,700.0,4809
422,1.0,0.0,3.9,488,28,72,273,400.0,1143
423,1.0,0.0,4.0,396,3,62,1589,400.0,5047
424,1.0,0.0,3.6,474,0,62,1235,450.0,5047
425,1.0,0.0,2.9,172,0,62,1196,300.0,3205
426,1.0,0.0,3.1,175,3,62,42,250.0,5047
427,1.0,0.0,4.0,939,0,20,558,600.0,5047
428,1.0,0.0,3.9,173,0,62,1461,250.0,4900
429,1.0,0.0,3.9,77,3,62,1156,400.0,356
430,1.0,0.0,3.9,326,0,13,1195,200.0,5047
431,1.0,0.0,3.3,212,28,62,236,350.0,1286
432,1.0,0.0,4.1,464,0,62,1179,300.0,5047
433,1.0,0.0,3.3,628,3,29,923,450.0,4150
434,1.0,0.0,3.6,518,28,20,1589,400.0,2853
435,1.0,0.0,3.9,70,3,30,767,350.0,597
436,1.0,0.0,3.9,62,28,62,324,300.0,1093
437,1.0,0.0,4.4,819,30,30,956,400.0,5047
438,1.0,1.0,4.2,1964,3,20,87,1000.0,460
439,1.0,0.0,4.0,138,3,29,235,650.0,1985
440,1.0,0.0,3.3,455,3,20,50,550.0,2414
441,1.0,0.0,3.8,181,3,41,1181,600.0,3670
442,1.0,0.0,3.6,43,28,62,311,300.0,824
443,1.0,0.0,2.7,159,28,62,1465,750.0,4226
444,1.0,0.0,3.2,166,3,62,1507,600.0,5047
445,1.0,0.0,3.7,128,3,72,282,400.0,2775
446,1.0,0.0,2.9,126,0,62,565,300.0,553
447,1.0,0.0,4.0,952,30,62,1355,400.0,1983
448,1.0,0.0,3.8,472,3,62,323,600.0,1824
449,1.0,1.0,4.0,739,3,20,296,800.0,2988
450,1.0,0.0,3.9,255,0,20,50,500.0,1108
451,1.0,0.0,4.0,1974,28,20,294,800.0,4695
452,1.0,1.0,4.2,1428,28,20,64,800.0,1381
453,1.0,0.0,4.0,332,28,62,1589,300.0,5047
454,1.0,1.0,4.0,199,28,62,1476,700.0,2228
455,1.0,0.0,3.9,437,28,62,322,400.0,672
456,1.0,0.0,3.8,207,3,20,237,700.0,945
457,1.0,1.0,4.4,4381,28,22,1468,600.0,5047
458,1.0,0.0,3.8,55,3,62,1589,300.0,5047
459,1.0,0.0,4.0,597,3,62,1156,400.0,1566
460,1.0,0.0,3.0,102,0,20,1589,600.0,5047
461,1.0,0.0,3.9,189,0,62,256,300.0,1189
462,1.0,0.0,3.7,131,28,13,504,400.0,5047
463,1.0,0.0,4.2,373,28,20,266,750.0,5047
464,1.0,0.0,3.9,435,0,20,197,650.0,3015
465,1.0,0.0,4.1,292,0,20,250,700.0,5047
466,1.0,0.0,3.6,137,3,62,84,300.0,5047
467,1.0,0.0,3.2,133,3,20,1209,500.0,5047
468,1.0,0.0,3.9,37,28,72,1518,250.0,3881
469,1.0,0.0,3.7,170,28,62,862,200.0,5047
470,1.0,0.0,3.6,794,3,20,286,550.0,4203
471,1.0,0.0,4.6,404,3,20,0,1000.0,5047
472,1.0,1.0,3.9,561,3,20,1156,900.0,5047
473,1.0,1.0,3.9,486,0,13,710,700.0,5047
474,1.0,0.0,3.9,320,3,20,1196,650.0,2512
475,1.0,0.0,4.1,237,28,30,791,500.0,2644
476,1.0,1.0,3.9,1227,3,20,116,900.0,1175
477,1.0,0.0,4.0,95,3,29,1113,600.0,4932
478,1.0,1.0,4.1,1538,28,20,165,1000.0,2491
479,1.0,0.0,3.7,110,3,20,43,800.0,3526
480,1.0,0.0,4.1,381,0,62,84,250.0,4064
481,1.0,0.0,3.9,251,3,29,1190,500.0,1030
482,1.0,0.0,3.0,353,28,62,1285,400.0,5047
483,1.0,0.0,4.0,205,28,29,1181,450.0,2037
484,1.0,0.0,3.9,183,0,62,868,250.0,4679
485,1.0,0.0,3.9,99,3,30,956,400.0,5047
486,1.0,0.0,4.1,260,28,62,1156,300.0,5047
487,1.0,0.0,3.9,355,0,62,1196,400.0,5047
488,1.0,0.0,4.1,83,0,62,856,400.0,5047
489,1.0,0.0,2.5,321,28,62,1241,400.0,3392
490,1.0,0.0,3.9,362,0,20,1156,600.0,5047
491,1.0,1.0,4.2,2166,28,60,10,1200.0,1767
492,1.0,0.0,4.0,182,28,69,1121,400.0,5047
493,1.0,1.0,3.8,500,3,20,1437,1000.0,5047
494,1.0,0.0,4.0,532,3,20,610,800.0,5047
495,1.0,1.0,3.5,551,3,20,1236,600.0,5047
496,1.0,0.0,4.2,421,3,20,604,700.0,5047
497,1.0,0.0,3.7,662,28,20,201,650.0,5047
498,1.0,0.0,3.8,54,3,62,300,500.0,3784
499,1.0,0.0,4.1,92,0,62,537,300.0,922
500,1.0,0.0,3.7,36,28,29,282,600.0,728
501,1.0,0.0,4.2,2350,28,20,1156,800.0,5047
502,1.0,0.0,3.9,49,3,13,332,600.0,5047
503,1.0,0.0,3.7,184,0,62,858,400.0,5047
504,1.0,1.0,3.6,225,3,20,286,700.0,4382
505,1.0,0.0,4.0,35,0,32,775,300.0,497
506,1.0,0.0,4.0,869,0,29,250,500.0,1288
507,1.0,0.0,4.0,153,28,62,1637,200.0,5047
508,1.0,0.0,3.7,139,3,62,1268,400.0,5047
509,1.0,0.0,3.7,181,3,29,282,500.0,5047
510,1.0,0.0,3.9,669,0,20,1156,500.0,4387
511,1.0,0.0,3.7,168,3,62,1110,600.0,5047
512,1.0,0.0,3.8,170,3,62,1256,250.0,5047
513,1.0,0.0,4.0,112,28,62,1649,200.0,5047
514,1.0,0.0,3.8,58,0,62,203,300.0,3811
515,1.0,0.0,4.0,167,30,62,1589,400.0,5047
516,1.0,0.0,3.9,85,28,62,1490,300.0,5047
517,1.0,0.0,2.6,473,0,62,1002,600.0,902
518,1.0,0.0,3.7,217,28,20,1423,500.0,5047
519,1.0,0.0,3.6,192,0,29,917,450.0,5047
520,1.0,1.0,4.2,611,0,21,141,1500.0,1777
521,1.0,0.0,4.0,166,3,29,1465,750.0,1723
522,1.0,0.0,4.1,46,28,13,502,600.0,5047
523,1.0,1.0,4.4,2233,3,21,744,1200.0,5047
524,1.0,0.0,4.0,107,0,62,1156,300.0,5047
525,1.0,0.0,4.2,306,0,29,1045,600.0,5047
526,1.0,1.0,3.8,756,28,20,1156,1000.0,5047
527,1.0,1.0,4.4,4309,28,52,625,1600.0,5047
528,1.0,0.0,4.0,212,3,62,1156,400.0,5047
529,1.0,0.0,2.9,153,3,62,197,600.0,5047
530,1.0,0.0,4.0,827,0,20,1490,500.0,5047
531,1.0,0.0,4.0,256,3,62,322,500.0,5047
532,1.0,0.0,3.9,40,3,41,442,400.0,5047
533,1.0,0.0,3.9,73,3,72,1578,400.0,5047
534,1.0,0.0,4.2,169,28,13,361,600.0,5047
535,1.0,0.0,4.1,586,28,20,558,700.0,5047
536,1.0,0.0,3.5,221,0,70,1119,400.0,5047
537,1.0,0.0,3.5,177,0,62,203,500.0,5047
538,1.0,0.0,3.9,347,28,20,609,600.0,5047
539,1.0,0.0,3.0,347,3,62,1474,800.0,3125
540,1.0,0.0,3.9,385,28,62,1476,600.0,5047
541,1.0,0.0,4.0,1305,28,20,625,750.0,5047
542,1.0,0.0,3.0,122,3,20,609,500.0,5047
543,1.0,0.0,4.3,539,28,62,617,300.0,5047
544,1.0,1.0,3.9,681,3,20,1274,800.0,5047
545,1.0,0.0,3.8,106,28,29,306,350.0,5047
546,1.0,1.0,4.1,1025,3,20,1156,1000.0,5047
547,1.0,0.0,3.6,132,3,12,1652,250.0,5047
548,1.0,0.0,4.2,289,3,62,6,400.0,5047
549,1.0,0.0,3.9,407,28,20,1196,500.0,5047
550,1.0,0.0,3.9,201,3,62,1196,250.0,5047
551,1.0,0.0,3.7,37,3,13,359,400.0,5047
552,1.0,0.0,4.1,203,28,65,366,650.0,314
553,1.0,0.0,3.1,320,28,20,1384,600.0,5047
554,1.0,1.0,3.8,257,3,20,73,800.0,5047
555,1.0,0.0,3.8,46,28,62,1465,450.0,5047
556,1.0,0.0,3.9,102,3,13,352,450.0,5047
557,1.0,1.0,4.2,237,28,22,349,600.0,5047
558,1.0,0.0,3.7,108,3,62,1084,600.0,5047
559,1.0,0.0,3.9,34,28,20,1091,750.0,5047
560,1.0,0.0,3.2,144,3,62,1218,350.0,2461
561,1.0,1.0,4.2,1028,28,21,614,1100.0,5047
562,1.0,0.0,3.8,84,3,29,38,600.0,3885
563,1.0,0.0,4.0,181,28,20,1214,550.0,5047
564,1.0,0.0,4.0,128,0,30,949,230.0,3240
565,1.0,0.0,3.8,171,28,62,1156,250.0,5047
566,1.0,0.0,3.9,200,28,62,1087,400.0,5047
567,1.0,0.0,3.0,114,3,20,521,1000.0,5047
568,1.0,0.0,3.8,146,28,20,521,600.0,5047
569,1.0,0.0,4.2,248,0,32,210,500.0,381
570,1.0,1.0,4.1,583,28,21,688,1200.0,5047
571,1.0,0.0,3.7,42,28,62,1196,500.0,5047
572,1.0,0.0,3.7,171,3,13,332,300.0,5047
573,1.0,0.0,3.7,79,28,62,826,500.0,5047
574,1.0,0.0,3.7,46,28,13,318,450.0,5047
575,0.0,0.0,4.2,1278,3,20,43,800.0,5047
576,1.0,0.0,3.4,276,0,66,1455,250.0,5047
577,1.0,0.0,3.1,64,28,20,1554,750.0,5047
578,1.0,0.0,4.0,69,0,30,773,300.0,5047
579,1.0,0.0,3.7,288,46,62,1196,500.0,3537
580,1.0,0.0,4.3,676,3,45,772,500.0,5047
581,1.0,0.0,4.1,140,28,62,1547,100.0,5047
582,1.0,0.0,4.0,65,28,9,217,600.0,4490
583,1.0,1.0,4.1,448,28,20,695,700.0,5047
584,1.0,0.0,4.0,203,0,14,350,500.0,5047
585,1.0,0.0,3.1,166,3,62,1219,600.0,5047
586,1.0,1.0,4.1,1320,28,20,1222,1200.0,5047
587,1.0,0.0,4.0,116,28,20,604,400.0,5047
588,1.0,0.0,4.4,288,3,12,217,400.0,5047
589,1.0,0.0,2.7,85,28,13,496,500.0,5047
590,1.0,0.0,3.9,124,0,62,1196,400.0,5047
591,1.0,0.0,3.6,323,3,41,1476,800.0,5047
592,1.0,0.0,3.7,51,3,62,1156,300.0,5047
593,1.0,0.0,4.2,229,28,20,1296,1000.0,5047
594,1.0,0.0,2.8,102,3,62,1196,350.0,5047
595,1.0,0.0,4.0,76,28,62,1023,150.0,5047
596,1.0,0.0,3.9,42,28,30,817,250.0,5047
597,1.0,0.0,3.9,239,28,30,789,500.0,5047
598,1.0,0.0,3.7,55,28,62,1620,200.0,5047
599,1.0,0.0,3.9,178,28,30,767,400.0,5047
600,1.0,0.0,3.4,224,3,62,1059,400.0,5047
601,1.0,0.0,3.9,199,0,62,1451,300.0,5047
602,1.0,1.0,4.0,1010,28,58,882,1300.0,5047
603,1.0,1.0,3.8,72,28,62,1496,400.0,5047
604,0.0,1.0,4.1,1000,3,21,50,800.0,5047
605,1.0,0.0,3.8,613,0,13,472,600.0,5047
606,1.0,0.0,2.9,42,0,62,1432,250.0,5047
607,1.0,0.0,3.7,194,0,62,1156,400.0,5047
608,0.0,0.0,4.3,423,3,30,956,150.0,5047
609,1.0,0.0,3.7,158,30,20,251,700.0,5047
610,1.0,1.0,4.1,1403,28,26,1296,1100.0,971
611,1.0,0.0,3.9,153,28,41,427,400.0,5047
612,1.0,1.0,2.9,90,3,20,1449,800.0,5047
613,1.0,0.0,3.1,140,0,20,1182,600.0,5047
614,1.0,0.0,4.1,463,0,13,344,500.0,5047
615,1.0,0.0,4.2,384,3,72,1465,600.0,4167
616,0.0,0.0,4.0,177,3,62,1112,400.0,5047
617,1.0,0.0,3.6,70,0,62,1248,350.0,2425
618,1.0,1.0,4.0,790,28,20,696,1300.0,5047
619,1.0,0.0,3.9,92,28,62,1602,300.0,5047
620,0.0,0.0,4.1,131,3,69,1121,400.0,5047
621,1.0,0.0,3.8,89,28,30,957,400.0,5047
622,1.0,0.0,3.0,57,30,62,1329,400.0,5047
623,1.0,0.0,3.8,92,3,41,674,1100.0,5047
624,1.0,0.0,3.0,57,28,20,604,650.0,5047
625,1.0,0.0,4.3,133,28,29,181,300.0,5047
626,0.0,0.0,4.0,164,3,0,769,250.0,5047
627,1.0,0.0,3.9,161,28,29,1209,500.0,3314
628,1.0,0.0,4.0,308,30,13,388,750.0,5047
629,1.0,0.0,2.6,208,28,20,602,650.0,5047
630,1.0,0.0,3.4,116,3,20,1423,400.0,5047
631,1.0,0.0,2.7,48,3,65,549,650.0,5047
632,1.0,0.0,3.7,127,28,13,467,700.0,5047
633,1.0,1.0,3.9,727,28,13,416,800.0,5047
634,0.0,0.0,3.9,125,3,13,446,500.0,5047
635,1.0,0.0,2.6,170,3,20,978,600.0,5047
636,0.0,0.0,3.8,89,3,20,1196,550.0,5047
637,1.0,0.0,4.0,507,28,19,460,1000.0,5047
638,1.0,0.0,3.8,254,0,20,521,550.0,5047
639,1.0,0.0,2.8,334,3,20,1196,500.0,5047
640,0.0,0.0,3.8,69,3,14,350,700.0,5047
641,1.0,1.0,4.1,842,28,21,1546,1100.0,2359
642,1.0,0.0,4.0,88,28,0,181,500.0,5047
643,1.0,0.0,3.5,283,0,62,206,350.0,5047
644,1.0,1.0,4.1,293,28,20,938,500.0,5047
645,0.0,0.0,2.9,106,3,20,1196,450.0,5047
646,1.0,0.0,3.0,61,0,13,332,650.0,5047
647,0.0,0.0,2.8,80,3,20,46,650.0,5047
648,1.0,1.0,4.0,347,28,20,1295,1000.0,5047
649,1.0,0.0,3.4,186,3,20,1598,450.0,5047
650,0.0,0.0,4.0,93,3,72,181,800.0,5047
651,0.0,0.0,2.4,183,3,29,1156,450.0,5047
652,0.0,0.0,2.9,85,3,62,1615,250.0,5047
653,0.0,0.0,3.4,66,3,20,590,800.0,5047
654,0.0,0.0,2.9,58,3,62,203,250.0,5047
655,0.0,0.0,3.6,162,3,20,1196,500.0,5047
656,0.0,0.0,2.7,67,3,41,1451,300.0,5047
657,0.0,0.0,2.2,90,3,20,1196,750.0,5047
658,0.0,0.0,2.4,96,3,20,1292,500.0,5047
659,1.0,0.0,4.0,101,3,20,1079,500.0,5047
660,1.0,1.0,3.8,560,28,20,1156,800.0,5047
661,1.0,0.0,3.7,243,28,20,286,450.0,5047
662,1.0,0.0,3.2,148,3,62,1547,250.0,5047
663,0.0,0.0,2.3,291,3,20,1600,250.0,5047
664,1.0,1.0,3.9,1337,3,46,7,1700.0,5047
665,0.0,0.0,4.0,65,3,30,956,200.0,5047
666,1.0,0.0,3.6,43,28,20,583,600.0,5047
667,1.0,0.0,3.7,46,0,20,1156,400.0,2416
668,1.0,0.0,3.7,46,0,30,960,150.0,5047
669,1.0,0.0,3.7,117,28,62,1156,150.0,5047
670,1.0,1.0,4.4,2487,3,57,1343,900.0,5047
671,1.0,0.0,3.2,66,3,20,1196,600.0,5047
672,0.0,1.0,4.1,1187,28,26,979,1200.0,5047
673,0.0,0.0,4.3,353,28,20,1416,1200.0,5047
674,0.0,1.0,4.2,1212,28,20,1490,1200.0,5047
675,1.0,0.0,3.7,115,0,20,565,550.0,5047
676,1.0,0.0,4.1,952,28,20,1614,400.0,5047
677,0.0,0.0,3.8,915,28,20,1156,600.0,5047
678,1.0,0.0,3.7,135,0,20,1196,500.0,5047
679,0.0,1.0,4.1,466,28,20,1064,700.0,5047
680,0.0,0.0,3.8,115,28,62,1209,350.0,5047
681,0.0,0.0,3.9,61,28,72,1052,400.0,5047
682,0.0,0.0,3.9,86,28,30,949,250.0,5047
683,0.0,0.0,4.0,193,28,20,1555,500.0,5047
684,0.0,0.0,3.8,82,28,47,1472,1000.0,5047
685,0.0,0.0,3.9,115,28,62,1547,200.0,5047
686,0.0,0.0,3.7,28,0,20,1196,500.0,5047
687,0.0,0.0,3.2,63,28,3,191,600.0,5047
688,0.0,0.0,3.1,44,0,29,1196,500.0,5047
689,0.0,0.0,3.5,65,28,20,1420,750.0,5047
690,0.0,0.0,2.7,76,0,62,1196,500.0,5047
691,0.0,0.0,2.6,75,0,62,1438,400.0,5047
692,0.0,0.0,3.0,55,28,20,65,800.0,5047
693,0.0,0.0,3.7,48,28,20,1335,800.0,5047
694,0.0,0.0,2.9,39,28,72,857,500.0,5047
695,1.0,0.0,3.9,193,28,20,1589,400.0,5047
696,1.0,0.0,3.9,63,3,62,1487,200.0,5047
697,1.0,0.0,3.8,186,28,13,339,500.0,5047
698,1.0,0.0,3.3,28,3,72,282,400.0,5047
699,0.0,0.0,4.3,423,3,30,956,150.0,5047
700,0.0,0.0,4.0,102,3,0,175,400.0,5047
701,0.0,0.0,4.1,131,3,69,1121,400.0,5047
702,0.0,0.0,4.0,164,3,0,769,250.0,5047
703,1.0,0.0,3.9,102,3,13,352,450.0,5047
704,1.0,0.0,3.9,70,3,30,767,350.0,5047
705,1.0,0.0,3.9,188,3,30,959,400.0,5047
706,0.0,0.0,3.8,46,3,35,961,300.0,5047
707,1.0,0.0,4.4,677,3,45,772,500.0,5047
708,1.0,0.0,3.9,40,3,41,442,400.0,5047
709,1.0,0.0,3.9,99,3,30,956,400.0,5047
710,0.0,0.0,4.0,93,3,72,181,800.0,5047
711,0.0,0.0,3.8,69,3,14,350,700.0,5047
712,1.0,0.0,4.1,41,3,29,181,500.0,5047
713,0.0,0.0,4.0,65,3,30,956,200.0,5047
714,1.0,1.0,4.1,448,28,20,695,700.0,5047
715,1.0,0.0,4.1,46,28,13,502,600.0,5047
716,1.0,0.0,4.3,132,28,29,181,300.0,5047
717,1.0,0.0,4.1,237,28,30,791,500.0,5047
718,1.0,0.0,3.9,239,28,30,789,500.0,5047
719,0.0,0.0,4.1,521,28,13,404,550.0,5047
720,0.0,0.0,4.0,319,28,30,773,500.0,5047
721,1.0,0.0,3.8,89,28,30,957,400.0,5047
722,0.0,0.0,3.2,63,28,3,191,600.0,5047
723,0.0,0.0,2.9,231,28,30,793,800.0,5047
724,1.0,0.0,4.5,1179,0,29,930,500.0,5047
725,1.0,0.0,3.6,796,3,20,286,550.0,5047
726,1.0,1.0,3.8,500,3,20,1437,1000.0,5047
727,1.0,1.0,3.9,681,3,20,1274,800.0,5047
728,1.0,0.0,3.8,207,3,20,237,700.0,5047
729,1.0,0.0,4.0,532,3,20,610,800.0,5047
730,1.0,0.0,4.2,421,3,20,604,700.0,5047
731,1.0,0.0,3.9,319,3,20,1196,650.0,5047
732,1.0,1.0,4.1,1025,3,20,1156,1000.0,5047
733,1.0,1.0,3.6,225,3,20,286,700.0,5047
734,0.0,1.0,4.0,200,3,13,383,700.0,5047
735,1.0,1.0,4.0,739,3,20,296,800.0,5047
736,0.0,0.0,3.8,149,3,20,1058,400.0,5047
737,1.0,0.0,3.9,102,3,13,352,450.0,5047
738,1.0,0.0,3.7,110,3,20,43,800.0,5047
739,1.0,0.0,3.7,171,3,13,332,300.0,5047
740,1.0,0.0,3.7,37,3,13,359,400.0,5047
741,1.0,1.0,3.9,1227,3,20,116,900.0,5047
742,0.0,0.0,3.9,124,3,13,446,500.0,5047
743,1.0,0.0,2.8,335,3,20,1196,500.0,5047
744,1.0,0.0,3.9,49,3,13,332,600.0,5047
745,0.0,0.0,3.8,89,3,20,1196,550.0,5047
746,1.0,0.0,2.7,425,3,20,1597,400.0,5047
747,1.0,0.0,4.0,101,3,20,1079,500.0,5047
748,1.0,0.0,3.2,133,3,20,1209,500.0,5047
749,0.0,0.0,2.7,160,3,20,604,850.0,5047
750,1.0,0.0,3.4,186,3,20,1598,450.0,5047
751,0.0,0.0,3.8,69,3,14,350,700.0,5047
752,0.0,0.0,3.7,311,3,20,1355,400.0,5047
753,1.0,0.0,4.4,288,3,12,217,400.0,5047
754,1.0,1.0,3.5,551,3,20,1236,600.0,5047
755,1.0,0.0,3.0,122,3,20,609,500.0,5047
756,0.0,0.0,2.9,106,3,20,1196,450.0,5047
757,0.0,1.0,2.9,200,3,20,602,1000.0,5047
758,1.0,0.0,3.2,66,3,20,1196,600.0,5047
759,0.0,0.0,2.8,80,3,20,46,650.0,5047
760,1.0,0.0,2.6,170,3,20,978,600.0,5047
761,0.0,0.0,3.4,66,3,20,590,800.0,5047
762,0.0,0.0,3.6,162,3,20,1196,500.0,5047
763,1.0,1.0,2.9,90,3,20,1449,800.0,5047
764,0.0,0.0,2.2,90,3,20,1196,750.0,5047
765,0.0,0.0,2.4,96,3,20,1292,500.0,5047
766,1.0,0.0,3.4,116,3,20,1423,400.0,5047
767,1.0,0.0,3.6,132,3,12,1652,250.0,5047
768,1.0,0.0,3.8,55,3,62,1589,300.0,5047
769,1.0,0.0,3.0,114,3,20,521,1000.0,5047
770,0.0,0.0,2.3,291,3,20,1600,250.0,5047
771,1.0,1.0,3.8,257,3,20,73,800.0,5047
772,1.0,0.0,4.0,398,3,62,1589,400.0,5047
773,0.0,0.0,4.0,177,3,62,1112,400.0,5047
774,1.0,0.0,4.0,256,3,62,322,500.0,5047
775,1.0,0.0,3.9,78,3,62,1156,400.0,5047
776,1.0,0.0,3.8,312,3,62,1156,400.0,5047
777,1.0,0.0,3.7,168,3,62,1110,600.0,5047
778,0.0,0.0,4.1,315,3,62,1322,500.0,5047
779,1.0,0.0,3.7,108,3,62,1084,600.0,5047
780,1.0,0.0,3.7,314,3,62,1474,800.0,5047
781,1.0,0.0,3.9,188,3,30,959,400.0,5047
782,1.0,0.0,3.7,139,3,62,1268,400.0,5047
783,1.0,0.0,3.8,472,3,62,323,600.0,5047
784,1.0,0.0,3.8,369,3,62,322,400.0,5047
785,0.0,0.0,3.9,197,3,62,1547,150.0,5047
786,0.0,0.0,3.8,46,3,35,961,300.0,5047
787,0.0,0.0,3.3,50,3,41,521,400.0,5047
788,1.0,0.0,3.9,201,3,62,1196,250.0,5047
789,1.0,0.0,4.2,289,3,62,6,400.0,5047
790,1.0,0.0,3.2,144,3,62,1218,350.0,5047
791,1.0,0.0,3.4,224,3,62,1059,400.0,5047
792,1.0,0.0,3.1,166,3,62,1219,600.0,5047
793,1.0,0.0,3.2,167,3,62,1507,600.0,5047
794,1.0,0.0,4.0,597,3,62,1156,400.0,5047
795,1.0,0.0,3.8,56,3,62,300,500.0,5047
796,1.0,0.0,3.6,137,3,62,84,300.0,5047
797,1.0,0.0,3.9,114,3,62,1190,500.0,5047
798,1.0,0.0,3.9,75,3,62,1451,200.0,5047
799,1.0,0.0,3.2,148,3,62,1547,250.0,5047
800,1.0,0.0,2.4,204,3,62,1465,750.0,5047
801,1.0,0.0,2.9,153,3,62,197,600.0,5047
802,1.0,0.0,3.9,63,3,62,1487,200.0,5047
803,1.0,0.0,2.7,48,3,65,549,650.0,5047
804,1.0,0.0,3.8,170,3,62,1256,250.0,5047
805,1.0,0.0,3.8,92,3,41,674,1100.0,5047
806,1.0,0.0,2.8,102,3,62,1196,350.0,5047
807,0.0,0.0,3.5,56,3,62,1587,400.0,5047
808,0.0,0.0,2.9,85,3,62,1615,250.0,5047
809,0.0,0.0,2.9,58,3,62,203,250.0,5047
810,1.0,0.0,3.7,51,3,62,1156,300.0,5047
811,1.0,0.0,4.0,212,3,62,1156,400.0,5047
812,1.0,0.0,3.8,182,3,41,1181,600.0,5047
813,1.0,0.0,2.4,158,3,62,1196,300.0,5047
814,1.0,0.0,3.6,323,3,41,1476,800.0,5047
815,1.0,0.0,3.1,175,3,62,42,250.0,5047
816,0.0,0.0,4.5,2781,28,21,1170,1200.0,5047
817,0.0,1.0,4.7,3844,28,20,1325,1600.0,5047
818,0.0,0.0,4.3,353,28,20,1416,1200.0,5047
819,1.0,1.0,4.4,4312,28,52,625,1600.0,5047
820,0.0,1.0,4.3,1196,28,5,803,1500.0,5047
821,0.0,1.0,4.6,311,28,20,1436,1300.0,5047
822,0.0,1.0,4.2,1212,28,20,1490,1200.0,5047
823,0.0,1.0,4.1,1235,28,20,1423,800.0,5047
824,0.0,1.0,3.9,1763,28,4,899,1300.0,5047
825,1.0,1.0,4.1,1538,28,20,165,1000.0,5047
826,1.0,0.0,4.1,954,28,20,1614,400.0,5047
827,1.0,1.0,4.1,585,28,21,688,1200.0,5047
828,1.0,0.0,4.2,374,28,20,266,750.0,5047
829,1.0,1.0,4.2,1028,28,21,614,1100.0,5047
830,1.0,1.0,4.1,448,28,20,695,700.0,5047
831,0.0,1.0,4.1,1187,28,26,979,1200.0,5047
832,1.0,0.0,4.0,180,28,20,1214,550.0,5047
833,1.0,1.0,4.0,1010,28,58,882,1300.0,5047
834,1.0,0.0,4.2,230,28,20,1296,1000.0,5047
835,1.0,1.0,4.1,842,28,21,1546,1100.0,5047
836,1.0,1.0,4.1,1320,28,20,1222,1200.0,5047
837,1.0,1.0,4.0,790,28,20,696,1300.0,5047
838,0.0,0.0,3.8,915,28,20,1156,600.0,5047
839,1.0,1.0,3.8,756,28,20,1156,1000.0,5047
840,1.0,0.0,3.9,34,28,20,1091,750.0,5047
841,1.0,1.0,4.0,347,28,20,1295,1000.0,5047
842,1.0,1.0,4.1,293,28,20,938,500.0,5047
843,1.0,0.0,3.9,347,28,20,609,600.0,5047
844,1.0,0.0,4.1,587,28,20,558,700.0,5047
845,1.0,0.0,4.0,1306,28,20,625,750.0,5047
846,0.0,1.0,4.1,466,28,20,1064,700.0,5047
847,0.0,0.0,4.0,129,28,62,1589,300.0,5047
848,1.0,0.0,3.7,217,28,20,1423,500.0,5047
849,0.0,0.0,3.8,115,28,62,1209,350.0,5047
850,0.0,0.0,3.8,59,28,20,1423,400.0,5047
851,0.0,0.0,3.7,535,28,20,1304,950.0,5047
852,0.0,0.0,3.8,228,28,62,1250,400.0,5047
853,1.0,0.0,3.9,178,28,20,1589,450.0,5047
854,1.0,1.0,3.9,727,28,13,416,800.0,5047
855,1.0,0.0,3.7,243,28,20,286,450.0,5047
856,0.0,0.0,4.1,521,28,13,404,550.0,5047
857,0.0,0.0,2.9,51,28,20,1451,600.0,5047
858,1.0,1.0,4.4,4381,28,22,1468,600.0,5047
859,0.0,0.0,4.0,193,28,20,1555,500.0,5047
860,0.0,0.0,3.8,177,28,62,1366,400.0,5047
861,0.0,1.0,3.9,165,28,20,1592,1000.0,5047
862,0.0,0.0,3.4,97,28,21,1559,1100.0,5047
863,1.0,0.0,3.7,132,28,13,504,400.0,5047
864,0.0,0.0,3.8,82,28,47,1472,1000.0,5047
865,1.0,0.0,3.9,407,28,20,1196,500.0,5047
866,1.0,0.0,3.8,46,28,13,318,450.0,5047
867,0.0,0.0,3.3,177,28,20,1222,950.0,5047
868,1.0,0.0,3.8,146,28,20,521,600.0,5047
869,1.0,0.0,3.1,320,28,20,1384,600.0,5047
870,0.0,0.0,3.4,48,28,13,436,550.0,5047
871,0.0,0.0,2.3,175,28,20,1156,450.0,5047
872,1.0,0.0,3.1,64,28,20,1554,750.0,5047
873,0.0,0.0,3.5,65,28,20,1420,750.0,5047
874,0.0,0.0,3.0,55,28,20,65,800.0,5047
875,0.0,0.0,3.7,48,28,20,1335,800.0,5047
876,1.0,0.0,3.0,57,28,20,604,650.0,5047
877,1.0,0.0,3.7,127,28,13,467,700.0,5047
878,1.0,0.0,2.5,321,28,62,1241,400.0,5047
879,1.0,0.0,3.9,92,28,62,1602,300.0,5047
880,0.0,0.0,3.9,115,28,62,1547,200.0,5047
881,1.0,0.0,3.9,386,28,62,1476,600.0,5047
882,1.0,0.0,3.3,212,28,62,236,350.0,5047
883,0.0,0.0,2.9,231,28,30,793,800.0,5047
884,1.0,0.0,3.9,62,28,62,324,300.0,5047
885,1.0,1.0,4.1,612,0,21,141,1500.0,5047
886,1.0,0.0,4.0,827,0,20,1490,500.0,5047
887,1.0,0.0,3.9,362,0,20,1156,600.0,5047
888,1.0,0.0,3.7,135,0,20,1196,500.0,5047
889,1.0,0.0,4.0,244,0,62,202,400.0,5047
890,1.0,0.0,3.0,102,0,20,1589,600.0,5047
891,1.0,0.0,3.7,115,0,20,565,550.0,5047
892,1.0,0.0,4.2,465,0,62,1179,300.0,5047
893,1.0,0.0,3.9,173,0,62,1461,250.0,5047
894,1.0,0.0,4.1,83,0,62,856,400.0,5047
895,1.0,0.0,4.0,107,0,62,1156,300.0,5047
896,0.0,0.0,3.7,28,0,20,1196,500.0,5047
897,1.0,0.0,3.7,194,0,62,1156,400.0,5047
898,0.0,0.0,2.7,76,0,62,1196,500.0,5047
899,0.0,0.0,2.6,75,0,62,1438,400.0,5047
900,1.0,0.0,2.9,126,0,62,565,300.0,5047
901,1.0,0.0,3.9,435,0,20,197,650.0,5047
902,1.0,0.0,2.9,255,0,62,1156,250.0,5047
903,1.0,1.0,4.4,2488,3,57,1343,900.0,5047
904,1.0,1.0,4.4,2237,3,21,744,1200.0,5047
905,1.0,1.0,3.9,1337,3,46,7,1700.0,5047
906,1.0,1.0,3.9,681,3,20,1274,800.0,5047
907,0.0,0.0,4.5,2781,28,21,1170,1200.0,5047
908,1.0,1.0,4.4,4312,28,52,625,1600.0,5047
909,0.0,1.0,3.9,1763,28,4,899,1300.0,5047
910,1.0,1.0,4.1,585,28,21,688,1200.0,5047
911,0.0,1.0,4.1,1187,28,26,979,1200.0,5047
912,1.0,1.0,4.0,1010,28,58,882,1300.0,5047
913,1.0,1.0,4.1,842,28,21,1546,1100.0,5047
914,0.0,0.0,3.4,97,28,21,1559,1100.0,5047
915,1.0,1.0,4.1,612,0,21,141,1500.0,5047
916,1.0,1.0,4.2,2022,30,20,1416,1000.0,5047
917,0.0,0.0,3.8,166,4,20,1406,600.0,5047
918,1.0,0.0,3.8,286,4,20,1156,600.0,5047
919,0.0,1.0,4.1,2303,30,20,1196,950.0,5047
920,1.0,1.0,4.1,2339,30,20,1206,1500.0,5047
921,1.0,0.0,4.4,4884,30,20,1402,750.0,2096
922,1.0,1.0,4.1,775,1,20,1386,800.0,5047
923,1.0,0.0,3.8,918,1,16,484,800.0,1684
924,1.0,0.0,3.8,74,85,20,672,1000.0,4132
925,1.0,0.0,4.1,139,30,20,1277,550.0,5047
926,0.0,1.0,3.8,176,30,20,1158,1350.0,5047
927,1.0,1.0,3.8,584,30,20,1381,1200.0,5047
928,0.0,1.0,4.3,633,30,16,413,800.0,5047
929,0.0,1.0,4.1,102,30,13,379,800.0,5047
930,1.0,1.0,4.6,1755,4,22,1468,600.0,5047
931,1.0,0.0,3.9,240,4,13,332,700.0,5047
932,0.0,0.0,3.8,148,4,22,1194,550.0,5047
933,1.0,0.0,4.0,219,4,13,455,600.0,5047
934,1.0,0.0,4.1,216,4,13,391,500.0,5047
935,1.0,0.0,3.7,514,4,13,458,600.0,5047
936,1.0,0.0,3.4,58,4,13,436,400.0,5047
937,1.0,1.0,4.3,1252,30,22,922,800.0,5047
938,0.0,0.0,4.2,704,30,13,332,500.0,5047
939,1.0,0.0,4.1,796,30,13,437,400.0,5047
940,0.0,1.0,4.2,731,30,13,393,800.0,5047
941,0.0,0.0,4.2,223,30,13,501,800.0,5047
942,0.0,0.0,4.1,707,30,13,445,850.0,5047
943,1.0,0.0,4.2,261,30,13,389,700.0,5047
944,1.0,1.0,4.2,150,1,13,462,600.0,1391
945,1.0,1.0,4.2,1901,30,13,423,800.0,5047
946,1.0,0.0,4.0,324,1,13,462,700.0,5047
947,1.0,0.0,4.6,228,30,13,359,400.0,5047
948,1.0,0.0,4.2,504,1,13,485,550.0,5047
949,1.0,0.0,4.1,130,30,13,473,650.0,5047
950,0.0,0.0,4.1,108,30,13,427,700.0,5047
951,1.0,0.0,3.8,918,1,16,484,800.0,5047
952,1.0,0.0,3.8,90,1,13,332,650.0,5047
953,1.0,0.0,3.8,144,1,13,533,700.0,5047
954,0.0,0.0,3.8,46,30,13,332,400.0,5047
955,0.0,0.0,4.0,62,30,13,332,150.0,5047
956,1.0,1.0,3.9,291,30,13,368,650.0,5047
957,0.0,0.0,3.2,59,30,16,436,550.0,5047
958,1.0,0.0,2.9,62,30,65,548,650.0,5047
959,1.0,0.0,2.6,157,30,13,346,450.0,5047
960,0.0,0.0,3.7,168,30,13,437,400.0,5047
961,1.0,0.0,4.6,143,42,29,930,500.0,5047
962,1.0,0.0,3.9,627,1,29,923,450.0,1924
963,1.0,0.0,4.1,414,30,62,330,500.0,5047
964,1.0,0.0,4.2,95,30,11,214,400.0,5047
965,1.0,0.0,4.4,4884,30,20,1402,750.0,5047
966,1.0,0.0,4.0,771,1,20,1589,450.0,5047
967,1.0,0.0,4.2,64,4,62,1510,500.0,5047
968,1.0,0.0,4.1,233,4,62,1628,200.0,5047
969,1.0,0.0,3.8,505,1,62,322,450.0,669
970,1.0,0.0,4.1,201,1,62,1597,300.0,4837
971,1.0,0.0,4.0,774,42,20,238,800.0,5047
972,1.0,0.0,3.7,125,28,62,1177,250.0,5047
973,1.0,0.0,3.8,540,4,20,1353,650.0,5047
974,1.0,0.0,3.7,176,4,62,1507,600.0,5047
975,1.0,0.0,4.1,296,30,62,1569,200.0,5047
976,1.0,0.0,3.6,91,28,72,298,500.0,5047
977,1.0,0.0,3.8,133,4,62,1636,200.0,4542
978,1.0,1.0,4.2,354,1,20,151,800.0,631
979,1.0,0.0,3.6,518,28,20,1589,400.0,5047
980,1.0,0.0,4.3,792,30,62,84,300.0,5047
981,1.0,0.0,4.2,504,1,13,485,550.0,921
982,1.0,0.0,4.1,1720,4,62,1355,400.0,5047
983,1.0,0.0,3.7,107,4,9,221,150.0,4868
984,1.0,0.0,3.9,55,0,62,235,300.0,5047
985,1.0,0.0,3.2,395,30,62,1196,300.0,5047
986,1.0,0.0,4.0,78,30,62,1079,100.0,5047
987,1.0,0.0,4.0,332,28,62,1589,300.0,5047
988,1.0,0.0,4.0,1975,28,20,294,800.0,5047
989,1.0,0.0,4.0,618,30,20,288,750.0,5047
990,1.0,0.0,3.3,261,73,20,1196,500.0,5047
991,1.0,0.0,4.0,253,30,30,773,300.0,5047
992,1.0,0.0,3.9,750,4,20,1277,500.0,5047
993,1.0,1.0,4.6,2556,1,22,1468,600.0,5047
994,1.0,0.0,3.9,210,30,11,778,400.0,5047
995,1.0,0.0,3.8,71,4,30,959,400.0,5047
996,1.0,0.0,3.9,230,1,29,235,650.0,1999
997,1.0,0.0,4.2,444,4,62,1547,100.0,5047
998,1.0,0.0,4.3,630,30,62,1454,200.0,5047
999,1.0,1.0,4.1,175,30,20,1591,500.0,5047
1000,1.0,0.0,3.9,441,1,62,1592,400.0,5047
1001,1.0,1.0,4.1,2723,0,20,296,800.0,5047
1002,1.0,0.0,3.8,693,1,20,1474,750.0,5047
1003,1.0,0.0,4.4,4401,30,20,286,600.0,5047
1004,1.0,0.0,3.9,172,1,29,1465,750.0,2181
1005,1.0,0.0,3.9,319,3,20,1196,650.0,5047
1006,1.0,0.0,3.7,170,28,62,862,200.0,5047
1007,1.0,0.0,3.2,208,30,12,1652,250.0,5047
1008,1.0,0.0,4.1,163,4,62,684,500.0,5047
1009,1.0,0.0,3.7,97,30,62,1386,350.0,5047
1010,1.0,0.0,4.2,415,1,62,1190,500.0,1022
1011,1.0,1.0,3.9,291,30,13,368,650.0,5047
1012,1.0,0.0,4.2,1647,1,20,609,600.0,5047
1013,1.0,1.0,4.1,364,30,20,1665,1200.0,5047
1014,1.0,0.0,3.8,70,1,62,1547,100.0,5047
1015,1.0,0.0,3.5,80,1,62,1670,250.0,5047
1016,1.0,0.0,3.9,264,1,62,1547,200.0,5047
1017,1.0,0.0,4.0,166,30,62,1589,400.0,5047
1018,1.0,0.0,3.9,134,30,62,1647,400.0,5047
1019,1.0,0.0,4.1,364,4,20,1566,550.0,5047
1020,1.0,0.0,4.2,449,30,13,362,400.0,5047
1021,1.0,0.0,3.9,56,4,30,773,400.0,5047
1022,1.0,0.0,3.9,148,30,62,1121,400.0,5047
1023,1.0,0.0,4.0,53,1,29,1113,600.0,1502
1024,1.0,1.0,4.2,2115,1,20,1481,800.0,5047
1025,1.0,0.0,3.9,67,30,62,817,200.0,5047
1026,1.0,0.0,4.2,287,1,62,1156,350.0,5047
1027,1.0,0.0,3.6,84,1,62,1589,250.0,5047
1028,1.0,1.0,4.2,2171,28,60,10,1200.0,5047
1029,1.0,1.0,4.2,1428,28,20,64,800.0,5047
1030,1.0,0.0,3.7,93,4,62,1628,200.0,1735
1031,1.0,1.0,3.9,1227,3,20,116,900.0,5047
1032,1.0,0.0,4.1,164,30,62,256,400.0,5047
1033,1.0,0.0,3.8,577,30,20,1421,900.0,432
1034,1.0,1.0,4.2,166,30,20,924,800.0,3880
1035,1.0,0.0,3.5,32,1,62,1486,150.0,5047
1036,1.0,0.0,3.9,104,30,62,817,200.0,4636
1037,1.0,0.0,3.9,38,1,30,949,150.0,5047
1038,1.0,0.0,4.5,155,30,9,228,300.0,5047
1039,1.0,1.0,4.2,3227,0,25,1156,1600.0,5047
1040,1.0,0.0,2.8,109,73,20,616,500.0,5047
1041,1.0,0.0,3.7,662,28,20,201,650.0,304
1042,1.0,1.0,4.5,784,0,20,716,800.0,5047
1043,1.0,0.0,3.0,73,73,20,1156,500.0,4607
1044,1.0,0.0,3.9,85,28,62,1490,300.0,2906
1045,1.0,0.0,4.3,659,30,30,181,500.0,5047
1046,1.0,0.0,3.8,152,30,30,773,350.0,5047
1047,1.0,0.0,4.1,337,30,62,547,300.0,5047
1048,1.0,0.0,4.2,191,4,62,1636,250.0,3958
1049,1.0,0.0,4.0,108,30,62,329,500.0,5047
1050,1.0,0.0,4.1,438,30,30,791,500.0,5047
1051,1.0,0.0,3.9,49,30,62,1587,200.0,5047
1052,1.0,0.0,3.6,276,4,62,322,500.0,5047
1053,1.0,1.0,4.2,1539,0,20,1054,800.0,5047
1054,1.0,1.0,4.1,1063,30,21,987,1200.0,5047
1055,1.0,0.0,3.6,195,30,20,597,800.0,5047
1056,1.0,0.0,3.9,211,30,20,840,500.0,5047
1057,1.0,0.0,4.3,860,1,30,789,500.0,5047
1058,1.0,0.0,4.2,289,3,62,6,400.0,5047
1059,1.0,0.0,4.2,146,1,9,215,400.0,5047
1060,1.0,0.0,4.2,169,28,13,361,600.0,5047
1061,1.0,0.0,3.9,134,30,62,866,350.0,5047
1062,1.0,0.0,3.9,113,73,62,861,250.0,5047
1063,1.0,0.0,3.9,91,30,62,230,200.0,5047
1064,1.0,0.0,3.7,237,1,62,1571,200.0,5047
1065,1.0,1.0,3.8,197,30,57,536,1000.0,5047
1066,1.0,0.0,3.9,133,1,13,441,800.0,5047
1067,1.0,0.0,4.0,90,28,0,181,500.0,5047
1068,1.0,1.0,4.3,1252,30,22,922,800.0,5047
1069,1.0,0.0,4.1,796,30,13,437,400.0,5047
1070,1.0,0.0,3.8,918,1,16,484,800.0,5047
1071,1.0,0.0,3.8,155,30,20,1597,450.0,5047
1072,1.0,0.0,3.9,240,4,13,332,700.0,5047
1073,1.0,0.0,3.6,41,0,13,401,700.0,5047
1074,1.0,0.0,3.7,217,85,62,1474,800.0,3142
1075,1.0,0.0,4.0,73,4,0,194,300.0,5047
1076,1.0,0.0,4.1,192,30,30,789,300.0,5047
1077,1.0,0.0,3.8,53,30,62,953,250.0,5047
1078,1.0,0.0,3.9,61,73,9,214,150.0,5047
1079,1.0,0.0,3.8,242,30,20,1089,650.0,5047
1080,1.0,0.0,4.0,465,30,20,1597,600.0,5047
1081,1.0,0.0,4.0,324,1,13,462,700.0,5047
1082,1.0,0.0,2.6,307,73,20,1145,700.0,5047
1083,1.0,0.0,3.7,47,30,66,844,400.0,5047
1084,1.0,1.0,4.2,150,1,13,462,600.0,5047
1085,1.0,0.0,3.0,290,1,62,1215,450.0,5047
1086,1.0,0.0,4.4,356,30,30,773,400.0,5047
1087,1.0,0.0,4.2,249,30,30,773,300.0,5047
1088,1.0,0.0,3.8,82,0,62,327,1000.0,5047
1089,1.0,0.0,3.9,91,30,13,439,300.0,5047
1090,1.0,0.0,3.8,164,4,62,1476,600.0,5047
1091,1.0,0.0,3.5,179,1,20,1208,600.0,5047
1092,1.0,0.0,3.9,153,28,41,427,400.0,5047
1093,1.0,0.0,3.5,79,30,20,72,600.0,5047
1094,1.0,0.0,4.1,558,4,62,1547,150.0,5047
1095,1.0,0.0,4.0,197,1,30,767,300.0,5047
1096,1.0,1.0,4.3,1129,30,20,1009,1300.0,5047
1097,1.0,0.0,4.0,89,30,62,1551,200.0,5047
1098,1.0,0.0,2.8,45,1,20,1483,800.0,5047
1099,1.0,0.0,3.7,54,4,13,359,600.0,5047
1100,1.0,1.0,4.1,442,30,60,692,1200.0,5047
1101,1.0,0.0,4.4,659,30,12,217,600.0,5047
1102,1.0,0.0,4.2,261,30,13,389,700.0,5047
1103,1.0,0.0,4.1,176,4,20,68,800.0,3310
1104,1.0,0.0,3.8,61,4,62,1021,100.0,4287
1105,1.0,0.0,3.8,75,1,62,836,200.0,246
1106,1.0,1.0,4.5,1872,0,13,394,900.0,5047
1107,1.0,0.0,4.1,30,30,9,231,100.0,5047
1108,1.0,0.0,3.6,105,1,20,1678,700.0,4856
1109,1.0,0.0,3.8,74,4,62,1589,300.0,4412
1110,1.0,0.0,4.0,136,30,62,1571,350.0,5047
1111,1.0,0.0,3.7,71,30,20,1209,450.0,5047
1112,1.0,0.0,3.9,178,28,30,767,400.0,1637
1113,1.0,0.0,3.9,233,30,20,1007,800.0,5047
1114,1.0,0.0,2.7,97,4,20,1575,400.0,5047
1115,1.0,0.0,3.8,144,1,13,533,700.0,5047
1116,1.0,0.0,2.8,137,0,62,1451,300.0,5047
1117,1.0,1.0,4.1,970,30,54,1313,1500.0,5047
1118,1.0,0.0,3.9,135,1,20,1222,800.0,5047
1119,1.0,0.0,3.7,514,4,13,458,600.0,5047
1120,1.0,0.0,3.9,914,28,4,1266,1000.0,5047
1121,1.0,0.0,2.9,177,30,20,1211,700.0,5047
1122,1.0,0.0,3.9,157,85,20,1196,450.0,5047
1123,1.0,0.0,3.9,70,1,30,846,400.0,5047
1124,1.0,0.0,3.9,247,30,13,406,400.0,5047
1125,1.0,0.0,3.6,62,1,65,985,600.0,5047
1126,1.0,0.0,3.0,57,30,62,1329,400.0,5047
1127,1.0,0.0,4.1,204,30,30,956,300.0,5047
1128,1.0,0.0,3.9,519,1,20,561,900.0,5047
1129,1.0,0.0,4.1,119,28,20,1485,800.0,5047
1130,1.0,0.0,4.1,130,30,13,473,650.0,5047
1131,1.0,0.0,2.6,208,28,20,602,650.0,5047
1132,1.0,1.0,4.0,349,1,20,1519,1200.0,1161
1133,1.0,0.0,3.3,128,1,62,1196,300.0,5047
1134,1.0,0.0,4.0,1778,30,62,1444,200.0,5047
1135,0.0,0.0,4.1,279,4,62,873,200.0,5047
1136,1.0,0.0,3.8,469,4,20,1208,750.0,5047
1137,1.0,0.0,4.3,322,30,20,1547,400.0,5047
1138,1.0,0.0,3.8,90,1,13,332,650.0,5047
1139,1.0,0.0,3.6,81,73,20,1196,500.0,4950
1140,1.0,0.0,3.9,214,0,20,1235,400.0,5047
1141,1.0,0.0,4.3,316,4,62,1547,100.0,5047
1142,1.0,0.0,3.5,56,30,30,958,400.0,5047
1143,1.0,0.0,2.6,157,30,13,346,450.0,5047
1144,1.0,1.0,4.1,553,30,20,991,900.0,5047
1145,1.0,0.0,3.9,126,30,62,1589,400.0,1785
1146,1.0,1.0,4.1,1403,28,26,1296,1100.0,5047
1147,1.0,0.0,3.0,213,1,62,1428,400.0,5047
1148,1.0,0.0,2.8,102,3,62,1196,350.0,5047
1149,1.0,0.0,3.7,178,0,62,1196,400.0,5047
1150,1.0,0.0,3.8,527,4,20,1156,500.0,5047
1151,1.0,0.0,4.6,228,30,13,359,400.0,5047
1152,1.0,0.0,3.7,158,30,20,251,700.0,5047
1153,1.0,0.0,4.0,308,30,13,388,750.0,5047
1154,0.0,0.0,3.8,148,4,22,1194,550.0,5047
1155,1.0,0.0,3.9,388,1,20,299,650.0,5047
1156,1.0,0.0,3.8,70,30,62,1451,200.0,5047
1157,1.0,0.0,3.8,42,1,62,1589,300.0,5047
1158,1.0,0.0,3.9,144,30,20,1268,550.0,3048
1159,1.0,0.0,3.6,34,28,30,956,300.0,5047
1160,1.0,0.0,4.0,507,28,19,460,1000.0,5047
1161,1.0,0.0,3.7,133,30,20,607,700.0,3706
1162,1.0,1.0,3.9,886,28,20,1156,900.0,5047
1163,1.0,0.0,3.6,129,1,20,1091,600.0,5047
1164,1.0,0.0,3.8,74,85,20,672,1000.0,4132
1165,1.0,0.0,4.1,216,4,13,391,500.0,5047
1166,1.0,0.0,4.4,181,30,9,231,250.0,5047
1167,1.0,0.0,3.9,888,1,20,1434,750.0,5047
1168,1.0,0.0,3.9,84,30,69,1121,400.0,5047
1169,1.0,0.0,3.8,160,1,20,1196,700.0,5047
1170,1.0,1.0,4.2,1901,30,13,423,800.0,5047
1171,1.0,0.0,3.9,314,30,62,1639,300.0,5047
1172,1.0,0.0,3.6,143,30,20,1554,750.0,5047
1173,1.0,0.0,3.8,286,4,20,1156,600.0,5047
1174,1.0,0.0,4.1,739,28,29,565,500.0,5047
1175,1.0,0.0,2.5,35,4,62,817,200.0,5047
1176,1.0,1.0,4.2,237,28,22,349,600.0,5047
1177,1.0,1.0,4.1,1875,30,20,1159,1200.0,5047
1178,1.0,1.0,3.8,361,30,20,291,600.0,5047
1179,1.0,1.0,4.3,548,73,20,570,1200.0,5047
1180,1.0,0.0,4.1,787,1,20,594,800.0,2924
1181,0.0,0.0,4.1,428,4,20,1451,1000.0,5047
1182,1.0,0.0,3.9,101,4,62,1547,150.0,5047
1183,1.0,0.0,4.2,150,30,20,1156,800.0,5047
1184,1.0,0.0,4.2,2353,28,20,1156,800.0,5047
1185,1.0,0.0,2.5,247,1,20,1156,500.0,5047
1186,0.0,0.0,3.7,217,4,20,1281,450.0,5047
1187,1.0,1.0,4.3,881,30,20,558,1700.0,5047
1188,1.0,0.0,4.0,232,30,62,1561,400.0,5047
1189,1.0,0.0,4.0,116,28,20,604,400.0,5047
1190,1.0,0.0,2.6,72,4,62,1589,300.0,5047
1191,0.0,0.0,3.9,206,4,62,1585,450.0,5047
1192,1.0,0.0,4.1,90,30,62,1547,100.0,5047
1193,1.0,0.0,3.4,58,4,13,436,400.0,5047
1194,0.0,0.0,3.8,148,4,62,873,150.0,5047
1195,1.0,0.0,3.9,221,30,20,521,700.0,5047
1196,1.0,1.0,4.1,775,1,20,1386,800.0,5047
1197,1.0,1.0,3.5,431,30,20,1156,800.0,5047
1198,1.0,1.0,3.8,584,30,20,1381,1200.0,5047
1199,1.0,0.0,4.0,232,4,20,1196,750.0,5047
1200,1.0,0.0,4.1,449,4,62,1628,100.0,5047
1201,1.0,0.0,3.9,200,28,62,1087,400.0,5047
1202,1.0,1.0,4.0,866,30,20,1296,900.0,5047
1203,1.0,0.0,3.8,412,30,20,77,700.0,5047
1204,1.0,0.0,3.7,117,28,62,1156,150.0,5047
1205,1.0,1.0,4.1,2339,30,20,1206,1500.0,5047
1206,1.0,1.0,4.1,353,66,20,1549,1200.0,5047
1207,1.0,0.0,3.2,96,46,62,1156,400.0,5047
1208,1.0,0.0,3.9,543,4,62,1571,300.0,5047
1209,1.0,1.0,4.0,633,1,20,1196,800.0,5047
1210,1.0,1.0,4.2,815,30,20,1196,900.0,5047
1211,1.0,0.0,3.7,59,1,62,1451,200.0,5047
1212,1.0,1.0,4.2,2022,30,20,1416,1000.0,5047
1213,1.0,0.0,4.1,179,73,20,1535,600.0,5047
1214,1.0,1.0,3.9,142,30,20,1093,1000.0,5047
1215,1.0,0.0,4.2,185,0,51,1209,300.0,5047
1216,1.0,1.0,4.4,1224,30,20,1343,1000.0,5047
1217,1.0,0.0,4.3,275,4,62,1547,100.0,5047
1218,1.0,0.0,3.8,280,30,20,283,800.0,5047
1219,1.0,0.0,3.8,122,30,20,1088,700.0,5047
1220,1.0,1.0,3.8,560,28,20,1156,800.0,5047
1221,1.0,0.0,2.9,62,30,65,548,650.0,1323
1222,0.0,1.0,3.7,151,30,46,1158,1350.0,5047
1223,1.0,0.0,4.1,139,30,20,1277,550.0,5047
1224,1.0,0.0,4.0,219,4,13,455,600.0,5047
1225,0.0,1.0,4.1,2303,30,20,1196,950.0,5047
1226,0.0,0.0,4.0,104,13,20,1196,650.0,5047
1227,0.0,0.0,3.5,334,30,20,1156,600.0,5047
1228,0.0,0.0,3.8,36,1,29,1314,400.0,5047
1229,0.0,1.0,3.8,176,30,20,1158,1350.0,5047
1230,0.0,0.0,3.5,52,1,62,1547,300.0,5047
1231,0.0,0.0,2.7,128,1,20,604,850.0,5047
1232,1.0,1.0,3.8,203,66,20,1258,1200.0,5047
1233,1.0,1.0,4.1,1077,30,20,1196,1000.0,5047
1234,1.0,0.0,3.1,68,30,62,1148,550.0,5047
1235,1.0,0.0,4.1,185,30,62,1022,200.0,5047
1236,1.0,0.0,3.9,40,4,20,1280,600.0,5047
1237,1.0,0.0,3.6,43,28,20,583,600.0,5047
1238,1.0,1.0,3.7,36,30,20,586,650.0,5047
1239,0.0,0.0,4.1,868,1,57,704,1200.0,5047
1240,0.0,1.0,3.8,235,30,20,1066,1000.0,5047
1241,0.0,0.0,3.0,98,1,4,1196,800.0,5047
1242,1.0,0.0,3.8,75,30,62,1046,300.0,5047
1243,0.0,0.0,4.3,141,30,70,1120,200.0,5047
1244,0.0,0.0,4.0,920,30,20,43,600.0,5047
1245,0.0,0.0,3.8,71,30,41,1563,1200.0,5047
1246,0.0,1.0,4.2,731,30,13,393,800.0,5047
1247,0.0,0.0,4.3,345,1,30,956,400.0,5047
1248,0.0,1.0,4.1,102,30,13,379,800.0,5047
1249,0.0,0.0,4.2,244,1,20,1000,800.0,5047
1250,0.0,0.0,4.0,1047,1,62,980,450.0,5047
1251,0.0,0.0,3.9,56,30,30,795,200.0,5047
1252,0.0,1.0,3.6,571,30,20,701,800.0,5047
1253,0.0,0.0,3.6,299,1,62,868,300.0,5047
1254,0.0,0.0,3.8,39,1,62,1563,350.0,5047
1255,0.0,0.0,4.0,62,30,13,332,150.0,5047
1256,0.0,0.0,3.2,59,30,16,436,550.0,5047
1257,0.0,0.0,4.0,147,30,30,767,400.0,5047
1258,0.0,0.0,3.7,65,1,62,873,300.0,5047
1259,1.0,0.0,3.5,41,75,44,1475,400.0,5047
1260,1.0,0.0,3.9,60,30,12,217,400.0,5047
1261,1.0,0.0,3.8,109,30,20,1196,500.0,5047
1262,1.0,0.0,3.9,193,28,20,1589,400.0,5047
1263,1.0,0.0,3.8,59,1,20,1196,750.0,5047
1264,1.0,0.0,3.8,186,28,13,339,500.0,5047
1265,0.0,0.0,4.2,502,4,0,175,150.0,5047
1266,0.0,0.0,4.3,372,4,30,956,400.0,5047
1267,0.0,0.0,4.0,98,4,70,1123,400.0,5047
1268,1.0,0.0,3.9,56,4,30,773,400.0,5047
1269,0.0,0.0,3.9,95,4,30,175,400.0,5047
1270,1.0,0.0,4.0,73,4,0,194,300.0,5047
1271,1.0,0.0,4.0,219,4,13,455,600.0,5047
1272,1.0,0.0,3.8,71,4,30,959,400.0,5047
1273,1.0,0.0,4.1,216,4,13,391,500.0,5047
1274,1.0,0.0,4.1,46,4,9,214,400.0,5047
1275,1.0,0.0,2.7,97,4,20,1575,400.0,5047
1276,0.0,1.0,4.3,633,30,16,413,800.0,5047
1277,0.0,0.0,4.5,197,30,30,956,400.0,5047
1278,0.0,0.0,4.3,141,30,70,1120,200.0,5047
1279,1.0,0.0,4.0,1778,30,62,1444,200.0,5047
1280,0.0,0.0,4.4,366,30,30,956,150.0,5047
1281,0.0,0.0,4.2,223,30,13,501,800.0,5047
1282,0.0,0.0,4.2,820,30,9,214,250.0,5047
1283,0.0,0.0,4.4,356,1,69,1116,150.0,5047
1284,1.0,0.0,4.4,356,30,30,773,400.0,5047
1285,0.0,0.0,3.9,56,30,30,795,200.0,5047
1286,1.0,0.0,4.2,95,30,11,214,400.0,5047
1287,1.0,0.0,4.2,228,30,30,181,500.0,5047
1288,1.0,0.0,3.8,152,30,30,773,350.0,5047
1289,1.0,0.0,4.1,438,30,30,791,500.0,5047
1290,0.0,0.0,4.1,108,30,13,427,700.0,5047
1291,1.0,0.0,4.3,860,1,30,789,500.0,5047
1292,1.0,0.0,3.5,56,30,30,958,400.0,5047
1293,1.0,0.0,3.7,47,30,66,844,400.0,5047
1294,1.0,0.0,3.8,918,1,16,484,800.0,5047
1295,1.0,0.0,4.0,253,30,30,773,300.0,5047
1296,1.0,0.0,3.9,210,30,11,778,400.0,5047
1297,1.0,0.0,4.1,210,30,32,214,150.0,5047
1298,1.0,0.0,3.8,144,1,13,533,700.0,5047
1299,1.0,0.0,4.2,249,30,30,773,300.0,5047
1300,0.0,0.0,4.1,59,30,30,956,200.0,5047
1301,0.0,0.0,4.0,147,30,30,767,400.0,5047
1302,1.0,0.0,3.9,70,1,30,846,400.0,5047
1303,1.0,0.0,4.1,204,30,30,956,300.0,5047
1304,1.0,0.0,3.9,750,4,20,1277,500.0,5047
1305,0.0,1.0,4.3,1037,4,20,768,1000.0,5047
1306,1.0,0.0,4.0,232,4,20,1196,750.0,5047
1307,0.0,0.0,3.8,166,4,20,1406,600.0,5047
1308,0.0,0.0,3.9,153,4,20,1547,350.0,5047
1309,1.0,1.0,4.6,1755,4,22,1468,600.0,5047
1310,0.0,0.0,4.1,428,4,20,1451,1000.0,5047
1311,1.0,0.0,3.8,469,4,20,1208,750.0,5047
1312,1.0,0.0,3.9,240,4,13,332,700.0,5047
1313,1.0,0.0,3.8,527,4,20,1156,500.0,5047
1314,1.0,0.0,4.1,364,4,20,1566,550.0,5047
1315,0.0,0.0,2.7,377,4,57,1292,1100.0,5047
1316,0.0,0.0,3.8,148,4,22,1194,550.0,5047
1317,1.0,0.0,3.8,286,4,20,1156,600.0,5047
1318,0.0,0.0,3.9,206,4,62,1585,450.0,5047
1319,0.0,0.0,3.9,133,4,20,979,650.0,5047
1320,0.0,0.0,3.6,160,4,20,56,800.0,5047
1321,1.0,0.0,4.0,219,4,13,455,600.0,5047
1322,0.0,1.0,3.7,64,4,4,878,2200.0,5047
1323,1.0,0.0,4.1,216,4,13,391,500.0,5047
1324,1.0,0.0,3.7,514,4,13,458,600.0,5047
1325,1.0,0.0,3.7,54,4,13,359,600.0,5047
1326,1.0,0.0,2.7,97,4,20,1575,400.0,5047
1327,1.0,0.0,4.1,176,4,20,68,800.0,5047
1328,1.0,0.0,3.8,540,4,20,1353,650.0,5047
1329,1.0,0.0,3.4,58,4,13,436,400.0,5047
1330,0.0,0.0,3.7,217,4,20,1281,450.0,5047
1331,0.0,0.0,3.7,61,4,20,310,600.0,5047
1332,0.0,0.0,3.9,111,4,20,1258,700.0,5047
1333,1.0,0.0,3.9,40,4,20,1280,600.0,5047
1334,0.0,0.0,3.8,55,75,44,595,300.0,5047
1335,0.0,0.0,4.5,2896,4,62,1547,250.0,5047
1336,0.0,0.0,4.4,4460,4,62,1547,150.0,5047
1337,0.0,0.0,4.8,2679,4,62,1547,100.0,5047
1338,1.0,0.0,3.9,101,4,62,1547,150.0,5047
1339,1.0,0.0,4.1,1720,4,62,1355,400.0,5047
1340,1.0,0.0,4.1,558,4,62,1547,150.0,5047
1341,1.0,0.0,4.2,64,4,62,1510,500.0,5047
1342,1.0,0.0,4.1,449,4,62,1628,100.0,5047
1343,1.0,0.0,3.8,319,4,62,322,400.0,5047
1344,0.0,0.0,3.9,100,4,62,1589,300.0,5047
1345,1.0,0.0,3.6,276,4,62,322,500.0,5047
1346,0.0,0.0,4.2,253,4,62,1547,250.0,5047
1347,1.0,0.0,4.2,444,4,62,1547,100.0,5047
1348,0.0,0.0,4.1,279,4,62,873,200.0,5047
1349,1.0,0.0,4.3,275,4,62,1547,100.0,5047
1350,0.0,0.0,4.1,238,4,62,1547,600.0,5047
1351,1.0,0.0,3.7,93,4,62,1628,200.0,5047
1352,1.0,0.0,3.8,74,4,62,1589,300.0,5047
1353,0.0,0.0,3.8,124,4,62,1574,300.0,5047
1354,1.0,0.0,3.9,770,4,62,1474,400.0,3385
1355,0.0,0.0,4.2,257,4,62,1547,150.0,5047
1356,0.0,0.0,4.2,196,4,62,1636,250.0,5047
1357,1.0,0.0,4.0,133,4,62,817,200.0,5047
1358,1.0,0.0,4.1,169,4,62,684,500.0,5047
1359,1.0,0.0,3.9,549,4,62,1571,300.0,5047
1360,0.0,0.0,4.1,181,4,62,1547,100.0,5047
1361,1.0,0.0,2.9,142,4,62,1474,750.0,5047
1362,1.0,0.0,3.9,75,4,30,792,400.0,4274
1363,0.0,0.0,4.0,53,4,62,1547,300.0,5047
1364,1.0,0.0,3.8,177,4,62,1508,500.0,5047
1365,0.0,0.0,4.2,280,4,62,1547,150.0,5047
1366,0.0,0.0,4.1,52,4,62,1547,150.0,5047
1367,1.0,0.0,3.9,142,4,62,1636,200.0,5047
1368,0.0,0.0,2.7,51,4,62,1597,600.0,5047
1369,0.0,0.0,2.5,35,4,62,817,200.0,5047
1370,0.0,0.0,4.0,65,4,62,1547,200.0,5047
1371,1.0,0.0,2.6,72,4,62,1589,300.0,5047
1372,0.0,0.0,3.8,150,4,62,873,150.0,5047
1373,1.0,0.0,3.8,166,4,62,1476,600.0,5047
1374,1.0,0.0,4.0,157,4,62,323,600.0,4927
1375,1.0,1.0,4.2,2049,30,20,1416,1000.0,5047
1376,1.0,0.0,4.5,4569,30,20,239,600.0,5047
1377,1.0,1.0,4.1,1903,30,20,1376,1200.0,5047
1378,0.0,1.0,4.1,2359,30,20,1196,950.0,5047
1379,1.0,1.0,4.3,1302,30,22,922,800.0,5047
1380,1.0,1.0,4.1,2365,30,20,1206,1500.0,5047
1381,0.0,1.0,4.3,1278,30,21,1480,1000.0,5047
1382,1.0,0.0,4.2,109,30,20,129,800.0,5047
1383,1.0,1.0,4.1,336,30,20,651,700.0,5047
1384,1.0,1.0,4.3,1161,30,20,1009,1300.0,5047
1385,0.0,0.0,4.2,760,30,62,1552,350.0,5047
1386,1.0,0.0,4.0,201,30,20,1156,800.0,5047
1387,1.0,0.0,3.7,429,30,20,77,700.0,5047
1388,0.0,0.0,4.2,737,30,13,332,500.0,5047
1389,1.0,1.0,4.1,682,30,21,50,1000.0,5047
1390,1.0,1.0,4.1,1008,30,54,1313,1500.0,3680
1391,1.0,0.0,4.1,825,30,13,437,400.0,5047
1392,1.0,0.0,4.2,325,1,62,1156,350.0,5047
1393,1.0,0.0,4.4,5060,30,20,1402,750.0,2114
1394,1.0,1.0,4.1,804,1,20,1386,800.0,5047
1395,1.0,1.0,4.0,884,30,20,1296,900.0,5047
1396,0.0,0.0,4.0,950,30,20,43,600.0,5047
1397,1.0,0.0,4.1,631,30,20,288,750.0,4357
1398,0.0,1.0,4.2,731,30,13,393,800.0,5047
1399,1.0,1.0,4.1,442,30,60,692,1200.0,5047
1400,1.0,1.0,4.2,354,1,20,151,800.0,5047
1401,0.0,1.0,4.1,102,30,13,379,800.0,5047
1402,1.0,1.0,4.1,364,30,20,1665,1200.0,5047
1403,1.0,0.0,4.0,465,30,20,1597,600.0,5047
1404,1.0,0.0,3.8,242,30,20,1089,650.0,5047
1405,1.0,1.0,4.2,2115,1,20,1481,800.0,5047
1406,0.0,0.0,4.2,223,30,13,501,800.0,5047
1407,1.0,0.0,4.3,322,30,20,1547,400.0,5047
1408,1.0,1.0,4.1,1063,30,21,987,1200.0,5047
1409,1.0,0.0,4.4,181,30,9,231,250.0,5047
1410,0.0,0.0,4.2,244,1,20,1000,800.0,5047
1411,0.0,0.0,3.9,284,30,20,1277,450.0,5047
1412,1.0,0.0,3.9,221,30,20,521,700.0,5047
1413,0.0,0.0,4.1,868,1,57,704,1200.0,5047
1414,0.0,0.0,4.1,707,30,13,445,850.0,5047
1415,1.0,0.0,4.2,261,30,13,389,700.0,5047
1416,0.0,1.0,3.8,977,1,46,878,1300.0,5047
1417,1.0,1.0,4.2,150,1,13,462,600.0,5047
1418,1.0,1.0,4.2,1901,30,13,423,800.0,5047
1419,0.0,0.0,4.0,104,13,20,1196,650.0,5047
1420,1.0,0.0,4.0,324,1,13,462,700.0,5047
1421,1.0,0.0,4.6,228,30,13,359,400.0,5047
1422,1.0,0.0,4.2,504,1,13,485,550.0,5047
1423,0.0,1.0,4.0,370,30,20,1309,1000.0,5047
1424,1.0,0.0,4.2,1647,1,20,609,600.0,5047
1425,1.0,0.0,4.1,130,30,13,473,650.0,5047
1426,1.0,1.0,4.2,815,30,20,1196,900.0,5047
1427,0.0,0.0,4.2,380,30,62,266,400.0,5047
1428,0.0,1.0,3.6,571,30,20,701,800.0,5047
1429,1.0,1.0,3.5,431,30,20,1156,800.0,5047
1430,1.0,0.0,4.0,1778,30,62,1444,200.0,5047
1431,0.0,0.0,4.1,108,30,13,427,700.0,5047
1432,1.0,0.0,4.0,136,30,62,1571,350.0,5047
1433,1.0,1.0,4.1,553,30,20,991,900.0,5047
1434,1.0,0.0,3.9,135,1,20,1222,800.0,5047
1435,1.0,0.0,3.8,918,1,16,484,800.0,5047
1436,1.0,0.0,3.8,59,1,20,1196,750.0,5047
1437,0.0,0.0,3.8,71,30,41,1563,1200.0,5047
1438,1.0,0.0,3.9,233,30,20,1007,800.0,5047
1439,1.0,0.0,3.6,105,1,20,1678,700.0,5047
1440,1.0,0.0,3.8,155,30,20,1597,450.0,5047
1441,0.0,0.0,4.4,134,30,62,1547,150.0,5047
1442,1.0,0.0,3.8,90,1,13,332,650.0,5047
1443,1.0,0.0,3.0,73,73,20,1156,500.0,5047
1444,1.0,0.0,3.9,144,30,20,1268,550.0,5047
1445,0.0,1.0,3.7,151,30,46,1158,1350.0,5047
1446,0.0,0.0,4.0,1047,1,62,980,450.0,5047
1447,1.0,1.0,4.0,633,1,20,1196,800.0,5047
1448,0.0,0.0,3.5,334,30,20,1156,600.0,5047
1449,0.0,0.0,3.8,68,13,62,1181,400.0,5047
1450,1.0,0.0,3.9,49,30,62,1587,200.0,5047
1451,0.0,0.0,4.2,421,30,62,1547,100.0,5047
1452,1.0,0.0,3.8,339,30,62,1589,400.0,5047
1453,1.0,0.0,3.8,144,1,13,533,700.0,5047
1454,1.0,0.0,3.9,888,1,20,1434,750.0,5047
1455,0.0,1.0,3.8,235,30,20,1066,1000.0,5047
1456,0.0,0.0,3.8,46,30,13,332,400.0,5047
1457,1.0,0.0,3.8,577,30,20,1421,900.0,5047
1458,1.0,0.0,3.9,211,30,20,840,500.0,5047
1459,0.0,0.0,4.4,343,1,62,1547,100.0,5047
1460,1.0,0.0,4.0,232,30,62,1561,400.0,5047
1461,1.0,0.0,3.7,47,30,66,844,400.0,5047
1462,1.0,0.0,3.8,74,85,20,672,1000.0,5047
1463,0.0,1.0,3.7,44,30,20,1229,550.0,5047
1464,1.0,0.0,4.1,139,30,20,1277,550.0,5047
1465,0.0,0.0,3.8,70,1,62,821,500.0,5047
1466,1.0,0.0,4.1,337,30,62,547,300.0,5047
1467,1.0,0.0,3.7,133,30,20,607,700.0,5047
1468,1.0,0.0,3.8,109,30,20,1196,500.0,5047
1469,0.0,0.0,4.1,52,30,62,1547,100.0,5047
1470,1.0,1.0,3.9,142,30,20,1093,1000.0,5047
1471,1.0,0.0,3.9,134,30,62,1647,400.0,5047
1472,0.0,1.0,3.8,176,30,20,1158,1350.0,5047
1473,1.0,1.0,3.9,291,30,13,368,650.0,5047
1474,0.0,0.0,3.9,88,1,62,1547,250.0,5047
1475,0.0,0.0,3.8,265,30,62,1600,250.0,5047
1476,1.0,0.0,3.6,84,1,62,1589,250.0,5047
1477,0.0,0.0,3.8,189,1,62,1547,300.0,5047
1478,1.0,0.0,3.0,213,1,62,1428,400.0,5047
1479,0.0,0.0,3.8,39,1,62,1563,350.0,5047
1480,0.0,0.0,3.6,71,1,62,1416,250.0,5047
1481,1.0,1.0,3.8,584,30,20,1381,1200.0,5047
1482,1.0,1.0,3.7,36,30,20,586,650.0,5047
1483,1.0,0.0,3.0,290,1,62,1215,450.0,5047
1484,0.0,0.0,3.3,55,30,62,1547,150.0,5047
1485,1.0,0.0,2.6,157,30,13,346,450.0,5047
1486,1.0,0.0,2.9,177,30,20,1211,700.0,5047
1487,1.0,0.0,2.8,45,1,20,1483,800.0,5047
1488,1.0,0.0,3.3,128,1,62,1196,300.0,5047
1489,0.0,0.0,3.8,39,30,62,1587,250.0,5047
1490,1.0,0.0,3.5,41,75,44,1475,400.0,5047
1491,1.0,0.0,3.7,237,1,62,1571,200.0,5047
1492,1.0,0.0,3.9,134,30,62,866,350.0,5047
1493,1.0,0.0,4.1,414,30,62,330,500.0,5047
1494,0.0,0.0,3.8,62,1,62,1561,150.0,5047
1495,1.0,0.0,3.5,179,1,20,1208,600.0,5047
1496,1.0,0.0,3.7,97,30,62,1386,350.0,5047
1497,0.0,0.0,4.1,94,1,62,1547,100.0,5047
1498,0.0,0.0,3.4,133,30,62,1589,300.0,5047
1499,1.0,0.0,2.9,62,30,65,548,650.0,5047
1500,0.0,0.0,3.0,98,1,4,1196,800.0,5047
1501,0.0,0.0,2.7,128,1,20,604,850.0,5047
1502,1.0,0.0,3.5,80,1,62,1670,250.0,5047
1503,0.0,0.0,3.7,65,1,62,873,300.0,5047
1504,0.0,0.0,3.5,52,1,62,1547,300.0,5047
1505,1.0,0.0,3.6,195,30,20,597,800.0,5047
1506,0.0,0.0,4.0,42,1,62,1615,300.0,5047
1507,0.0,0.0,3.7,168,30,13,437,400.0,5047
1508,1.0,0.0,3.7,323,30,20,609,850.0,5047
1509,0.0,1.0,4.3,1236,30,21,1480,1000.0,5047
1510,0.0,0.0,2.7,377,4,57,1292,1100.0,5047
1511,0.0,1.0,3.7,64,4,4,878,2200.0,5047
1512,1.0,1.0,4.1,970,30,54,1313,1500.0,5047
1513,1.0,1.0,4.1,442,30,60,692,1200.0,5047
1514,0.0,0.0,4.1,868,1,57,704,1200.0,5047
1515,0.0,1.0,3.8,977,1,46,878,1300.0,5047
1516,0.0,1.0,3.7,151,30,46,1158,1350.0,5047
1517,0.0,1.0,3.8,235,30,20,1066,1000.0,5047
1518,0.0,0.0,3.0,98,1,4,1196,800.0,5047
1519,0.0,1.0,3.9,284,6,20,1440,1500.0,5047
1520,1.0,1.0,4.4,4099,71,21,1527,1400.0,5047
1521,0.0,1.0,4.2,271,6,20,155,2000.0,5047
1522,1.0,1.0,4.1,3020,6,20,1398,1000.0,5047
1523,1.0,1.0,4.4,2182,6,5,1227,1400.0,5047
1524,0.0,1.0,4.3,403,6,20,1297,1800.0,5047
1525,1.0,0.0,4.0,444,6,20,1156,1200.0,5047
1526,1.0,1.0,3.9,392,6,4,282,1500.0,5047
1527,0.0,1.0,3.6,255,6,46,1397,1500.0,5047
1528,1.0,1.0,4.1,1691,6,21,1156,1100.0,5047
1529,1.0,1.0,3.7,37,6,20,589,1500.0,5047
1530,0.0,0.0,3.0,120,6,20,1345,1000.0,5047
1531,0.0,0.0,3.5,95,6,20,556,700.0,5047
1532,0.0,0.0,3.0,155,6,20,1181,800.0,5047
1533,0.0,0.0,3.8,46,6,49,898,2000.0,5047
1534,0.0,1.0,4.8,7023,53,21,1324,1500.0,5047
1535,1.0,1.0,4.4,4099,71,21,1527,1400.0,5047
1536,0.0,1.0,4.5,3421,53,20,1394,1300.0,5047
1537,0.0,1.0,4.7,881,71,20,813,1600.0,5047
1538,1.0,1.0,4.3,994,71,20,130,1300.0,5047
1539,0.0,0.0,4.3,1303,53,20,1303,1000.0,5047
1540,0.0,1.0,4.7,163,71,5,910,1500.0,5047
1541,0.0,0.0,3.9,1225,71,20,1363,1100.0,5047
1542,1.0,1.0,4.3,715,71,20,1002,1500.0,5047
1543,1.0,1.0,4.0,942,71,57,669,1300.0,5047
1544,1.0,0.0,4.3,754,71,20,1494,500.0,5047
1545,0.0,0.0,3.0,197,71,20,1196,700.0,5047
1546,0.0,1.0,3.9,52,71,46,766,1900.0,5047
1547,1.0,0.0,4.0,107,6,13,450,400.0,5047
1548,1.0,0.0,3.6,136,6,3,193,600.0,5047
1549,1.0,0.0,3.1,48,6,13,436,900.0,5047
1550,1.0,0.0,4.0,74,6,17,433,600.0,5047
1551,0.0,0.0,3.7,47,6,13,332,500.0,5047
1552,0.0,0.0,3.8,114,6,13,434,550.0,5047
1553,1.0,1.0,4.0,341,6,13,374,1000.0,5047
1554,1.0,0.0,4.3,556,71,33,955,500.0,5047
1555,1.0,0.0,4.3,894,71,13,464,600.0,5047
1556,1.0,0.0,4.3,149,71,13,473,800.0,5047
1557,1.0,0.0,3.7,94,53,13,360,700.0,5047
1558,1.0,0.0,4.4,632,6,29,930,500.0,2312
1559,1.0,0.0,3.4,414,53,62,1196,400.0,5047
1560,1.0,0.0,3.9,146,6,20,1186,650.0,71
1561,1.0,0.0,4.1,166,6,72,1392,500.0,5047
1562,1.0,0.0,3.2,113,53,29,923,450.0,5047
1563,1.0,0.0,3.8,240,6,62,1597,200.0,2721
1564,1.0,0.0,2.9,313,6,62,1196,450.0,5047
1565,1.0,0.0,3.3,294,71,62,1055,400.0,5047
1566,1.0,0.0,4.3,166,22,29,1156,400.0,564
1567,1.0,0.0,4.4,278,71,29,1340,400.0,5047
1568,1.0,0.0,3.8,230,53,62,197,300.0,535
1569,1.0,0.0,3.9,782,22,62,1196,300.0,5047
1570,1.0,0.0,2.9,248,6,62,1196,400.0,5047
1571,1.0,0.0,3.8,62,71,62,322,500.0,5047
1572,1.0,0.0,4.0,532,6,62,1196,300.0,5047
1573,1.0,0.0,4.5,141,22,30,773,400.0,5047
1574,1.0,0.0,3.8,68,53,62,227,200.0,5047
1575,1.0,1.0,4.0,533,22,20,1156,600.0,5047
1576,1.0,0.0,4.2,258,71,20,1451,700.0,5047
1577,1.0,0.0,4.2,3334,53,20,304,600.0,5047
1578,1.0,0.0,3.9,1233,6,20,1288,500.0,5047
1579,1.0,1.0,3.8,188,71,20,98,800.0,5047
1580,1.0,0.0,3.8,419,6,20,238,900.0,5047
1581,1.0,0.0,3.8,2084,6,20,1402,750.0,5047
1582,1.0,0.0,3.7,833,53,20,286,550.0,5047
1583,1.0,0.0,4.0,152,6,69,1121,400.0,5047
1584,1.0,0.0,3.8,87,22,62,1235,400.0,3152
1585,1.0,0.0,2.9,666,53,20,117,800.0,5047
1586,1.0,0.0,3.9,105,53,30,959,400.0,5047
1587,1.0,0.0,3.9,214,6,62,235,400.0,5047
1588,1.0,0.0,4.0,77,6,62,1589,300.0,101
1589,1.0,0.0,3.8,132,71,62,302,300.0,5047
1590,1.0,0.0,4.2,567,22,20,1300,550.0,5047
1591,1.0,0.0,4.1,164,6,72,1465,600.0,5047
1592,1.0,0.0,4.0,316,22,12,1652,250.0,437
1593,1.0,1.0,4.4,3738,22,22,1468,600.0,5047
1594,1.0,0.0,3.9,343,22,62,1156,300.0,5047
1595,1.0,0.0,3.8,62,53,20,1589,400.0,2713
1596,1.0,0.0,4.1,87,71,29,1156,300.0,138
1597,1.0,0.0,3.8,44,71,29,282,600.0,5047
1598,1.0,0.0,4.0,894,6,20,266,750.0,5047
1599,1.0,0.0,3.8,832,71,29,271,650.0,5047
1600,1.0,1.0,4.0,903,53,20,45,750.0,5047
1601,1.0,0.0,3.2,380,71,62,322,450.0,5047
1602,1.0,0.0,3.8,798,53,29,1429,450.0,5047
1603,1.0,0.0,3.4,692,6,20,1523,600.0,5047
1604,1.0,0.0,3.8,135,71,20,1589,400.0,2726
1605,1.0,0.0,4.0,230,6,20,1156,950.0,5047
1606,1.0,0.0,3.5,79,53,62,558,400.0,5047
1607,1.0,0.0,4.0,357,71,29,235,650.0,5047
1608,1.0,0.0,4.1,152,22,29,1156,400.0,1947
1609,1.0,0.0,3.9,75,6,2,181,500.0,5047
1610,1.0,0.0,3.9,94,6,62,1033,200.0,5047
1611,1.0,0.0,3.3,200,6,62,1382,450.0,5047
1612,1.0,0.0,2.8,188,22,20,1196,400.0,5047
1613,1.0,0.0,3.1,226,53,20,1591,500.0,5047
1614,1.0,0.0,2.8,105,6,62,1474,600.0,5047
1615,1.0,1.0,3.7,194,71,20,1156,800.0,5047
1616,1.0,0.0,3.5,378,6,62,1247,500.0,4310
1617,1.0,0.0,3.9,432,71,29,1181,450.0,5047
1618,1.0,0.0,3.7,63,58,29,1196,300.0,5047
1619,1.0,1.0,3.9,225,53,20,1182,800.0,5047
1620,1.0,0.0,4.3,220,71,29,28,600.0,3263
1621,1.0,0.0,4.1,88,71,29,1113,600.0,5047
1622,1.0,0.0,4.0,444,6,20,1156,1200.0,5047
1623,1.0,0.0,2.9,827,71,20,113,800.0,5047
1624,1.0,0.0,4.1,193,6,62,1190,500.0,5047
1625,1.0,0.0,4.2,233,71,62,220,150.0,5047
1626,1.0,0.0,3.7,404,6,20,1597,500.0,152
1627,1.0,0.0,4.6,1193,71,5,32,1500.0,5047
1628,1.0,1.0,4.4,4099,71,21,1527,1400.0,5047
1629,1.0,0.0,3.9,78,22,62,84,300.0,5047
1630,1.0,1.0,3.8,571,53,20,1183,600.0,5047
1631,1.0,0.0,3.5,116,22,20,58,600.0,5047
1632,1.0,1.0,4.3,996,6,20,722,1200.0,5047
1633,1.0,0.0,4.3,490,6,2,185,500.0,5047
1634,1.0,0.0,2.3,235,6,20,1156,800.0,5047
1635,1.0,0.0,3.6,48,6,29,42,400.0,5047
1636,1.0,0.0,4.0,717,53,20,941,800.0,5047
1637,1.0,1.0,4.3,994,71,20,130,1300.0,5047
1638,1.0,1.0,4.9,16345,71,52,740,1600.0,5047
1639,1.0,1.0,4.5,125,71,20,1081,700.0,5047
1640,1.0,1.0,4.5,1365,6,21,40,1800.0,5047
1641,1.0,0.0,4.3,754,71,20,1494,500.0,5016
1642,1.0,0.0,3.5,178,22,62,1638,300.0,5047
1643,1.0,0.0,3.5,234,22,62,1600,400.0,2687
1644,1.0,0.0,4.0,107,6,13,450,400.0,4815
1645,1.0,0.0,4.1,103,22,62,1335,800.0,5047
1646,1.0,1.0,4.4,1209,53,21,1156,1100.0,5047
1647,1.0,0.0,4.0,167,53,62,817,400.0,5047
1648,1.0,1.0,3.8,157,6,20,527,600.0,5047
1649,1.0,0.0,3.7,309,22,20,197,600.0,5047
1650,1.0,1.0,4.4,1381,71,54,894,1500.0,5047
1651,1.0,0.0,3.9,667,22,20,292,800.0,5047
1652,1.0,0.0,4.1,433,22,13,394,750.0,5047
1653,1.0,0.0,3.9,70,71,29,918,600.0,5047
1654,1.0,0.0,3.8,77,22,62,1460,350.0,5047
1655,1.0,0.0,4.0,175,6,2,181,300.0,5047
1656,1.0,0.0,3.9,370,6,20,280,550.0,5047
1657,1.0,1.0,4.0,557,53,20,1196,900.0,5047
1658,1.0,0.0,3.6,42,53,72,1196,300.0,5047
1659,1.0,0.0,3.1,281,22,62,1355,400.0,5047
1660,1.0,0.0,4.3,49,6,62,1030,250.0,5047
1661,1.0,0.0,4.1,65,6,72,1628,100.0,2750
1662,1.0,1.0,4.4,3061,53,21,1350,1500.0,5047
1663,1.0,0.0,3.6,260,6,62,1474,800.0,5047
1664,1.0,0.0,4.0,60,6,9,217,600.0,5047
1665,1.0,0.0,3.9,231,71,29,1296,500.0,250
1666,1.0,1.0,4.2,1142,22,20,1018,1800.0,5047
1667,1.0,0.0,3.9,715,22,20,977,1000.0,5047
1668,1.0,0.0,3.0,237,26,29,1465,500.0,5047
1669,1.0,0.0,4.2,45,53,62,1156,250.0,272
1670,1.0,0.0,3.0,111,6,62,1501,400.0,5047
1671,1.0,0.0,3.9,396,22,20,604,850.0,5047
1672,1.0,0.0,3.7,160,71,20,1033,500.0,5047
1673,1.0,0.0,4.3,555,6,20,1124,1800.0,5047
1674,1.0,1.0,3.9,42,71,62,305,500.0,5047
1675,1.0,0.0,3.4,262,71,20,1033,450.0,5047
1676,1.0,1.0,4.1,1056,22,21,992,1200.0,5047
1677,1.0,0.0,3.9,112,22,62,323,600.0,5047
1678,1.0,1.0,4.0,797,22,13,462,700.0,226
1679,1.0,0.0,2.4,438,22,20,521,1000.0,5047
1680,1.0,0.0,3.8,210,22,62,1027,200.0,4663
1681,1.0,0.0,3.6,44,71,13,417,600.0,5047
1682,1.0,0.0,3.7,33,22,72,232,400.0,5047
1683,1.0,1.0,4.1,1691,6,21,1156,1100.0,5047
1684,1.0,0.0,4.3,556,71,33,955,500.0,5047
1685,1.0,1.0,4.1,481,71,20,63,900.0,5047
1686,1.0,0.0,3.8,34,53,62,1156,150.0,289
1687,1.0,0.0,2.9,163,6,68,1455,250.0,5047
1688,1.0,1.0,4.3,715,71,20,1002,1500.0,5047
1689,1.0,0.0,4.0,65,22,69,1121,200.0,5047
1690,1.0,0.0,4.2,166,6,62,1196,450.0,5047
1691,1.0,1.0,4.0,547,22,20,1375,1000.0,5047
1692,1.0,0.0,3.0,139,53,20,1423,450.0,111
1693,1.0,0.0,4.3,787,22,20,168,1000.0,5047
1694,1.0,0.0,4.0,55,22,62,974,500.0,5047
1695,1.0,0.0,4.0,250,6,62,1156,250.0,5047
1696,1.0,0.0,3.2,204,71,20,1185,500.0,5047
1697,1.0,0.0,2.9,361,22,20,1197,450.0,5047
1698,1.0,1.0,3.9,661,53,20,1232,750.0,5047
1699,1.0,0.0,4.1,268,6,20,528,800.0,5047
1700,1.0,0.0,4.0,200,22,29,1465,750.0,5047
1701,1.0,0.0,3.9,228,22,30,789,500.0,5047
1702,1.0,1.0,4.4,889,71,20,1065,1400.0,5047
1703,1.0,0.0,4.0,74,6,17,433,600.0,5047
1704,1.0,0.0,2.6,155,71,20,1384,600.0,5047
1705,1.0,0.0,4.0,44,71,62,1453,300.0,2995
1706,1.0,0.0,3.2,258,6,62,322,500.0,5047
1707,1.0,0.0,3.8,133,6,62,817,200.0,5047
1708,1.0,0.0,2.8,95,6,20,1387,500.0,5047
1709,1.0,0.0,3.7,48,6,62,1156,400.0,2830
1710,1.0,0.0,3.2,97,71,62,1573,250.0,107
1711,1.0,0.0,3.7,44,6,30,773,900.0,5047
1712,1.0,1.0,4.0,341,6,13,374,1000.0,5047
1713,1.0,0.0,3.3,84,6,62,1628,200.0,5047
1714,1.0,0.0,3.6,109,71,20,1145,700.0,5047
1715,1.0,0.0,4.0,162,22,62,85,500.0,5047
1716,1.0,1.0,4.4,1146,53,60,1228,1200.0,5047
1717,1.0,0.0,4.4,536,58,29,769,600.0,5047
1718,1.0,0.0,4.1,39,53,62,1640,200.0,3688
1719,0.0,0.0,4.0,213,6,20,565,400.0,5047
1720,1.0,1.0,4.2,1383,22,21,742,1100.0,5047
1721,1.0,0.0,2.9,89,6,62,873,350.0,5047
1722,1.0,0.0,3.7,182,6,62,1445,400.0,5047
1723,1.0,0.0,4.1,129,22,30,773,350.0,5047
1724,0.0,0.0,4.0,246,6,20,1156,1200.0,5047
1725,1.0,0.0,3.7,34,6,29,1196,450.0,5047
1726,1.0,0.0,3.2,44,71,62,1476,600.0,5047
1727,1.0,0.0,3.8,376,6,29,1156,600.0,5047
1728,1.0,1.0,3.9,392,6,4,282,1500.0,5047
1729,1.0,1.0,4.2,340,53,20,170,1700.0,5047
1730,1.0,0.0,3.8,54,53,62,1386,400.0,5047
1731,1.0,0.0,3.6,26,53,62,1196,250.0,5047
1732,1.0,0.0,3.2,127,6,62,1156,400.0,5047
1733,1.0,0.0,3.6,136,6,3,193,600.0,5047
1734,1.0,1.0,4.1,322,71,26,3,1200.0,5047
1735,1.0,0.0,4.1,248,71,20,615,800.0,5047
1736,1.0,1.0,4.4,2182,6,5,1227,1400.0,5047
1737,1.0,0.0,3.0,137,75,71,1341,650.0,5047
1738,1.0,0.0,4.3,324,22,30,956,180.0,5047
1739,1.0,0.0,4.0,119,22,12,217,400.0,5047
1740,1.0,0.0,3.8,1972,53,20,50,650.0,5047
1741,1.0,0.0,4.0,57,6,30,956,300.0,5047
1742,1.0,0.0,2.9,243,71,62,1268,300.0,5047
1743,1.0,0.0,3.7,48,6,45,1496,400.0,5047
1744,1.0,1.0,4.2,7193,71,56,705,1400.0,5047
1745,1.0,0.0,3.7,39,71,62,962,200.0,5047
1746,1.0,0.0,3.8,72,6,45,956,300.0,5047
1747,1.0,0.0,2.9,182,6,20,1161,800.0,5047
1748,1.0,0.0,3.9,222,71,20,286,800.0,5047
1749,1.0,0.0,3.8,116,53,72,1070,150.0,5047
1750,1.0,0.0,4.2,793,6,26,800,1700.0,5047
1751,1.0,0.0,3.0,289,6,20,1476,500.0,5047
1752,1.0,0.0,3.9,337,22,62,1196,500.0,5047
1753,1.0,1.0,4.1,3020,6,20,1398,1000.0,5047
1754,1.0,0.0,3.8,81,71,0,181,300.0,5047
1755,1.0,0.0,4.0,136,71,13,332,500.0,5047
1756,1.0,1.0,4.0,387,22,16,421,1300.0,5047
1757,1.0,1.0,4.0,942,71,57,669,1300.0,5047
1758,1.0,0.0,3.7,132,53,20,1156,750.0,5047
1759,0.0,0.0,3.8,368,6,20,1409,600.0,5047
1760,0.0,0.0,4.1,83,6,30,956,200.0,5047
1761,1.0,0.0,3.8,174,22,62,1475,400.0,5047
1762,1.0,0.0,4.3,269,71,0,184,750.0,5047
1763,1.0,0.0,3.8,46,71,20,1540,600.0,5047
1764,1.0,0.0,3.8,91,53,20,1272,750.0,5047
1765,1.0,0.0,3.8,60,22,62,108,400.0,5047
1766,1.0,0.0,3.2,135,71,62,258,400.0,5047
1767,1.0,0.0,3.6,484,22,16,476,700.0,5047
1768,1.0,0.0,4.3,894,71,13,464,600.0,5020
1769,1.0,0.0,4.0,600,22,20,124,800.0,5047
1770,1.0,1.0,3.7,37,6,20,589,1500.0,5047
1771,1.0,0.0,3.0,106,6,20,1196,500.0,5047
1772,0.0,0.0,2.7,39,6,41,1114,330.0,5047
1773,1.0,0.0,3.2,61,71,62,1327,250.0,258
1774,1.0,0.0,3.1,117,71,20,1196,550.0,5047
1775,0.0,0.0,3.7,128,6,3,191,600.0,5047
1776,1.0,0.0,3.9,1240,22,21,1102,1400.0,5047
1777,1.0,0.0,4.3,149,71,13,473,800.0,5047
1778,0.0,0.0,3.6,336,6,20,1185,600.0,5047
1779,0.0,0.0,2.3,131,6,20,80,800.0,5047
1780,1.0,0.0,3.7,66,6,20,1185,550.0,5047
1781,1.0,0.0,3.8,106,71,71,1547,200.0,3707
1782,0.0,0.0,2.8,43,6,62,282,500.0,5047
1783,0.0,0.0,3.5,95,6,20,556,700.0,5047
1784,1.0,0.0,3.7,94,53,13,360,700.0,5047
1785,1.0,0.0,3.6,76,6,72,83,300.0,5047
1786,1.0,0.0,3.8,138,22,30,789,500.0,5047
1787,1.0,0.0,3.7,500,38,29,1423,500.0,5047
1788,1.0,0.0,3.5,356,6,29,1196,500.0,5047
1789,0.0,0.0,2.1,337,6,20,1156,450.0,5047
1790,1.0,0.0,3.9,36,71,29,1156,400.0,5047
1791,1.0,0.0,4.2,500,71,13,411,800.0,4576
1792,1.0,0.0,3.5,435,38,29,1429,500.0,5047
1793,0.0,0.0,3.0,155,6,20,1181,800.0,5047
1794,0.0,0.0,2.8,116,6,41,207,400.0,5047
1795,0.0,0.0,3.2,59,6,20,1422,550.0,5047
1796,0.0,0.0,3.8,114,6,13,434,550.0,5047
1797,0.0,0.0,3.8,63,6,29,856,150.0,5047
1798,1.0,0.0,3.6,151,17,29,1004,450.0,5047
1799,1.0,0.0,4.0,353,71,29,1209,500.0,5047
1800,1.0,0.0,3.1,100,22,13,465,650.0,5047
1801,0.0,0.0,3.9,177,71,30,769,300.0,5047
1802,1.0,1.0,3.9,218,53,20,1413,750.0,5047
1803,0.0,1.0,4.3,1585,71,54,689,1500.0,5047
1804,1.0,0.0,4.1,111,6,30,769,600.0,5047
1805,1.0,0.0,3.8,80,6,62,1156,300.0,5047
1806,1.0,0.0,3.7,122,22,62,1285,300.0,5047
1807,1.0,0.0,4.0,92,22,30,949,100.0,5047
1808,1.0,0.0,3.7,40,22,62,1632,150.0,5047
1809,0.0,0.0,4.2,267,71,70,1121,400.0,5047
1810,0.0,1.0,4.0,119,71,20,1196,1000.0,5047
1811,0.0,0.0,3.8,111,53,20,1196,600.0,5047
1812,0.0,0.0,3.0,197,71,20,1196,700.0,5047
1813,0.0,0.0,3.5,68,71,62,1156,250.0,5047
1814,0.0,0.0,2.9,108,71,20,64,800.0,5047
1815,0.0,0.0,3.5,132,71,62,868,300.0,5047
1816,1.0,0.0,3.8,117,71,72,631,600.0,5047
1817,1.0,0.0,4.3,490,6,2,185,500.0,4817
1818,1.0,0.0,4.0,175,6,2,181,300.0,5047
1819,1.0,0.0,4.0,152,6,69,1121,400.0,2402
1820,1.0,0.0,4.4,632,6,29,930,500.0,2310
1821,0.0,0.0,4.1,83,6,30,956,200.0,5047
1822,1.0,0.0,3.9,1233,6,20,1288,500.0,3797
1823,1.0,0.0,4.2,213,6,30,959,400.0,5047
1824,1.0,0.0,2.9,163,6,68,1455,250.0,4097
1825,1.0,0.0,3.6,136,6,3,193,600.0,5047
1826,1.0,0.0,3.9,75,6,2,181,500.0,5047
1827,1.0,0.0,4.1,111,6,30,769,600.0,5047
1828,0.0,0.0,3.7,128,6,3,191,600.0,5047
1829,1.0,0.0,3.7,44,6,30,773,900.0,5047
1830,1.0,0.0,3.8,72,6,45,956,300.0,5047
1831,1.0,0.0,4.0,74,6,17,433,600.0,5047
1832,1.0,0.0,4.3,556,71,33,955,500.0,5047
1833,0.0,0.0,4.2,267,71,70,1121,400.0,5047
1834,1.0,0.0,4.3,269,71,0,184,750.0,5047
1835,0.0,0.0,4.3,384,71,30,956,150.0,5047
1836,1.0,0.0,3.7,94,53,13,360,700.0,5047
1837,1.0,0.0,3.8,81,71,0,181,300.0,5047
1838,0.0,0.0,3.9,177,71,30,769,300.0,5047
1839,0.0,0.0,3.9,75,71,30,956,350.0,5047
1840,1.0,0.0,3.9,93,71,0,181,500.0,1646
1841,0.0,1.0,4.2,271,6,20,155,2000.0,5047
1842,0.0,1.0,3.9,284,6,20,1440,1500.0,5047
1843,1.0,1.0,4.1,1691,6,21,1156,1100.0,5047
1844,1.0,1.0,4.1,3020,6,20,1398,1000.0,5047
1845,1.0,0.0,4.3,555,6,20,1124,1800.0,5047
1846,1.0,0.0,4.2,793,6,26,800,1700.0,5047
1847,1.0,1.0,4.5,1365,6,21,40,1800.0,5047
1848,1.0,1.0,4.4,2182,6,5,1227,1400.0,5047
1849,1.0,0.0,4.0,894,6,20,266,750.0,5047
1850,1.0,1.0,4.3,996,6,20,722,1200.0,5047
1851,0.0,0.0,4.2,308,6,20,1156,800.0,5047
1852,0.0,1.0,4.3,403,6,20,1297,1800.0,5047
1853,1.0,0.0,4.0,444,6,20,1156,1200.0,840
1854,1.0,0.0,4.0,230,6,20,1156,950.0,4390
1855,1.0,0.0,4.0,60,6,9,217,600.0,4085
1856,0.0,0.0,4.0,213,6,20,565,400.0,5047
1857,0.0,0.0,4.0,225,6,20,1156,700.0,5047
1858,1.0,0.0,3.4,692,6,20,1523,600.0,5047
1859,1.0,0.0,3.8,2084,6,20,1402,750.0,5047
1860,1.0,1.0,3.9,392,6,4,282,1500.0,5047
1861,1.0,0.0,3.7,404,6,20,1597,500.0,3995
1862,0.0,1.0,3.6,255,6,46,1397,1500.0,5047
1863,0.0,0.0,4.0,246,6,20,1156,1200.0,5047
1864,1.0,0.0,4.0,152,6,69,1121,400.0,2402
1865,0.0,0.0,3.8,368,6,20,1409,600.0,5047
1866,1.0,0.0,3.8,419,6,20,238,900.0,5047
1867,1.0,0.0,4.0,107,6,13,450,400.0,4814
1868,1.0,0.0,4.1,268,6,20,528,800.0,5047
1869,1.0,0.0,3.0,289,6,20,1476,500.0,5047
1870,1.0,0.0,3.9,146,6,20,1186,650.0,70
1871,1.0,0.0,3.9,1233,6,20,1288,500.0,3798
1872,1.0,1.0,3.7,37,6,20,589,1500.0,5047
1873,1.0,0.0,2.9,182,6,20,1161,800.0,5047
1874,0.0,1.0,4.1,106,6,21,1105,1600.0,5047
1875,0.0,1.0,4.2,707,6,27,1196,1400.0,5047
1876,1.0,1.0,3.8,157,6,20,527,600.0,5047
1877,1.0,0.0,3.0,106,6,20,1196,500.0,5047
1878,1.0,0.0,2.6,74,6,20,117,800.0,5047
1879,1.0,0.0,3.7,66,6,20,1185,550.0,5047
1880,1.0,0.0,2.8,95,6,20,1387,500.0,5047
1881,0.0,0.0,3.0,120,6,20,1345,1000.0,5047
1882,1.0,0.0,3.2,127,6,62,1156,400.0,5047
1883,0.0,0.0,3.6,336,6,20,1185,600.0,5047
1884,0.0,0.0,2.3,131,6,20,80,800.0,5047
1885,1.0,0.0,3.1,48,6,13,436,900.0,5047
1886,0.0,0.0,3.5,95,6,20,556,700.0,5047
1887,1.0,0.0,3.7,48,6,45,1496,400.0,5047
1888,0.0,0.0,3.7,47,6,13,332,500.0,5047
1889,0.0,0.0,2.1,337,6,20,1156,450.0,5047
1890,0.0,0.0,3.0,155,6,20,1181,800.0,5047
1891,0.0,0.0,3.2,59,6,20,1422,550.0,5047
1892,0.0,0.0,3.8,114,6,13,434,550.0,5047
1893,0.0,0.0,3.6,542,6,20,1474,750.0,5047
1894,0.0,0.0,3.8,46,6,49,898,2000.0,5047
1895,0.0,0.0,2.6,270,6,20,1196,400.0,5047
1896,1.0,0.0,3.9,370,6,20,280,550.0,4381
1897,1.0,1.0,4.0,341,6,13,374,1000.0,5047
1898,1.0,0.0,2.3,235,6,20,1156,800.0,4594
1899,1.0,0.0,4.2,166,6,62,1196,450.0,3031
1900,1.0,0.0,4.0,77,6,62,1589,300.0,100
1901,1.0,0.0,3.5,378,6,62,1247,500.0,3658
1902,1.0,0.0,4.0,532,6,62,1196,300.0,2802
1903,1.0,0.0,3.9,214,6,62,235,400.0,2669
1904,1.0,0.0,2.9,163,6,68,1455,250.0,4097
1905,1.0,0.0,3.9,75,6,2,181,500.0,5047
1906,1.0,0.0,3.6,136,6,3,193,600.0,2071
1907,1.0,0.0,3.8,80,6,62,1156,300.0,5047
1908,1.0,0.0,2.9,248,6,62,1196,400.0,3643
1909,1.0,0.0,3.9,94,6,62,1033,200.0,5047
1910,1.0,0.0,3.2,258,6,62,322,500.0,5047
1911,1.0,0.0,3.3,200,6,62,1382,450.0,4918
1912,1.0,0.0,4.0,250,6,62,1156,250.0,3591
1913,1.0,0.0,2.9,89,6,62,873,350.0,3145
1914,1.0,0.0,3.8,133,6,62,817,200.0,2035
1915,0.0,0.0,2.7,39,6,41,1114,330.0,5047
1916,1.0,0.0,3.3,84,6,62,1628,200.0,3684
1917,1.0,0.0,3.7,48,6,62,1156,400.0,3622
1918,0.0,0.0,3.7,128,6,3,191,600.0,5047
1919,1.0,0.0,4.3,49,6,62,1030,250.0,5047
1920,1.0,0.0,3.8,240,6,62,1597,200.0,5047
1921,0.0,0.0,2.8,43,6,62,282,500.0,5047
1922,1.0,0.0,3.7,182,6,62,1445,400.0,5047
1923,1.0,0.0,3.2,66,6,62,1474,800.0,3132
1924,0.0,0.0,2.8,116,6,41,207,400.0,5047
1925,1.0,0.0,2.9,313,6,62,1196,450.0,3913
1926,1.0,0.0,3.0,111,6,62,1501,400.0,4437
1927,0.0,1.0,4.8,7023,53,21,1324,1500.0,5047
1928,1.0,1.0,4.9,16345,71,52,740,1600.0,1788
1929,1.0,1.0,4.2,7193,71,56,705,1400.0,4523
1930,1.0,1.0,4.4,4099,71,21,1527,1400.0,839
1931,1.0,0.0,4.6,1193,71,5,32,1500.0,383
1932,0.0,1.0,4.4,1496,71,57,707,1900.0,5047
1933,0.0,1.0,4.5,3421,53,20,1394,1300.0,5047
1934,1.0,1.0,4.4,3061,53,21,1350,1500.0,1809
1935,0.0,1.0,4.3,1585,71,54,689,1500.0,5047
1936,0.0,1.0,4.7,881,71,20,813,1600.0,5047
1937,0.0,1.0,4.6,2726,71,56,1314,1400.0,5047
1938,1.0,1.0,4.3,994,71,20,130,1300.0,5047
1939,0.0,0.0,4.3,1303,53,20,1303,1000.0,5047
1940,0.0,1.0,4.7,163,71,5,910,1500.0,5047
1941,1.0,1.0,4.4,889,71,20,1065,1400.0,5047
1942,0.0,0.0,3.9,1225,71,20,1363,1100.0,5047
1943,1.0,1.0,4.3,715,71,20,1002,1500.0,703
1944,1.0,1.0,4.0,942,71,57,669,1300.0,5047
1945,0.0,1.0,4.2,505,53,37,1622,2000.0,5047
1946,0.0,1.0,4.1,237,71,37,764,2000.0,5047
1947,0.0,1.0,4.3,760,53,37,741,2500.0,5047
1948,1.0,0.0,4.3,894,71,13,464,600.0,5047
1949,1.0,1.0,4.5,125,71,20,1081,700.0,5047
1950,1.0,0.0,4.2,258,71,20,1451,700.0,5047
1951,1.0,0.0,4.3,149,71,13,473,800.0,5047
1952,1.0,0.0,4.3,754,71,20,1494,500.0,5047
1953,0.0,0.0,4.1,239,71,62,1322,500.0,5047
1954,1.0,0.0,3.5,341,71,20,604,850.0,4702
1955,1.0,0.0,2.9,827,71,20,113,800.0,1368
1956,1.0,1.0,4.1,322,71,26,3,1200.0,1520
1957,1.0,1.0,4.1,481,71,20,63,900.0,3060
1958,1.0,1.0,3.7,194,71,20,1156,800.0,3672
1959,0.0,1.0,4.0,119,71,20,1196,1000.0,5047
1960,1.0,0.0,3.7,833,53,20,286,550.0,1240
1961,1.0,0.0,4.1,248,71,20,615,800.0,4773
1962,1.0,0.0,4.0,44,71,62,1453,300.0,2996
1963,1.0,0.0,3.7,132,53,20,1156,750.0,5047
1964,0.0,0.0,2.6,330,71,20,43,600.0,5047
1965,0.0,0.0,3.8,111,53,20,1196,600.0,5047
1966,1.0,0.0,4.2,233,71,62,220,150.0,2192
1967,0.0,0.0,3.0,197,71,20,1196,700.0,5047
1968,1.0,0.0,3.8,135,71,20,1589,400.0,2727
1969,1.0,1.0,3.9,42,71,62,305,500.0,992
1970,1.0,0.0,3.7,94,53,13,360,700.0,5047
1971,0.0,0.0,4.3,384,71,30,956,150.0,5047
1972,1.0,0.0,3.3,213,71,20,1197,600.0,1259
1973,1.0,0.0,2.6,155,71,20,1384,600.0,5047
1974,1.0,0.0,3.2,97,71,62,1573,250.0,5047
1975,0.0,1.0,3.9,125,53,46,806,2500.0,5047
1976,1.0,0.0,3.5,53,71,62,99,500.0,5047
1977,1.0,0.0,3.2,61,71,62,1327,250.0,5047
1978,1.0,0.0,2.9,243,71,62,1268,300.0,5047
1979,0.0,0.0,2.2,187,71,62,1547,200.0,5047
1980,0.0,1.0,3.9,52,71,46,766,1900.0,5047
1981,1.0,0.0,3.3,294,71,62,1055,400.0,5047
1982,1.0,0.0,3.1,117,71,20,1196,550.0,5047
1983,0.0,0.0,3.5,68,71,62,1156,250.0,5047
1984,1.0,0.0,3.2,44,71,62,1476,600.0,5047
1985,1.0,0.0,2.9,317,71,62,1355,400.0,5047
1986,1.0,0.0,3.2,135,71,62,258,400.0,5047
1987,1.0,0.0,3.8,54,53,62,1386,400.0,3536
1988,1.0,0.0,3.2,204,71,20,1185,500.0,5047
1989,1.0,0.0,3.8,170,71,62,84,300.0,5047
1990,0.0,0.0,2.9,108,71,20,64,800.0,5047
1991,0.0,0.0,3.5,132,71,62,868,300.0,5047
1992,1.0,1.0,4.0,942,71,57,669,1300.0,1335
1993,0.0,1.0,4.1,106,6,21,1105,1600.0,5047
1994,1.0,1.0,4.4,2182,6,5,1227,1400.0,4430
1995,1.0,1.0,4.1,3020,6,20,1398,1000.0,5047
1996,1.0,0.0,4.2,793,6,26,800,1700.0,4479
1997,1.0,1.0,3.9,392,6,4,282,1500.0,2605
1998,0.0,1.0,3.6,255,6,46,1397,1500.0,5047
1999,0.0,1.0,4.2,707,6,27,1196,1400.0,5047
2000,0.0,0.0,3.8,46,6,49,898,2000.0,5047
2001,1.0,1.0,4.9,16345,71,52,740,1600.0,1787
2002,1.0,1.0,4.2,7193,71,56,705,1400.0,4523
2003,1.0,0.0,4.6,1193,71,5,32,1500.0,382
2004,0.0,1.0,4.4,1496,71,57,707,1900.0,5047
2005,1.0,1.0,4.4,3061,53,21,1350,1500.0,1809
2006,0.0,1.0,4.4,1496,71,57,707,1900.0,5047
2007,1.0,1.0,4.4,3061,53,21,1350,1500.0,1809
2008,1.0,1.0,4.1,322,71,26,3,1200.0,5047
2009,0.0,1.0,3.9,125,53,46,806,2500.0,5047
2010,0.0,1.0,4.1,106,6,21,1105,1600.0,5047
2011,1.0,1.0,4.4,2182,6,5,1227,1400.0,4430
2012,0.0,1.0,4.6,2726,71,56,1314,1400.0,5047
2013,1.0,0.0,4.2,793,6,26,800,1700.0,4479
2014,1.0,1.0,4.5,1365,6,21,40,1800.0,4157
2015,1.0,1.0,3.9,392,6,4,282,1500.0,2605
2016,1.0,1.0,4.1,1691,6,21,1156,1100.0,5047
2017,0.0,1.0,4.8,7023,53,21,1324,1500.0,5047
2018,1.0,1.0,4.2,7193,71,56,705,1400.0,4523
2019,1.0,1.0,4.4,4099,71,21,1527,1400.0,839
2020,1.0,0.0,4.6,1193,71,5,32,1500.0,382
2021,0.0,1.0,4.4,1496,71,57,707,1900.0,5047
2022,1.0,1.0,4.4,3061,53,21,1350,1500.0,1809
2023,1.0,1.0,4.4,3061,53,21,1350,1500.0,1809
2024,0.0,1.0,4.7,163,71,5,910,1500.0,5047
2025,1.0,1.0,4.1,322,71,26,3,1200.0,5047
2026,1.0,1.0,4.3,3126,49,20,1416,1500.0,5047
2027,1.0,1.0,3.8,203,66,20,1258,1200.0,5047
2028,1.0,0.0,4.0,48,8,20,1019,1500.0,5047
2029,1.0,1.0,4.0,929,8,20,1491,800.0,1752
2030,0.0,0.0,2.8,130,8,20,1440,650.0,5047
2031,0.0,1.0,3.9,105,8,20,585,1000.0,5047
2032,0.0,1.0,4.5,2194,66,20,1103,1800.0,5047
2033,0.0,1.0,4.4,2111,48,37,1314,2200.0,5047
2034,1.0,1.0,4.0,1909,49,20,1663,2100.0,5047
2035,0.0,0.0,4.6,979,49,37,1654,3000.0,5047
2036,1.0,1.0,4.4,1105,12,21,208,1200.0,5047
2037,0.0,1.0,4.3,148,78,37,18,2800.0,5047
2038,1.0,1.0,4.5,1394,12,21,558,1700.0,5047
2039,1.0,1.0,4.3,763,48,20,1494,1400.0,5047
2040,0.0,1.0,4.4,1065,78,20,1325,1600.0,5047
2041,0.0,1.0,4.3,678,66,37,805,2500.0,5047
2042,1.0,0.0,4.0,3209,12,20,1402,750.0,2097
2043,0.0,0.0,4.3,687,49,37,812,3000.0,5047
2044,0.0,1.0,3.8,64,49,20,167,1500.0,5047
2045,0.0,0.0,4.1,1022,65,20,1231,500.0,5047
2046,0.0,1.0,4.2,347,48,21,1375,1000.0,5047
2047,0.0,0.0,4.3,471,48,25,173,1500.0,5047
2048,0.0,1.0,4.3,622,65,37,1326,3400.0,5047
2049,0.0,0.0,3.9,53,66,37,143,2000.0,5047
2050,0.0,1.0,4.3,334,66,20,1279,1200.0,5047
2051,1.0,0.0,3.9,169,66,21,1156,1700.0,5047
2052,1.0,1.0,4.2,576,73,20,570,1200.0,5047
2053,1.0,1.0,4.3,1048,48,20,981,1600.0,5047
2054,0.0,1.0,3.9,310,65,37,1347,2000.0,5047
2055,1.0,1.0,4.0,188,74,21,1361,1300.0,4511
2056,0.0,0.0,3.9,183,78,20,1320,2200.0,5047
2057,1.0,0.0,3.9,158,27,20,608,1300.0,5047
2058,1.0,1.0,3.8,198,49,20,982,1600.0,5047
2059,0.0,1.0,4.2,271,49,37,994,3000.0,5047
2060,1.0,0.0,4.1,119,66,20,640,1000.0,0
2061,0.0,0.0,3.1,120,48,21,1304,1200.0,5047
2062,0.0,0.0,2.8,253,27,20,1196,1000.0,5047
2063,0.0,0.0,3.9,89,76,20,1393,1400.0,5047
2064,0.0,1.0,3.9,100,65,20,1156,1900.0,5047
2065,0.0,0.0,3.0,107,49,20,1304,800.0,5047
2066,0.0,0.0,3.7,145,66,22,571,1000.0,5047
2067,0.0,0.0,3.7,67,66,20,1547,500.0,5047
2068,0.0,0.0,3.8,52,66,20,1314,1200.0,5047
2069,0.0,0.0,2.3,116,66,20,602,650.0,5047
2070,0.0,1.0,4.0,324,15,46,1397,1300.0,5047
2071,1.0,1.0,4.2,474,15,20,1272,1700.0,3846
2072,1.0,1.0,3.8,91,15,20,1429,1800.0,5047
2073,0.0,1.0,3.7,100,61,20,1570,1600.0,5047
2074,0.0,1.0,3.9,156,15,20,1446,1100.0,5047
2075,1.0,1.0,4.2,935,12,13,385,750.0,5047
2076,1.0,1.0,4.3,2660,49,13,406,1200.0,5047
2077,0.0,0.0,4.2,618,8,13,369,500.0,5047
2078,1.0,0.0,3.8,72,8,13,343,650.0,4466
2079,1.0,0.0,3.6,104,8,13,404,800.0,5047
2080,0.0,0.0,3.6,46,8,13,332,350.0,5047
2081,0.0,0.0,4.6,2257,12,13,495,1100.0,5047
2082,1.0,1.0,4.2,2838,65,22,1010,800.0,3227
2083,0.0,0.0,4.5,3568,76,13,338,900.0,5047
2084,1.0,1.0,4.4,690,49,22,8,1700.0,215
2085,0.0,1.0,4.0,1701,12,13,386,1000.0,5047
2086,0.0,0.0,4.3,2635,12,13,332,600.0,5047
2087,1.0,0.0,4.4,1084,48,1,179,600.0,906
2088,0.0,1.0,4.1,563,49,22,1349,2500.0,5047
2089,1.0,0.0,4.3,3547,12,13,459,650.0,5047
2090,0.0,0.0,4.3,521,48,1,1504,1400.0,5047
2091,0.0,0.0,4.2,160,78,13,499,750.0,5047
2092,0.0,0.0,4.3,67,65,13,480,400.0,5047
2093,0.0,0.0,4.3,786,12,16,453,900.0,5047
2094,1.0,0.0,4.1,114,66,13,169,700.0,5047
2095,1.0,0.0,4.3,566,78,13,407,700.0,4881
2096,0.0,0.0,4.0,1443,49,33,784,500.0,5047
2097,1.0,0.0,4.1,460,12,13,345,700.0,5047
2098,1.0,0.0,3.9,461,78,16,340,800.0,5047
2099,1.0,0.0,4.3,1133,27,13,438,800.0,5047
2100,0.0,1.0,3.9,296,73,13,455,750.0,5047
2101,1.0,0.0,3.6,95,27,16,373,650.0,5047
2102,0.0,0.0,4.0,47,78,13,461,750.0,5047
2103,1.0,0.0,4.2,115,49,14,350,500.0,5047
2104,0.0,0.0,4.2,115,78,22,1074,1000.0,5047
2105,0.0,1.0,3.7,91,48,14,353,1000.0,5047
2106,1.0,0.0,4.0,85,65,35,442,400.0,5047
2107,0.0,0.0,4.1,104,48,19,471,1200.0,5047
2108,1.0,0.0,3.9,66,12,10,511,500.0,5047
2109,1.0,0.0,4.2,382,78,13,1478,500.0,5047
2110,1.0,0.0,3.4,122,65,13,362,600.0,5047
2111,0.0,1.0,3.9,315,49,13,404,800.0,5047
2112,0.0,0.0,3.7,145,66,22,571,1000.0,5047
2113,0.0,0.0,3.9,74,76,13,376,500.0,5047
2114,0.0,0.0,3.8,99,78,13,420,600.0,5047
2115,1.0,0.0,3.8,260,49,13,332,700.0,5047
2116,1.0,0.0,4.1,124,49,22,658,900.0,5047
2117,1.0,1.0,4.7,4639,15,59,1458,1300.0,5047
2118,1.0,0.0,4.3,652,15,17,427,750.0,5047
2119,1.0,1.0,4.3,858,15,22,659,1000.0,5047
2120,1.0,0.0,4.2,739,15,13,406,750.0,5047
2121,1.0,1.0,4.1,94,12,62,928,300.0,4295
2122,1.0,0.0,3.9,302,16,62,1063,300.0,2885
2123,1.0,0.0,4.0,473,26,62,235,300.0,577
2124,1.0,0.0,4.3,284,76,62,330,500.0,4976
2125,1.0,0.0,3.8,377,66,29,923,450.0,3147
2126,1.0,0.0,4.1,210,45,9,224,150.0,3496
2127,1.0,0.0,4.0,1393,26,62,323,600.0,1474
2128,1.0,0.0,3.9,142,58,20,238,800.0,4134
2129,1.0,0.0,4.1,1079,8,66,320,550.0,36
2130,1.0,0.0,4.0,1072,26,62,866,350.0,4358
2131,1.0,0.0,3.8,88,20,62,868,250.0,4678
2132,1.0,0.0,4.3,290,65,72,1392,500.0,5047
2133,1.0,0.0,4.2,382,78,13,1478,500.0,3365
2134,1.0,0.0,3.5,350,18,62,1196,350.0,2787
2135,1.0,0.0,4.3,889,16,29,181,500.0,700
2136,1.0,0.0,4.3,3547,12,13,459,650.0,4501
2137,1.0,0.0,3.3,261,73,20,1196,500.0,4338
2138,1.0,0.0,3.9,59,26,29,1113,600.0,1500
2139,1.0,0.0,4.2,128,81,29,235,650.0,1996
2140,1.0,0.0,4.4,633,65,30,956,400.0,600
2141,1.0,0.0,4.2,176,26,12,1652,250.0,4093
2142,1.0,0.0,4.0,1864,20,20,1402,750.0,3408
2143,1.0,0.0,3.5,68,81,72,1156,200.0,5047
2144,1.0,0.0,3.8,236,73,20,1474,750.0,4226
2145,1.0,0.0,3.8,61,31,62,1156,400.0,5047
2146,1.0,0.0,4.3,1217,26,20,1488,1200.0,1498
2147,1.0,0.0,3.6,206,15,62,322,400.0,670
2148,1.0,0.0,3.9,370,49,70,1121,200.0,848
2149,1.0,0.0,3.8,97,81,29,1465,750.0,2179
2150,1.0,0.0,2.7,67,59,62,106,400.0,220
2151,1.0,0.0,4.0,624,61,35,777,450.0,2095
2152,1.0,0.0,4.9,1746,8,30,767,400.0,5047
2153,1.0,1.0,3.8,194,76,20,274,800.0,1469
2154,1.0,0.0,4.1,204,78,62,1594,250.0,2706
2155,1.0,0.0,4.1,1443,20,20,111,800.0,4392
2156,1.0,0.0,3.8,101,81,29,1190,500.0,1031
2157,1.0,1.0,4.4,2860,20,20,109,750.0,4034
2158,1.0,0.0,3.7,89,20,62,1145,400.0,4339
2159,1.0,0.0,4.1,1125,16,29,271,650.0,1736
2160,1.0,1.0,3.1,58,76,62,247,400.0,1549
2161,1.0,1.0,4.2,1746,26,20,254,750.0,5047
2162,1.0,0.0,4.3,146,78,20,294,650.0,965
2163,1.0,1.0,4.4,3651,48,23,1464,1300.0,1762
2164,1.0,0.0,4.6,2490,48,20,809,1600.0,2577
2165,1.0,1.0,4.3,375,26,20,1656,1200.0,4133
2166,1.0,1.0,4.3,2664,49,13,406,1200.0,2502
2167,1.0,0.0,3.9,67,12,10,511,500.0,3828
2168,1.0,0.0,4.0,47,66,30,773,300.0,775
2169,1.0,0.0,3.9,189,26,29,918,600.0,1346
2170,1.0,0.0,4.4,215,8,41,773,450.0,2616
2171,1.0,0.0,4.0,175,78,20,266,750.0,341
2172,1.0,1.0,4.7,4657,15,59,1458,1300.0,334
2173,1.0,0.0,3.9,107,48,62,1507,600.0,864
2174,1.0,0.0,3.1,163,12,62,825,350.0,1536
2175,1.0,0.0,4.4,1087,48,1,179,600.0,905
2176,1.0,0.0,2.8,109,73,20,616,500.0,3868
2177,1.0,0.0,3.0,74,73,20,1156,500.0,4607
2178,1.0,0.0,4.2,444,26,20,1530,700.0,2883
2179,1.0,1.0,4.3,2040,49,20,1627,1500.0,420
2180,1.0,0.0,3.7,123,8,43,558,400.0,4986
2181,1.0,0.0,4.0,568,26,11,778,400.0,2545
2182,1.0,0.0,4.2,172,14,20,1151,800.0,4925
2183,1.0,0.0,3.7,42,61,20,602,900.0,1465
2184,1.0,0.0,3.9,55,76,62,256,400.0,5047
2185,1.0,0.0,4.0,787,66,62,90,400.0,2156
2186,1.0,1.0,4.3,393,8,5,892,1600.0,707
2187,1.0,0.0,3.9,238,26,20,1216,800.0,1863
2188,1.0,0.0,3.5,60,20,62,1002,300.0,3468
2189,1.0,0.0,4.1,54,65,20,931,400.0,3894
2190,1.0,1.0,4.5,1621,15,20,1008,1300.0,3265
2191,1.0,1.0,3.9,54,26,62,284,350.0,3753
2192,1.0,0.0,4.3,116,76,30,789,400.0,4481
2193,1.0,0.0,3.9,306,20,20,609,500.0,40
2194,1.0,0.0,4.1,125,49,22,658,900.0,4755
2195,1.0,1.0,4.4,2560,26,20,158,1600.0,1430
2196,1.0,0.0,4.0,73,20,0,175,250.0,1625
2197,1.0,1.0,4.1,612,15,20,47,1100.0,2563
2198,1.0,0.0,3.9,100,8,70,1121,400.0,2868
2199,1.0,0.0,3.9,847,20,20,1145,700.0,1382
2200,1.0,0.0,4.2,432,78,14,482,700.0,456
2201,1.0,0.0,4.0,90,20,72,827,650.0,1791
2202,1.0,0.0,4.3,570,78,13,407,700.0,4881
2203,1.0,1.0,4.0,1021,8,20,1375,700.0,3551
2204,1.0,0.0,3.9,148,20,30,956,500.0,2299
2205,1.0,0.0,3.5,64,49,71,936,300.0,1713
2206,1.0,0.0,4.0,85,65,35,442,400.0,1496
2207,1.0,0.0,4.2,93,8,62,1561,300.0,3962
2208,1.0,0.0,3.8,62,76,20,1589,400.0,121
2209,1.0,0.0,3.8,83,26,32,225,100.0,2150
2210,1.0,0.0,4.1,569,26,62,820,400.0,2043
2211,1.0,0.0,3.9,113,73,62,861,250.0,265
2212,1.0,0.0,4.0,78,14,64,864,350.0,697
2213,1.0,0.0,3.9,117,49,62,1474,800.0,3134
2214,1.0,0.0,4.3,422,26,33,779,400.0,4480
2215,1.0,0.0,2.8,296,14,20,235,600.0,3251
2216,1.0,1.0,4.4,2229,48,39,1014,3000.0,4760
2217,1.0,0.0,4.2,127,8,20,1654,700.0,4001
2218,1.0,0.0,3.7,270,26,29,1296,500.0,251
2219,1.0,0.0,3.9,241,4,13,332,700.0,2768
2220,1.0,0.0,4.3,7544,12,46,33,1500.0,1529
2221,1.0,0.0,3.9,148,8,41,182,450.0,1966
2222,1.0,0.0,4.1,68,20,20,1156,700.0,1403
2223,1.0,0.0,3.8,110,78,62,84,300.0,2761
2224,1.0,0.0,4.0,71,26,30,767,400.0,229
2225,1.0,0.0,4.2,255,81,13,401,500.0,919
2226,1.0,0.0,4.2,50,45,29,181,500.0,5047
2227,1.0,1.0,4.2,2840,65,22,1010,800.0,3227
2228,1.0,0.0,3.7,129,26,62,1589,40.0,117
2229,1.0,0.0,4.2,131,8,30,956,180.0,348
2230,1.0,0.0,4.0,289,26,30,767,300.0,830
2231,1.0,0.0,3.9,61,73,9,214,150.0,1632
2232,1.0,0.0,4.2,1764,76,20,625,750.0,635
2233,1.0,0.0,3.9,454,65,62,270,400.0,1186
2234,1.0,0.0,3.8,111,15,30,188,500.0,2280
2235,1.0,0.0,3.0,144,16,62,242,200.0,1057
2236,1.0,0.0,4.3,652,15,17,427,750.0,3422
2237,1.0,0.0,4.1,110,26,68,1121,150.0,3280
2238,1.0,1.0,3.9,96,8,21,1147,1300.0,2591
2239,1.0,0.0,4.3,1703,12,46,711,1300.0,853
2240,1.0,0.0,3.9,442,20,20,296,600.0,5047
2241,1.0,0.0,4.1,41,12,30,789,150.0,2608
2242,1.0,0.0,3.8,262,66,20,604,850.0,5047
2243,1.0,0.0,3.9,205,76,20,1235,500.0,3611
2244,1.0,0.0,4.0,113,49,20,972,1000.0,4515
2245,1.0,0.0,4.3,1283,26,16,456,1000.0,2613
2246,1.0,0.0,4.1,459,12,13,345,700.0,3118
2247,1.0,0.0,3.9,450,20,20,104,700.0,218
2248,1.0,1.0,4.3,858,15,22,659,1000.0,2139
2249,1.0,0.0,4.2,231,48,2,194,300.0,3024
2250,1.0,0.0,4.4,319,12,20,1375,800.0,1727
2251,1.0,0.0,3.9,224,12,20,1342,950.0,3988
2252,1.0,0.0,3.8,59,14,69,853,300.0,297
2253,1.0,0.0,3.3,65,8,13,436,900.0,783
2254,1.0,0.0,3.9,206,8,20,1481,800.0,4794
2255,1.0,0.0,3.9,87,78,20,1242,500.0,3615
2256,1.0,1.0,4.2,980,78,21,913,1000.0,2929
2257,1.0,0.0,3.7,184,8,62,322,500.0,4083
2258,1.0,0.0,4.1,159,76,62,1451,300.0,3621
2259,1.0,1.0,4.2,2270,76,21,815,1400.0,2946
2260,0.0,1.0,4.3,2651,8,5,718,1300.0,5047
2261,1.0,1.0,4.4,1840,48,20,1009,1500.0,3887
2262,1.0,0.0,3.1,54,26,29,624,500.0,4575
2263,1.0,0.0,3.4,334,26,20,82,550.0,3892
2264,1.0,0.0,3.5,73,48,45,1476,600.0,3493
2265,1.0,0.0,4.2,739,15,13,406,750.0,3579
2266,1.0,0.0,4.1,183,48,30,767,550.0,1927
2267,1.0,1.0,4.0,2103,8,27,540,2000.0,3652
2268,1.0,0.0,4.3,94,78,20,1088,550.0,1163
2269,1.0,1.0,4.0,932,12,21,22,1000.0,318
2270,1.0,0.0,4.3,392,26,13,341,700.0,1967
2271,1.0,0.0,3.9,169,20,62,1399,600.0,1365
2272,1.0,0.0,3.9,64,8,63,819,250.0,4235
2273,1.0,1.0,4.3,763,48,20,1494,1400.0,5047
2274,1.0,0.0,4.1,1117,8,20,14,1500.0,4871
2275,1.0,0.0,3.7,81,20,62,1571,200.0,3161
2276,1.0,0.0,4.1,114,66,13,169,700.0,3222
2277,1.0,0.0,4.0,867,48,62,1608,400.0,3996
2278,1.0,0.0,2.8,54,81,62,1617,400.0,144
2279,1.0,0.0,2.9,330,16,29,1002,600.0,2598
2280,1.0,0.0,3.2,56,20,72,1268,400.0,5047
2281,1.0,0.0,3.8,106,65,62,1561,200.0,4619
2282,1.0,0.0,4.1,115,26,14,350,450.0,628
2283,1.0,0.0,3.9,157,85,20,1196,450.0,4402
2284,1.0,0.0,4.2,391,26,13,401,500.0,2580
2285,1.0,0.0,4.0,104,20,20,1260,500.0,2872
2286,1.0,0.0,4.0,78,20,30,773,500.0,5024
2287,1.0,0.0,4.2,121,48,21,1152,1000.0,3066
2288,1.0,0.0,3.8,260,49,13,332,700.0,5047
2289,1.0,0.0,4.1,152,81,13,455,300.0,407
2290,1.0,0.0,3.9,256,20,20,1098,700.0,2145
2291,1.0,0.0,2.9,50,8,62,1589,350.0,741
2292,1.0,0.0,4.0,134,12,62,821,450.0,1509
2293,1.0,0.0,4.0,68,12,30,767,250.0,2212
2294,1.0,0.0,3.9,51,26,62,1652,200.0,4271
2295,1.0,0.0,3.5,62,12,62,266,400.0,5047
2296,1.0,0.0,3.9,184,73,20,1575,400.0,4221
2297,1.0,0.0,4.0,1203,8,8,663,2000.0,1481
2298,1.0,0.0,3.8,208,15,20,1597,400.0,4721
2299,1.0,0.0,3.9,200,26,62,1552,400.0,5047
2300,1.0,1.0,4.0,144,26,13,463,700.0,396
2301,1.0,0.0,3.9,117,78,20,513,600.0,5047
2302,1.0,1.0,4.2,937,12,13,385,750.0,4896
2303,1.0,1.0,4.3,61,8,20,1541,700.0,1246
2304,1.0,0.0,4.2,33,15,30,787,300.0,2079
2305,1.0,0.0,4.4,222,49,62,319,700.0,2581
2306,1.0,1.0,4.1,765,78,21,29,1200.0,225
2307,1.0,0.0,3.9,186,45,62,563,400.0,2648
2308,0.0,0.0,3.7,32,14,20,1335,800.0,5047
2309,1.0,0.0,3.8,66,26,62,1571,200.0,1746
2310,1.0,0.0,3.4,50,12,20,1234,600.0,1125
2311,1.0,1.0,4.1,294,66,20,914,1000.0,490
2312,1.0,0.0,3.6,82,73,20,1196,500.0,4950
2313,1.0,0.0,3.7,162,15,20,604,700.0,5047
2314,1.0,0.0,4.0,48,8,20,1019,1500.0,5047
2315,1.0,0.0,2.8,94,26,20,610,600.0,5047
2316,1.0,0.0,3.9,134,81,20,1537,550.0,4449
2317,1.0,0.0,4.4,69,48,62,789,300.0,3269
2318,0.0,0.0,4.2,618,8,13,369,500.0,5047
2319,1.0,0.0,3.9,257,26,20,1277,650.0,5047
2320,1.0,0.0,3.7,66,78,13,483,800.0,1724
2321,1.0,0.0,3.6,95,27,16,373,650.0,1768
2322,1.0,0.0,4.2,115,49,14,350,500.0,5047
2323,1.0,0.0,3.8,71,26,13,332,500.0,2009
2324,0.0,1.0,4.1,373,8,20,1156,650.0,5047
2325,1.0,1.0,4.3,225,49,5,122,2000.0,3273
2326,1.0,0.0,3.7,74,20,62,1156,300.0,5047
2327,1.0,0.0,3.4,122,65,13,362,600.0,224
2328,1.0,0.0,4.1,402,15,20,1378,750.0,5047
2329,1.0,0.0,4.1,198,26,20,1544,650.0,1103
2330,1.0,0.0,3.8,74,85,20,672,1000.0,4132
2331,1.0,0.0,3.5,126,20,20,558,700.0,5047
2332,1.0,0.0,3.0,40,8,30,950,200.0,4014
2333,1.0,0.0,3.7,279,8,20,1272,800.0,3437
2334,1.0,1.0,4.1,523,26,20,619,800.0,5047
2335,1.0,0.0,3.8,102,26,30,789,300.0,1654
2336,1.0,0.0,3.0,110,26,20,51,700.0,5047
2337,1.0,0.0,3.8,96,78,13,420,600.0,2506
2338,1.0,0.0,3.6,91,26,20,1283,550.0,49
2339,1.0,1.0,2.2,406,49,20,1109,1000.0,3987
2340,1.0,1.0,4.2,4732,12,20,1206,1500.0,5047
2341,1.0,0.0,3.9,101,78,62,1156,150.0,5047
2342,1.0,0.0,3.8,37,78,20,213,400.0,1700
2343,0.0,0.0,3.9,122,8,20,1016,500.0,5047
2344,1.0,1.0,4.3,550,73,20,570,1200.0,2662
2345,1.0,0.0,4.0,153,26,20,1272,700.0,5047
2346,1.0,0.0,3.3,73,59,29,1470,750.0,5047
2347,1.0,1.0,4.4,1110,12,21,208,1200.0,5047
2348,1.0,1.0,4.0,929,8,20,1491,800.0,1752
2349,1.0,0.0,4.0,558,26,20,1277,900.0,2486
2350,1.0,0.0,3.8,72,8,13,343,650.0,5047
2351,1.0,1.0,4.1,247,26,20,1033,800.0,5047
2352,1.0,1.0,4.6,1211,76,21,146,1700.0,5047
2353,1.0,1.0,4.5,1394,12,21,558,1700.0,16
2354,1.0,0.0,3.9,463,78,16,340,800.0,478
2355,1.0,1.0,4.4,484,76,5,1124,1900.0,4146
2356,1.0,1.0,4.3,500,48,21,558,1300.0,1564
2357,1.0,0.0,2.6,72,4,62,1589,300.0,5047
2358,1.0,1.0,4.0,1912,49,20,1663,2100.0,808
2359,1.0,0.0,4.1,391,15,20,544,600.0,4108
2360,1.0,1.0,4.1,450,12,20,1156,1000.0,745
2361,1.0,1.0,4.2,474,15,20,1272,1700.0,3846
2362,1.0,1.0,3.9,1361,49,37,1156,2100.0,1898
2363,1.0,0.0,4.2,133,15,20,162,1500.0,4125
2364,0.0,0.0,3.9,39,8,20,617,500.0,5047
2365,1.0,1.0,4.3,3484,48,61,646,1700.0,5047
2366,1.0,0.0,4.2,974,26,20,596,1100.0,1541
2367,1.0,1.0,4.1,860,65,20,1534,1400.0,3966
2368,1.0,0.0,4.0,779,12,20,42,650.0,4597
2369,1.0,0.0,3.6,104,8,13,404,800.0,423
2370,0.0,0.0,3.4,8,8,62,1156,450.0,5047
2371,1.0,0.0,4.0,360,65,20,610,1000.0,4724
2372,1.0,0.0,3.5,98,26,20,1209,600.0,2334
2373,1.0,0.0,4.1,290,43,62,328,600.0,5047
2374,1.0,0.0,3.3,201,15,20,521,700.0,1410
2375,1.0,1.0,4.0,455,15,20,604,1000.0,5047
2376,1.0,0.0,4.3,901,78,20,1013,2000.0,3440
2377,1.0,0.0,3.7,50,51,20,1554,750.0,5047
2378,1.0,1.0,4.2,2923,12,20,970,1000.0,4008
2379,1.0,1.0,4.1,853,12,20,1534,1400.0,3313
2380,1.0,1.0,4.1,207,26,5,25,1500.0,4518
2381,1.0,1.0,4.1,354,66,20,1549,1200.0,1036
2382,1.0,1.0,4.0,378,15,20,1243,850.0,5047
2383,1.0,1.0,4.3,3126,49,20,1416,1500.0,4492
2384,1.0,1.0,4.4,218,76,20,1529,850.0,5047
2385,1.0,1.0,4.4,712,66,20,1090,1000.0,5047
2386,1.0,0.0,3.6,54,20,20,611,600.0,3002
2387,1.0,1.0,3.8,297,26,20,1222,1200.0,3293
2388,1.0,0.0,4.0,176,43,29,834,300.0,5047
2389,1.0,0.0,3.9,118,20,20,673,1000.0,3252
2390,1.0,0.0,4.0,2418,26,46,847,1400.0,5047
2391,1.0,1.0,4.1,1053,26,72,709,1400.0,5047
2392,1.0,1.0,4.4,861,49,20,157,1800.0,4502
2393,1.0,0.0,3.8,109,43,72,1002,400.0,5047
2394,0.0,1.0,3.8,108,78,4,1196,1400.0,5047
2395,1.0,0.0,4.0,528,18,29,314,350.0,5047
2396,1.0,1.0,3.8,81,78,20,604,800.0,5047
2397,1.0,0.0,3.2,46,78,62,1156,300.0,5047
2398,1.0,0.0,4.2,858,78,20,1655,1800.0,632
2399,1.0,0.0,2.1,252,26,29,1386,500.0,5047
2400,1.0,0.0,4.0,1096,78,20,1050,1300.0,2128
2401,0.0,0.0,4.3,1773,65,20,43,800.0,5047
2402,0.0,1.0,4.1,1327,48,21,810,2100.0,5047
2403,0.0,0.0,4.3,67,65,13,480,400.0,5047
2404,0.0,0.0,4.0,101,66,20,521,550.0,5047
2405,0.0,0.0,3.0,107,49,20,1304,800.0,5047
2406,0.0,0.0,3.7,145,66,22,571,1000.0,5047
2407,0.0,0.0,3.7,160,76,62,235,300.0,5047
2408,0.0,1.0,3.6,277,76,21,56,800.0,5047
2409,0.0,0.0,2.9,46,73,20,1602,550.0,5047
2410,0.0,0.0,4.1,121,66,20,1196,600.0,5047
2411,1.0,0.0,4.1,119,66,20,640,1000.0,0
2412,1.0,0.0,3.6,118,66,20,521,500.0,1302
2413,1.0,0.0,3.9,158,27,20,608,1300.0,1467
2414,1.0,0.0,3.7,46,61,20,1547,1000.0,3501
2415,1.0,1.0,3.8,203,66,20,1258,1200.0,4834
2416,1.0,1.0,4.0,188,74,21,1361,1300.0,4511
2417,1.0,0.0,4.3,783,20,62,1156,300.0,5047
2418,1.0,0.0,3.7,111,74,20,1196,550.0,5047
2419,1.0,0.0,3.8,170,73,62,1416,250.0,5047
2420,1.0,0.0,3.6,79,65,62,1552,500.0,5047
2421,1.0,0.0,3.8,263,26,72,518,700.0,5047
2422,0.0,1.0,4.4,2039,48,21,927,1200.0,5047
2423,0.0,1.0,4.1,93,65,57,664,1000.0,5047
2424,0.0,0.0,4.1,1543,48,57,760,1200.0,5047
2425,0.0,0.0,3.9,234,47,5,996,1000.0,5047
2426,1.0,0.0,3.9,84,61,5,723,1500.0,5047
2427,0.0,0.0,4.3,1348,66,20,286,550.0,5047
2428,0.0,1.0,4.1,473,73,20,1130,800.0,5047
2429,0.0,0.0,4.5,3569,76,13,338,900.0,5047
2430,1.0,1.0,4.4,691,49,22,8,1700.0,215
2431,0.0,1.0,4.3,518,73,20,1013,1400.0,5047
2432,0.0,0.0,4.3,1187,65,20,521,550.0,5047
2433,0.0,0.0,4.4,1896,65,30,958,400.0,5047
2434,0.0,0.0,4.2,162,78,13,499,750.0,5047
2435,0.0,0.0,4.1,356,66,62,1181,400.0,5047
2436,0.0,0.0,4.3,788,12,16,453,900.0,5047
2437,0.0,0.0,3.9,80,12,62,521,500.0,5047
2438,0.0,0.0,4.1,765,65,20,1376,800.0,5047
2439,0.0,0.0,4.0,1443,49,33,784,500.0,5047
2440,0.0,0.0,4.3,524,12,20,1153,800.0,5047
2441,0.0,0.0,4.3,183,12,30,789,400.0,5047
2442,1.0,0.0,4.3,1133,27,13,438,800.0,4816
2443,0.0,0.0,4.0,101,76,62,1023,150.0,5047
2444,0.0,0.0,4.0,47,78,13,461,750.0,5047
2445,0.0,0.0,3.9,155,48,20,1230,600.0,5047
2446,0.0,0.0,3.9,52,14,72,181,1200.0,5047
2447,0.0,0.0,2.7,77,49,62,1235,500.0,5047
2448,0.0,0.0,4.0,53,15,62,1112,400.0,5047
2449,0.0,0.0,3.8,95,12,62,817,500.0,5047
2450,0.0,0.0,3.9,134,76,20,984,800.0,5047
2451,0.0,1.0,3.9,156,15,20,1446,1100.0,5047
2452,0.0,0.0,4.0,209,65,20,558,500.0,5047
2453,0.0,0.0,4.2,221,76,30,956,150.0,5047
2454,0.0,0.0,4.1,399,74,62,1178,300.0,5047
2455,0.0,0.0,3.4,10,49,62,1209,350.0,5047
2456,0.0,0.0,3.8,41,65,62,210,100.0,5047
2457,0.0,0.0,3.4,27,49,62,1371,300.0,5047
2458,0.0,0.0,3.0,53,12,62,1597,250.0,5047
2459,1.0,0.0,2.8,142,20,3,181,300.0,5047
2460,1.0,0.0,3.9,430,20,20,1140,550.0,5047
2461,1.0,0.0,3.8,69,8,20,1587,500.0,2792
2462,1.0,0.0,3.5,140,12,20,1156,600.0,1884
2463,1.0,1.0,3.8,198,49,20,982,1600.0,5047
2464,1.0,1.0,3.8,91,15,20,1429,1800.0,991
2465,1.0,1.0,4.3,1048,48,20,981,1600.0,3871
2466,1.0,0.0,4.1,1079,8,66,320,550.0,37
2467,1.0,0.0,4.9,1746,8,30,767,400.0,5047
2468,1.0,0.0,4.4,215,8,41,773,450.0,2616
2469,1.0,0.0,3.9,64,8,63,819,250.0,5047
2470,1.0,0.0,3.9,148,8,41,182,450.0,1966
2471,1.0,0.0,4.2,131,8,30,956,180.0,348
2472,1.0,0.0,3.9,100,8,70,1121,400.0,2867
2473,1.0,0.0,3.0,40,8,30,950,200.0,4014
2474,1.0,0.0,4.0,93,8,30,767,300.0,829
2475,0.0,1.0,4.1,473,73,20,1130,800.0,5047
2476,1.0,1.0,4.2,2840,65,22,1010,800.0,3227
2477,0.0,1.0,4.3,446,65,54,1124,2000.0,5047
2478,0.0,1.0,4.0,1703,12,13,386,1000.0,5047
2479,1.0,0.0,4.4,1087,48,1,179,600.0,905
2480,0.0,0.0,4.4,1896,65,30,958,400.0,5047
2481,0.0,0.0,4.5,232,66,30,790,1250.0,5047
2482,0.0,0.0,4.3,521,48,1,1504,1400.0,5047
2483,0.0,0.0,3.6,221,14,62,1640,300.0,5047
2484,1.0,0.0,4.1,41,12,30,789,150.0,2608
2485,1.0,0.0,4.1,114,66,13,169,700.0,3222
2486,1.0,0.0,4.3,570,78,13,407,700.0,4881
2487,0.0,0.0,4.0,1443,49,33,784,500.0,5047
2488,1.0,0.0,4.4,69,48,62,789,300.0,3270
2489,0.0,0.0,4.3,183,12,30,789,400.0,5047
2490,0.0,0.0,4.5,292,48,30,956,400.0,5047
2491,0.0,1.0,4.1,117,78,20,644,2000.0,5047
2492,1.0,0.0,4.2,432,78,14,482,700.0,5047
2493,1.0,1.0,4.1,294,66,20,914,1000.0,490
2494,1.0,0.0,4.2,115,49,14,350,500.0,5047
2495,0.0,0.0,4.0,97,78,30,175,400.0,5047
2496,0.0,0.0,3.6,52,66,3,188,300.0,5047
2497,1.0,0.0,4.0,78,14,64,864,350.0,697
2498,1.0,0.0,4.3,116,76,30,789,400.0,4481
2499,1.0,0.0,4.2,231,48,2,194,300.0,3024
2500,0.0,0.0,4.0,79,49,30,767,800.0,5047
2501,0.0,0.0,4.0,183,14,62,1121,400.0,5047
2502,1.0,0.0,4.0,85,65,35,442,400.0,5047
2503,1.0,0.0,3.8,59,14,69,853,300.0,5047
2504,0.0,0.0,4.0,100,65,30,956,150.0,5047
2505,1.0,0.0,4.1,63,49,30,767,900.0,5047
2506,1.0,0.0,3.9,61,73,9,214,150.0,5047
2507,1.0,0.0,4.0,68,12,30,767,250.0,5047
2508,1.0,0.0,4.0,122,12,12,217,400.0,5047
2509,1.0,0.0,2.9,46,78,3,187,400.0,5047
2510,0.0,0.0,4.2,221,76,30,956,150.0,5047
2511,1.0,0.0,4.0,47,66,30,773,300.0,5047
2512,0.0,0.0,3.4,27,49,62,1371,300.0,5047
2513,1.0,0.0,4.1,49,65,29,181,500.0,5047
2514,1.0,0.0,3.7,73,65,30,773,350.0,5047
2515,0.0,0.0,3.9,49,65,30,175,600.0,5047
2516,1.0,0.0,4.1,125,49,22,658,900.0,5047
2517,1.0,1.0,4.7,4657,15,59,1458,1300.0,334
2518,0.0,0.0,4.1,211,20,3,188,200.0,5047
2519,1.0,0.0,4.3,652,15,17,427,750.0,3422
2520,1.0,0.0,4.2,33,15,30,787,300.0,2079
2521,1.0,1.0,4.3,61,8,20,1541,700.0,1246
2522,0.0,1.0,4.3,2651,8,5,718,1300.0,5047
2523,0.0,1.0,4.4,1187,8,20,1068,1100.0,5047
2524,0.0,1.0,4.5,8375,8,61,20,2000.0,5047
2525,0.0,0.0,4.5,1573,8,21,1547,1500.0,5047
2526,0.0,1.0,4.4,256,8,54,139,1500.0,5047
2527,1.0,1.0,4.0,2103,8,27,540,2000.0,3652
2528,1.0,0.0,4.4,2090,8,20,1402,750.0,216
2529,0.0,1.0,4.2,240,8,57,31,1500.0,5047
2530,1.0,0.0,4.0,48,8,20,1019,1500.0,5034
2531,1.0,1.0,4.3,393,8,5,892,1600.0,707
2532,1.0,0.0,4.1,1117,8,20,14,1500.0,4871
2533,0.0,0.0,4.2,4422,8,26,12,1200.0,5047
2534,1.0,1.0,4.0,929,8,20,1491,800.0,5047
2535,0.0,1.0,4.1,548,8,60,878,1100.0,5047
2536,0.0,0.0,4.0,949,8,57,1196,1100.0,5047
2537,1.0,0.0,4.0,1203,8,8,663,2000.0,5047
2538,0.0,0.0,4.2,618,8,13,369,500.0,5047
2539,1.0,0.0,3.9,387,8,20,1474,750.0,5047
2540,0.0,0.0,2.0,395,8,46,878,1500.0,5047
2541,1.0,0.0,3.7,279,8,20,1272,800.0,5047
2542,1.0,0.0,4.2,127,8,20,1654,700.0,5047
2543,0.0,1.0,4.1,373,8,20,1156,650.0,5047
2544,1.0,0.0,3.8,72,8,13,343,650.0,5047
2545,1.0,0.0,2.9,50,8,62,1589,350.0,5047
2546,0.0,0.0,4.0,162,8,62,617,400.0,5047
2547,0.0,0.0,2.8,133,8,20,1440,650.0,5047
2548,1.0,1.0,4.0,1021,8,20,1375,700.0,5047
2549,0.0,0.0,3.9,122,8,20,1016,500.0,5047
2550,1.0,1.0,3.9,96,8,21,1147,1300.0,5047
2551,0.0,1.0,3.9,105,8,20,585,1000.0,5047
2552,0.0,0.0,3.7,125,8,20,609,600.0,5047
2553,1.0,0.0,3.8,69,8,20,1587,500.0,5047
2554,0.0,0.0,3.9,39,8,20,617,500.0,5047
2555,1.0,0.0,3.9,206,8,20,1481,800.0,5047
2556,1.0,0.0,3.6,104,8,13,404,800.0,5047
2557,1.0,0.0,4.1,1079,8,66,320,550.0,5047
2558,1.0,0.0,3.8,191,8,62,322,450.0,5047
2559,1.0,0.0,3.9,64,8,63,819,250.0,5047
2560,0.0,0.0,4.0,336,8,62,1669,300.0,5047
2561,1.0,0.0,3.7,123,8,43,558,400.0,5047
2562,0.0,0.0,2.7,61,8,62,1507,600.0,5047
2563,1.0,0.0,3.7,184,8,62,322,500.0,4083
2564,1.0,0.0,4.2,93,8,62,1561,300.0,5047
2565,0.0,0.0,3.4,8,8,62,1156,450.0,5047
2566,1.0,0.0,3.5,89,8,41,323,600.0,1413
2567,0.0,1.0,4.4,4575,49,46,156,1700.0,5047
2568,1.0,1.0,4.2,4732,12,20,1206,1500.0,4694
2569,0.0,1.0,4.5,2194,66,20,1103,1800.0,5047
2570,0.0,0.0,4.7,3894,65,54,647,1500.0,5047
2571,1.0,1.0,4.3,3126,49,20,1416,1500.0,4492
2572,0.0,1.0,4.2,3116,48,46,624,2500.0,5047
2573,0.0,1.0,4.4,858,48,37,148,3000.0,5047
2574,0.0,1.0,4.4,2115,48,37,1314,2200.0,5047
2575,1.0,1.0,4.4,2229,48,39,1014,3000.0,4760
2576,0.0,0.0,4.3,1773,65,20,43,800.0,5047
2577,0.0,1.0,4.6,2339,49,37,525,2800.0,5047
2578,0.0,0.0,4.3,1348,66,20,286,550.0,5047
2579,0.0,0.0,4.6,2259,12,13,495,1100.0,5047
2580,1.0,1.0,4.0,1912,49,20,1663,2100.0,808
2581,0.0,0.0,4.4,2392,48,25,1124,1500.0,5047
2582,0.0,0.0,4.6,979,49,37,1654,3000.0,5047
2583,0.0,1.0,4.5,5262,76,21,5,2500.0,5047
2584,0.0,1.0,4.5,674,65,37,1086,3500.0,5047
2585,1.0,1.0,4.6,1211,76,21,146,1700.0,5047
2586,0.0,1.0,4.2,2212,65,55,694,1700.0,5047
2587,1.0,0.0,4.3,7544,12,46,33,1500.0,5047
2588,0.0,1.0,4.4,2039,48,21,927,1200.0,5047
2589,1.0,1.0,4.4,1110,12,21,208,1200.0,5047
2590,1.0,1.0,4.4,3651,48,23,1464,1300.0,5047
2591,0.0,1.0,4.6,1082,66,20,802,1500.0,5047
2592,0.0,0.0,4.3,606,76,60,671,1300.0,5047
2593,0.0,1.0,4.3,149,78,37,18,2800.0,5047
2594,0.0,1.0,4.1,1327,48,21,810,2100.0,5047
2595,1.0,1.0,4.3,2664,49,13,406,1200.0,2502
2596,0.0,1.0,4.1,473,73,20,1130,800.0,5047
2597,0.0,1.0,4.1,2044,27,20,1375,1600.0,5047
2598,1.0,1.0,4.3,3484,48,61,646,1700.0,5047
2599,1.0,0.0,4.6,2490,48,20,809,1600.0,5047
2600,0.0,1.0,4.3,755,48,40,1411,3000.0,5047
2601,0.0,1.0,4.2,167,12,20,1580,1000.0,5047
2602,0.0,1.0,4.2,1418,49,60,667,1500.0,5047
2603,1.0,1.0,4.2,2840,65,22,1010,800.0,5047
2604,0.0,1.0,4.3,446,65,54,1124,2000.0,5047
2605,1.0,1.0,4.3,2040,49,20,1627,1500.0,5047
2606,0.0,0.0,3.9,2322,76,20,1591,700.0,5047
2607,0.0,0.0,4.3,1028,48,46,1114,1500.0,5047
2608,0.0,1.0,4.3,595,27,21,149,2500.0,5047
2609,1.0,1.0,4.2,2923,12,20,970,1000.0,5047
2610,1.0,1.0,3.9,1361,49,37,1156,2100.0,1898
2611,1.0,1.0,4.4,484,76,5,1124,1900.0,5047
2612,1.0,1.0,4.5,1394,12,21,558,1700.0,5047
2613,0.0,1.0,4.3,666,65,20,1013,2000.0,5047
2614,0.0,1.0,4.6,1423,48,37,1623,2200.0,5047
2615,1.0,1.0,4.3,763,48,20,1494,1400.0,5047
2616,1.0,1.0,4.4,1867,48,20,1009,1500.0,5047
2617,1.0,0.0,4.3,2177,65,20,239,600.0,5047
2618,1.0,0.0,3.9,74,49,20,255,800.0,5047
2619,0.0,0.0,4.5,3614,76,13,338,900.0,5047
2620,0.0,1.0,4.4,282,65,5,125,1200.0,5047
2621,1.0,1.0,4.4,737,49,22,8,1700.0,5047
2622,0.0,1.0,4.2,149,78,37,988,2500.0,5047
2623,0.0,1.0,4.4,1094,78,20,1325,1600.0,5047
2624,0.0,0.0,4.3,1773,12,46,711,1300.0,5047
2625,1.0,1.0,4.1,875,65,20,1534,1400.0,5047
2626,0.0,1.0,4.4,189,48,21,1225,1000.0,5047
2627,0.0,1.0,4.1,1769,12,13,386,1000.0,5047
2628,0.0,0.0,4.4,2662,12,13,332,600.0,5047
2629,0.0,1.0,4.3,695,66,37,805,2500.0,5047
2630,0.0,1.0,4.3,548,73,20,1013,1400.0,5047
2631,1.0,0.0,3.9,377,49,70,1121,200.0,5047
2632,0.0,1.0,4.5,340,49,20,965,1500.0,5047
2633,0.0,1.0,4.5,583,48,37,965,4000.0,5047
2634,0.0,0.0,4.3,1199,65,20,521,550.0,5047
2635,0.0,0.0,4.3,701,49,37,812,3000.0,5047
2636,0.0,1.0,3.8,64,49,20,167,1500.0,5047
2637,0.0,1.0,4.2,484,65,46,878,3000.0,5047
2638,0.0,0.0,4.1,1022,65,20,1231,500.0,5047
2639,0.0,1.0,4.2,347,48,21,1375,1000.0,5047
2640,0.0,0.0,4.3,2319,12,5,885,1100.0,5047
2641,1.0,0.0,4.0,787,12,20,42,650.0,5047
2642,0.0,1.0,4.3,284,76,5,1104,1200.0,5047
2643,0.0,1.0,4.1,565,49,22,1349,2500.0,5047
2644,0.0,0.0,4.3,456,48,25,173,1500.0,5047
2645,0.0,1.0,4.4,186,49,37,1100,2000.0,5047
2646,0.0,1.0,4.2,2074,48,20,807,1500.0,5047
2647,0.0,1.0,4.1,209,49,60,690,1000.0,5047
2648,1.0,1.0,4.2,2270,76,21,815,1400.0,2946
2649,0.0,0.0,4.3,687,48,20,1658,1500.0,5047
2650,0.0,0.0,4.2,1279,12,57,697,1100.0,5047
2651,1.0,0.0,3.9,117,78,20,513,600.0,668
2652,1.0,1.0,4.3,500,48,21,558,1300.0,1564
2653,1.0,1.0,4.2,980,78,21,913,1000.0,2929
2654,1.0,0.0,4.0,1096,78,20,1050,1300.0,2128
2655,1.0,0.0,4.3,3547,12,13,459,650.0,4501
2656,1.0,1.0,4.4,218,76,20,1529,850.0,5047
2657,1.0,1.0,4.2,937,12,13,385,750.0,4896
2658,1.0,1.0,4.4,861,49,20,157,1800.0,4502
2659,0.0,0.0,4.1,530,14,20,576,500.0,5047
2660,0.0,1.0,4.5,550,78,20,1082,1800.0,5047
2661,1.0,1.0,4.0,932,12,21,22,1000.0,318
2662,1.0,1.0,4.4,712,66,20,1090,1000.0,5047
2663,0.0,1.0,4.6,116,66,20,521,1200.0,5047
2664,0.0,1.0,4.3,612,65,37,1326,3400.0,5047
2665,0.0,0.0,4.2,162,78,13,499,750.0,5047
2666,1.0,0.0,4.2,858,78,20,1655,1800.0,632
2667,0.0,0.0,4.0,53,66,37,143,2000.0,5047
2668,0.0,1.0,4.1,80,78,37,1015,3000.0,5047
2669,0.0,1.0,4.1,93,65,57,664,1000.0,5047
2670,1.0,1.0,4.1,853,12,20,1534,1400.0,3313
2671,0.0,1.0,4.3,355,66,37,1375,3500.0,5047
2672,0.0,0.0,4.3,67,65,13,480,400.0,5047
2673,0.0,0.0,4.3,788,12,16,453,900.0,5047
2674,0.0,1.0,3.9,680,12,21,1559,1200.0,5047
2675,0.0,0.0,4.1,765,65,20,1376,800.0,5047
2676,0.0,1.0,4.2,538,49,26,1404,1500.0,5047
2677,0.0,1.0,4.3,325,66,20,1279,1200.0,5047
2678,0.0,1.0,4.3,231,66,37,1013,4000.0,5047
2679,0.0,0.0,3.9,161,74,20,1196,500.0,5047
2680,1.0,0.0,4.1,114,66,13,169,700.0,3222
2681,0.0,1.0,4.0,171,12,20,1156,1300.0,5047
2682,0.0,1.0,4.1,270,65,38,1156,4000.0,5047
2683,1.0,1.0,4.1,354,66,20,1549,1200.0,1036
2684,1.0,1.0,4.1,450,12,20,1156,1000.0,5047
2685,1.0,1.0,4.1,765,78,21,29,1200.0,225
2686,0.0,0.0,3.9,378,65,4,1235,1000.0,5047
2687,1.0,0.0,4.3,570,78,13,407,700.0,4881
2688,1.0,0.0,4.0,162,66,21,1156,1700.0,2744
2689,1.0,0.0,4.3,901,78,20,1013,2000.0,3440
2690,1.0,1.0,4.3,550,73,20,570,1200.0,2662
2691,1.0,1.0,4.3,1048,48,20,981,1600.0,3871
2692,1.0,0.0,4.4,319,12,20,1375,800.0,5047
2693,1.0,1.0,4.3,225,49,5,122,2000.0,3273
2694,0.0,1.0,4.3,449,49,37,558,3000.0,5047
2695,0.0,0.0,4.2,38,66,4,897,2000.0,5047
2696,0.0,1.0,3.9,312,65,37,1347,2000.0,5047
2697,0.0,1.0,4.4,424,65,38,521,3500.0,5047
2698,0.0,0.0,4.1,1543,48,57,760,1200.0,5047
2699,1.0,0.0,4.0,113,49,20,972,1000.0,5047
2700,1.0,0.0,4.1,459,12,13,345,700.0,5047
2701,1.0,1.0,4.0,188,74,21,1361,1300.0,4511
2702,0.0,0.0,4.3,524,12,20,1153,800.0,5047
2703,1.0,0.0,4.0,360,65,20,610,1000.0,4724
2704,1.0,0.0,2.8,109,73,20,616,500.0,5047
2705,1.0,0.0,4.0,175,78,20,266,750.0,341
2706,1.0,0.0,3.9,463,78,16,340,800.0,478
2707,0.0,1.0,4.4,183,48,21,1013,1800.0,5047
2708,1.0,0.0,4.2,172,14,20,1151,800.0,4925
2709,0.0,1.0,4.1,608,49,27,624,2800.0,5047
2710,1.0,0.0,4.3,1133,27,13,438,800.0,4816
2711,1.0,0.0,4.2,121,48,21,1152,1000.0,5047
2712,1.0,0.0,3.9,205,76,20,1235,500.0,5047
2713,0.0,0.0,3.8,617,49,46,1254,3000.0,5047
2714,0.0,1.0,3.9,297,73,13,455,750.0,5047
2715,1.0,0.0,3.9,366,65,20,1216,800.0,5047
2716,0.0,1.0,4.1,117,78,20,644,2000.0,5047
2717,0.0,0.0,3.9,183,78,20,1320,2200.0,5047
2718,1.0,0.0,3.6,95,27,16,373,650.0,1768
2719,0.0,1.0,4.1,335,49,21,1050,1800.0,5047
2720,1.0,0.0,3.9,224,12,20,1342,950.0,5047
2721,1.0,0.0,4.2,1764,76,20,625,750.0,5047
2722,0.0,1.0,4.2,175,66,37,624,3000.0,5047
2723,1.0,1.0,4.1,294,66,20,914,1000.0,490
2724,0.0,1.0,3.9,747,12,57,886,1500.0,5047
2725,1.0,0.0,4.2,115,49,14,350,500.0,5047
2726,1.0,0.0,4.1,54,65,20,931,400.0,5047
2727,0.0,0.0,4.0,108,74,20,1196,550.0,5047
2728,0.0,0.0,4.2,115,78,22,1074,1000.0,5047
2729,0.0,0.0,3.9,191,76,4,878,600.0,5047
2730,0.0,0.0,4.0,224,65,20,1435,700.0,5047
2731,0.0,0.0,4.0,58,78,20,1095,2000.0,5047
2732,1.0,0.0,3.7,111,74,20,1196,550.0,5047
2733,1.0,1.0,3.8,203,66,20,1258,1200.0,5047
2734,0.0,0.0,2.7,402,49,57,1196,1000.0,5047
2735,0.0,0.0,4.2,697,76,62,1547,300.0,5047
2736,1.0,0.0,3.9,158,27,20,608,1300.0,5047
2737,1.0,0.0,3.9,87,78,20,1242,500.0,5047
2738,0.0,0.0,3.9,234,47,5,996,1000.0,5047
2739,1.0,0.0,3.6,82,73,20,1196,500.0,5047
2740,1.0,1.0,3.8,198,49,20,982,1600.0,5047
2741,1.0,0.0,3.0,74,73,20,1156,500.0,4607
2742,0.0,1.0,4.2,271,49,37,994,3000.0,5047
2743,0.0,1.0,3.7,91,48,14,353,1000.0,5047
2744,0.0,0.0,3.6,60,74,20,1423,450.0,5047
2745,1.0,0.0,4.1,119,66,20,640,1000.0,5047
2746,1.0,1.0,3.1,58,76,62,247,400.0,5047
2747,0.0,0.0,2.5,433,14,20,602,650.0,5047
2748,0.0,0.0,4.0,101,66,20,521,550.0,5047
2749,0.0,0.0,4.1,104,48,19,471,1200.0,5047
2750,0.0,0.0,3.1,120,48,21,1304,1200.0,5047
2751,0.0,0.0,2.8,253,27,20,1196,1000.0,5047
2752,0.0,0.0,3.7,293,65,57,1296,1000.0,5047
2753,0.0,0.0,4.0,93,65,46,878,2000.0,5047
2754,0.0,0.0,4.0,62,78,46,878,1500.0,5047
2755,1.0,0.0,3.9,184,73,20,1575,400.0,5047
2756,1.0,0.0,3.8,59,14,69,853,300.0,5047
2757,0.0,1.0,3.8,73,73,4,723,1200.0,5047
2758,0.0,0.0,4.1,117,49,37,34,3000.0,5047
2759,1.0,0.0,3.9,67,12,10,511,500.0,5047
2760,1.0,0.0,4.2,382,78,13,1478,500.0,5047
2761,0.0,0.0,3.5,53,48,21,154,1800.0,5047
2762,0.0,0.0,3.9,72,48,46,1621,2500.0,5047
2763,0.0,0.0,3.9,134,76,20,984,800.0,5047
2764,0.0,0.0,4.1,168,49,37,521,2500.0,5047
2765,1.0,0.0,2.6,307,73,20,1145,700.0,5047
2766,0.0,0.0,3.9,89,76,20,1393,1400.0,5047
2767,1.0,0.0,2.8,296,14,20,235,600.0,5047
2768,1.0,0.0,3.4,122,65,13,362,600.0,5047
2769,0.0,1.0,3.9,315,49,13,404,800.0,5047
2770,0.0,0.0,3.7,52,66,20,1423,550.0,5047
2771,1.0,0.0,3.8,262,66,20,604,850.0,5047
2772,0.0,1.0,4.0,98,78,46,887,2400.0,5047
2773,1.0,0.0,3.3,261,73,20,1196,500.0,5047
2774,0.0,1.0,3.8,108,78,4,1196,1400.0,5047
2775,0.0,1.0,3.9,100,65,20,1156,1900.0,5047
2776,0.0,0.0,3.0,107,49,20,1304,800.0,5047
2777,0.0,0.0,3.7,145,66,22,571,1000.0,5047
2778,0.0,0.0,4.1,259,49,21,663,1200.0,5047
2779,0.0,1.0,4.2,258,49,21,1661,1500.0,5047
2780,1.0,0.0,4.0,132,65,12,1652,250.0,5047
2781,1.0,0.0,3.8,96,78,13,420,600.0,5047
2782,0.0,0.0,3.7,57,76,20,1196,700.0,5047
2783,0.0,0.0,3.8,67,66,20,1547,500.0,5047
2784,0.0,1.0,4.3,164,66,37,1009,3000.0,5047
2785,0.0,0.0,4.0,209,65,20,558,500.0,5047
2786,0.0,0.0,3.8,150,12,20,624,800.0,5047
2787,1.0,0.0,3.5,140,12,20,1156,600.0,5047
2788,0.0,1.0,3.6,277,76,21,56,800.0,5047
2789,0.0,0.0,1.8,224,12,20,1304,1200.0,5047
2790,0.0,0.0,2.9,46,73,20,1602,550.0,5047
2791,1.0,1.0,3.8,194,76,20,274,800.0,5047
2792,0.0,0.0,3.9,119,27,21,1537,800.0,5047
2793,0.0,0.0,3.8,52,66,20,1314,1200.0,5047
2794,0.0,0.0,3.7,32,14,20,1335,800.0,5047
2795,0.0,0.0,2.2,48,65,20,1050,600.0,5047
2796,0.0,0.0,3.4,10,49,62,1209,350.0,5047
2797,0.0,0.0,3.8,217,48,20,976,2000.0,5047
2798,1.0,0.0,3.8,260,49,13,332,700.0,5047
2799,1.0,0.0,3.4,50,12,20,1234,600.0,5047
2800,0.0,0.0,3.7,82,49,37,965,2500.0,5047
2801,1.0,0.0,4.1,125,49,22,658,900.0,5047
2802,0.0,0.0,4.1,121,66,20,1196,600.0,5047
2803,1.0,1.0,2.2,406,49,20,1109,1000.0,5047
2804,1.0,0.0,4.4,1087,48,1,179,600.0,5047
2805,1.0,0.0,4.0,867,48,62,1608,400.0,5047
2806,0.0,0.0,4.5,174,66,62,1407,250.0,5047
2807,1.0,0.0,4.4,222,49,62,319,700.0,2582
2808,0.0,0.0,4.1,356,66,62,1181,400.0,5047
2809,0.0,0.0,3.6,221,14,62,1640,300.0,5047
2810,0.0,0.0,3.9,80,12,62,521,500.0,5047
2811,0.0,0.0,4.0,1217,12,62,1547,200.0,5047
2812,1.0,0.0,3.9,101,78,62,1156,150.0,5047
2813,1.0,0.0,4.1,41,12,30,789,150.0,2608
2814,0.0,0.0,4.1,274,66,62,1547,150.0,5047
2815,0.0,0.0,4.0,1443,49,33,784,500.0,5047
2816,1.0,1.0,4.1,94,12,62,928,300.0,9
2817,1.0,0.0,4.3,284,76,62,330,500.0,5047
2818,0.0,0.0,4.0,102,66,62,78,300.0,5047
2819,1.0,0.0,4.1,159,76,62,1451,300.0,5047
2820,1.0,0.0,4.0,101,76,62,1023,150.0,5047
2821,0.0,0.0,4.0,89,27,62,1568,300.0,5047
2822,1.0,0.0,4.1,204,78,62,1594,250.0,5047
2823,0.0,0.0,2.7,77,49,62,1235,500.0,5047
2824,0.0,0.0,3.9,75,14,62,1547,150.0,5047
2825,0.0,0.0,3.6,52,66,3,188,300.0,5047
2826,1.0,0.0,4.0,787,66,62,90,400.0,5047
2827,1.0,0.0,3.9,113,73,62,861,250.0,5047
2828,1.0,0.0,4.0,78,14,64,864,350.0,5047
2829,1.0,0.0,3.9,117,49,62,1474,800.0,5047
2830,1.0,0.0,3.8,106,65,62,1561,200.0,5047
2831,0.0,0.0,3.0,33,14,62,1563,400.0,5047
2832,0.0,0.0,3.2,57,48,62,1531,350.0,5047
2833,1.0,0.0,3.9,55,76,62,256,400.0,5047
2834,1.0,0.0,3.6,79,65,62,1552,500.0,5047
2835,0.0,0.0,3.8,95,12,62,817,500.0,5047
2836,0.0,0.0,3.9,77,49,62,1547,200.0,5047
2837,1.0,0.0,3.5,62,12,62,266,400.0,5047
2838,0.0,0.0,3.7,70,78,62,1502,500.0,5047
2839,1.0,0.0,3.1,163,12,62,825,350.0,5047
2840,1.0,0.0,3.8,170,73,62,1416,250.0,5047
2841,1.0,0.0,3.9,454,65,62,270,400.0,1187
2842,1.0,0.0,3.9,252,65,62,1190,500.0,1029
2843,0.0,0.0,3.7,58,12,62,1597,250.0,5047
2844,1.0,0.0,3.2,46,78,62,1156,300.0,5047
2845,0.0,0.0,3.7,160,76,62,235,300.0,5047
2846,0.0,0.0,4.1,399,74,62,1178,300.0,5047
2847,0.0,0.0,3.8,38,14,62,531,300.0,5047
2848,0.0,0.0,3.8,41,65,62,210,100.0,5047
2849,1.0,0.0,3.8,113,65,30,681,500.0,5047
2850,1.0,1.0,4.7,4657,15,59,1458,1300.0,5047
2851,1.0,1.0,4.1,612,15,20,47,1100.0,5047
2852,1.0,1.0,4.5,1621,15,20,1008,1300.0,5047
2853,1.0,0.0,4.3,652,15,17,427,750.0,5047
2854,0.0,1.0,4.0,323,15,46,1397,1300.0,5047
2855,1.0,1.0,4.2,474,15,20,1272,1700.0,5047
2856,1.0,0.0,4.1,391,15,20,544,600.0,5047
2857,1.0,1.0,4.3,858,15,22,659,1000.0,5047
2858,1.0,0.0,4.2,739,15,13,406,750.0,5047
2859,1.0,0.0,3.9,430,20,20,1140,550.0,5047
2860,1.0,1.0,4.0,378,15,20,1243,850.0,5047
2861,0.0,0.0,4.1,211,20,3,188,200.0,5047
2862,1.0,0.0,3.7,162,15,20,604,700.0,5047
2863,1.0,0.0,3.3,201,15,20,521,700.0,5047
2864,1.0,0.0,4.1,402,15,20,1378,750.0,5047
2865,1.0,1.0,3.8,91,15,20,1429,1800.0,5047
2866,0.0,1.0,3.7,100,61,20,1570,1600.0,5047
2867,0.0,0.0,4.0,107,15,62,1080,400.0,5047
2868,1.0,0.0,3.7,74,20,62,1156,300.0,5047
2869,0.0,0.0,4.5,203,13,62,1547,150.0,5047
2870,0.0,0.0,3.2,41,13,62,1617,400.0,5047
2871,0.0,0.0,4.0,53,15,62,1112,400.0,5047
2872,0.0,1.0,3.9,156,15,20,1446,1100.0,5047
2873,1.0,0.0,3.9,146,15,62,1476,600.0,5047
2874,1.0,0.0,2.8,142,20,3,181,300.0,5047
2875,0.0,1.0,4.3,2651,8,5,718,1300.0,5047
2876,1.0,1.0,4.0,2103,8,27,540,2000.0,5047
2877,0.0,1.0,4.4,2039,48,21,927,1200.0,5047
2878,0.0,1.0,4.5,8375,8,61,20,2000.0,5047
2879,0.0,0.0,4.5,1573,8,21,1547,1500.0,5047
2880,0.0,1.0,4.4,256,8,54,139,1500.0,5047
2881,0.0,1.0,4.2,240,8,57,31,1500.0,5047
2882,1.0,1.0,4.3,393,8,5,892,1600.0,5047
2883,0.0,1.0,4.1,548,8,60,878,1100.0,5047
2884,0.0,0.0,4.0,949,8,57,1196,1100.0,5047
2885,1.0,0.0,4.0,1203,8,8,663,2000.0,5047
2886,0.0,0.0,2.0,395,8,46,878,1500.0,5047
2887,0.0,1.0,4.4,4575,49,46,156,1700.0,5047
2888,0.0,0.0,4.7,3894,65,54,647,1500.0,5047
2889,0.0,1.0,4.2,3116,48,46,624,2500.0,5047
2890,0.0,1.0,4.4,858,48,37,148,3000.0,5047
2891,1.0,1.0,4.4,2229,48,39,1014,3000.0,5047
2892,0.0,0.0,4.4,2392,48,25,1124,1500.0,5047
2893,0.0,1.0,4.5,5262,76,21,5,2500.0,5047
2894,1.0,1.0,4.6,1211,76,21,146,1700.0,5047
2895,0.0,1.0,4.2,2212,65,55,694,1700.0,5047
2896,0.0,1.0,4.4,2039,48,21,927,1200.0,5047
2897,1.0,1.0,4.4,3651,48,23,1464,1300.0,5047
2898,0.0,0.0,4.3,606,76,60,671,1300.0,5047
2899,1.0,1.0,4.3,3484,48,61,646,1700.0,5047
2900,0.0,1.0,4.2,1418,49,60,667,1500.0,5047
2901,0.0,1.0,4.3,446,65,54,1124,2000.0,5047
2902,0.0,0.0,4.3,1028,48,46,1114,1500.0,5047
2903,0.0,1.0,4.3,595,27,21,149,2500.0,5047
2904,1.0,1.0,4.4,484,76,5,1124,1900.0,5047
2905,1.0,0.0,4.3,1703,12,46,711,1300.0,5047
2906,0.0,1.0,4.4,108,48,21,1225,1000.0,5047
2907,0.0,1.0,4.3,474,65,46,878,3000.0,5047
2908,0.0,0.0,4.3,2240,12,5,885,1100.0,5047
2909,0.0,1.0,4.3,284,76,5,1104,1200.0,5047
2910,0.0,1.0,4.1,209,49,60,690,1000.0,5047
2911,1.0,1.0,4.2,2270,76,21,815,1400.0,5047
2912,0.0,0.0,4.2,1279,12,57,697,1100.0,5047
2913,1.0,1.0,4.0,932,12,21,22,1000.0,5047
2914,0.0,1.0,4.1,93,65,57,664,1000.0,5047
2915,0.0,0.0,4.2,2020,73,26,26,1200.0,5047
2916,0.0,1.0,3.9,680,12,21,1559,1200.0,5047
2917,0.0,1.0,4.2,538,49,26,1404,1500.0,5047
2918,0.0,0.0,3.9,378,65,4,1235,1000.0,5047
2919,0.0,0.0,4.2,38,66,4,897,2000.0,5047
2920,0.0,0.0,4.1,1543,48,57,760,1200.0,5047
2921,0.0,1.0,4.1,608,49,27,624,2800.0,5047
2922,0.0,0.0,3.8,617,49,46,1254,3000.0,5047
2923,0.0,1.0,3.9,747,12,57,886,1500.0,5047
2924,0.0,0.0,3.9,191,76,4,878,600.0,5047
2925,0.0,0.0,2.7,402,49,57,1196,1000.0,5047
2926,0.0,0.0,3.9,234,47,5,996,1000.0,5047
2927,0.0,0.0,3.7,293,65,57,1296,1000.0,5047
2928,0.0,0.0,4.0,93,65,46,878,2000.0,5047
2929,0.0,0.0,4.0,62,78,46,878,1500.0,5047
2930,0.0,1.0,4.0,196,49,47,1368,3000.0,5047
2931,0.0,1.0,3.8,73,73,4,723,1200.0,5047
2932,0.0,0.0,3.9,72,48,46,1621,2500.0,5047
2933,0.0,1.0,4.0,98,78,46,887,2400.0,5047
2934,0.0,1.0,3.8,108,78,4,1196,1400.0,5047
2935,0.0,0.0,4.1,259,49,21,663,1200.0,5047
2936,0.0,1.0,4.2,258,49,21,1661,1500.0,5047
2937,1.0,1.0,4.7,4657,15,59,1458,1300.0,5047
2938,0.0,1.0,4.0,323,15,46,1397,1300.0,5047
2939,1.0,0.0,3.9,77,44,30,956,800.0,5047
2940,1.0,0.0,4.1,323,44,13,342,700.0,5047
2941,1.0,0.0,4.0,152,42,12,219,350.0,5047
2942,1.0,0.0,4.0,100,44,30,175,150.0,5047
2943,1.0,0.0,3.9,110,42,30,950,200.0,5047
2944,0.0,0.0,3.9,43,42,9,224,200.0,5047
2945,0.0,0.0,3.8,34,42,0,187,400.0,5047
2946,0.0,0.0,3.8,286,45,33,784,500.0,5047
2947,0.0,0.0,3.7,73,43,70,1118,250.0,5047
2948,1.0,1.0,4.4,1110,12,21,208,1200.0,5047
2949,0.0,0.0,4.3,606,76,60,671,1300.0,5047
2950,0.0,1.0,4.1,1327,48,21,810,2100.0,5047
2951,1.0,1.0,4.3,3484,48,61,646,1700.0,5047
2952,0.0,1.0,4.2,1418,49,60,667,1500.0,5047
2953,0.0,1.0,4.3,595,27,21,149,2500.0,5047
2954,1.0,1.0,4.4,484,76,5,1124,1900.0,5047
2955,1.0,1.0,4.5,1394,12,21,558,1700.0,5047
2956,0.0,1.0,4.4,108,48,21,1225,1000.0,5047
2957,0.0,1.0,4.2,332,48,21,1375,1000.0,5047
2958,0.0,0.0,4.3,2240,12,5,885,1100.0,5047
2959,0.0,1.0,4.3,284,76,5,1104,1200.0,5047
2960,0.0,1.0,4.1,209,49,60,690,1000.0,5047
2961,1.0,1.0,4.2,2270,76,21,815,1400.0,5047
2962,0.0,0.0,4.2,1279,12,57,697,1100.0,5047
2963,1.0,1.0,4.3,500,48,21,558,1300.0,5047
2964,1.0,1.0,4.2,980,78,21,913,1000.0,5047
2965,1.0,1.0,4.0,932,12,21,22,1000.0,5047
2966,0.0,1.0,4.1,93,65,57,664,1000.0,5047
2967,0.0,1.0,3.9,680,12,21,1559,1200.0,5047
2968,0.0,1.0,4.2,538,49,26,1404,1500.0,5047
2969,0.0,1.0,4.1,270,65,38,1156,4000.0,5047
2970,1.0,1.0,4.1,765,78,21,29,1200.0,5047
2971,0.0,0.0,3.9,378,65,4,1235,1000.0,5047
2972,1.0,0.0,4.0,162,66,21,1156,1700.0,5047
2973,1.0,1.0,4.3,225,49,5,122,2000.0,5047
2974,0.0,0.0,4.2,38,66,4,897,2000.0,5047
2975,0.0,1.0,4.4,424,65,38,521,3500.0,5047
2976,0.0,0.0,4.1,1543,48,57,760,1200.0,5047
2977,1.0,1.0,4.0,188,74,21,1361,1300.0,5047
2978,0.0,1.0,4.4,183,48,21,1013,1800.0,5047
2979,1.0,0.0,4.2,121,48,21,1152,1000.0,5047
2980,0.0,1.0,4.1,335,49,21,1050,1800.0,5047
2981,0.0,1.0,3.9,747,12,57,886,1500.0,5047
2982,0.0,0.0,3.9,191,76,4,878,600.0,5047
2983,0.0,0.0,2.7,402,49,57,1196,1000.0,5047
2984,0.0,0.0,3.9,234,47,5,996,1000.0,5047
2985,0.0,0.0,3.1,120,48,21,1304,1200.0,5047
2986,0.0,0.0,3.7,293,65,57,1296,1000.0,5047
2987,0.0,1.0,4.0,196,49,47,1368,3000.0,5047
2988,0.0,1.0,3.8,73,73,4,723,1200.0,5047
2989,0.0,0.0,3.5,53,48,21,154,1800.0,5047
2990,0.0,1.0,3.8,108,78,4,1196,1400.0,5047
2991,0.0,0.0,4.1,259,49,21,663,1200.0,5047
2992,0.0,1.0,4.2,258,49,21,1661,1500.0,5047
2993,0.0,1.0,3.6,277,76,21,56,800.0,5047
2994,1.0,1.0,4.7,4657,15,59,1458,1300.0,5047
2995,1.0,1.0,4.3,840,9,22,1468,600.0,5047
2996,1.0,1.0,4.2,767,9,20,1166,700.0,5047
2997,1.0,1.0,3.8,818,9,21,1156,750.0,5047
2998,0.0,1.0,4.8,2882,84,20,813,1600.0,5047
2999,0.0,1.0,4.9,2745,84,20,153,1400.0,5047
3000,1.0,1.0,4.0,2807,84,21,1143,1100.0,5047
3001,0.0,1.0,4.1,460,84,21,1348,1000.0,5047
3002,0.0,0.0,4.1,450,84,20,1156,1800.0,5047
3003,1.0,1.0,4.7,1512,84,20,558,1700.0,5047
3004,0.0,1.0,4.0,345,53,21,138,1500.0,5047
3005,0.0,0.0,3.9,69,84,21,1441,1200.0,5047
3006,0.0,1.0,4.1,821,84,37,1160,2500.0,5047
3007,1.0,1.0,4.2,560,84,20,1365,1000.0,5047
3008,0.0,1.0,4.0,288,84,20,636,1500.0,5047
3009,0.0,1.0,3.8,137,84,37,1418,2000.0,5047
3010,0.0,1.0,3.5,185,84,20,1309,800.0,5047
3011,0.0,0.0,3.6,62,84,20,993,1500.0,5047
3012,0.0,0.0,3.9,75,84,38,878,2000.0,5047
3013,0.0,0.0,3.8,118,84,20,1321,1900.0,5047
3014,0.0,0.0,2.8,161,84,21,539,1200.0,5047
3015,0.0,1.0,3.0,83,84,20,1547,1200.0,5047
3016,1.0,0.0,2.6,118,53,21,1196,1200.0,5047
3017,0.0,0.0,2.9,51,84,20,1235,600.0,5047
3018,0.0,1.0,3.6,54,84,20,1279,1100.0,5047
3019,0.0,1.0,4.2,65,9,14,355,400.0,5047
3020,1.0,1.0,4.3,840,9,22,1468,600.0,2167
3021,1.0,0.0,4.2,819,9,13,506,300.0,278
3022,1.0,1.0,4.0,130,9,13,367,600.0,473
3023,1.0,1.0,3.2,501,9,13,359,500.0,5015
3024,0.0,0.0,4.0,72,9,13,332,500.0,5047
3025,1.0,0.0,4.0,293,9,62,366,650.0,315
3026,0.0,0.0,2.3,30,9,13,436,900.0,5047
3027,0.0,0.0,4.1,701,9,13,387,600.0,5047
3028,1.0,1.0,4.5,733,84,17,9,900.0,468
3029,1.0,1.0,4.3,330,84,22,1315,1400.0,1687
3030,0.0,1.0,4.2,500,84,22,573,2000.0,5047
3031,1.0,0.0,3.4,54,25,13,374,1000.0,474
3032,1.0,0.0,4.1,142,84,13,332,700.0,1083
3033,1.0,0.0,3.1,175,84,35,779,600.0,694
3034,1.0,0.0,2.8,67,53,13,508,300.0,3149
3035,0.0,0.0,3.9,57,84,1,177,400.0,5047
3036,0.0,0.0,3.9,90,84,13,396,700.0,5047
3037,1.0,0.0,3.5,156,80,72,1056,400.0,2110
3038,1.0,0.0,3.8,599,53,29,1477,700.0,5047
3039,1.0,0.0,4.2,351,9,20,604,600.0,1315
3040,1.0,0.0,3.6,151,17,29,1004,450.0,5047
3041,1.0,0.0,3.8,798,53,29,1429,450.0,5047
3042,1.0,0.0,3.8,78,80,72,1518,250.0,3883
3043,1.0,0.0,2.8,295,53,29,1196,500.0,5047
3044,1.0,0.0,4.0,107,84,62,1209,400.0,5047
3045,1.0,0.0,3.6,193,25,29,282,400.0,5047
3046,1.0,1.0,4.2,767,9,20,1166,700.0,2511
3047,1.0,0.0,4.4,150,53,62,1238,300.0,4735
3048,1.0,0.0,3.5,69,9,20,1142,850.0,1300
3049,1.0,0.0,3.8,58,53,62,939,500.0,3943
3050,1.0,0.0,3.7,751,53,20,1210,500.0,2998
3051,1.0,0.0,3.6,97,53,13,332,650.0,791
3052,1.0,0.0,4.0,151,84,62,1375,600.0,5047
3053,1.0,0.0,3.6,297,84,62,666,400.0,4514
3054,1.0,0.0,3.6,162,53,29,1156,400.0,282
3055,1.0,0.0,3.3,405,84,29,1327,500.0,3531
3056,1.0,0.0,3.7,241,53,62,1407,400.0,4835
3057,1.0,0.0,4.3,200,25,72,1465,600.0,5047
3058,1.0,1.0,4.4,1777,53,20,558,800.0,3404
3059,1.0,0.0,4.2,218,9,69,1121,400.0,4213
3060,1.0,0.0,3.4,308,53,62,1196,300.0,1279
3061,1.0,0.0,3.0,208,53,62,1547,450.0,96
3062,1.0,0.0,3.5,338,53,20,94,1000.0,393
3063,1.0,1.0,3.5,151,53,20,1196,800.0,4419
3064,1.0,0.0,3.3,387,84,20,286,800.0,5047
3065,1.0,0.0,3.4,372,84,20,1209,500.0,5047
3066,1.0,0.0,3.0,394,9,62,322,500.0,1600
3067,1.0,0.0,3.9,84,53,62,942,300.0,5047
3068,1.0,0.0,3.7,52,84,29,1156,350.0,1068
3069,1.0,0.0,3.7,175,84,29,1296,500.0,248
3070,1.0,0.0,4.6,110,53,11,214,400.0,1626
3071,1.0,0.0,3.9,81,53,62,1209,400.0,5047
3072,1.0,0.0,2.6,158,53,62,1156,300.0,5047
3073,1.0,0.0,3.9,162,84,29,1033,300.0,2124
3074,1.0,0.0,2.6,329,53,20,947,700.0,5047
3075,1.0,0.0,4.0,306,53,62,1628,150.0,641
3076,1.0,0.0,3.1,152,53,20,199,600.0,1518
3077,1.0,0.0,4.2,78,84,72,1392,500.0,1890
3078,1.0,0.0,3.3,225,53,62,1333,250.0,271
3079,1.0,0.0,3.1,216,53,20,601,650.0,5047
3080,1.0,0.0,3.3,68,53,12,228,250.0,2306
3081,1.0,1.0,3.9,1117,84,20,114,750.0,3555
3082,1.0,0.0,3.0,458,9,62,1474,800.0,141
3083,1.0,0.0,4.1,502,53,30,773,500.0,2271
3084,1.0,0.0,4.0,167,53,30,798,350.0,3192
3085,1.0,0.0,4.0,171,84,0,181,500.0,1646
3086,0.0,0.0,4.1,1123,9,62,1439,500.0,5047
3087,0.0,1.0,4.2,65,9,14,355,400.0,5047
3088,1.0,0.0,2.4,125,84,20,1201,500.0,748
3089,1.0,0.0,3.3,184,53,62,825,350.0,471
3090,1.0,0.0,4.2,402,84,29,1156,400.0,3924
3091,1.0,1.0,4.3,330,84,22,1315,1400.0,1687
3092,1.0,0.0,3.7,487,53,20,278,700.0,2737
3093,1.0,0.0,3.5,108,53,62,1335,300.0,3849
3094,1.0,0.0,4.1,48,53,29,1113,600.0,1501
3095,1.0,0.0,3.2,835,84,29,923,450.0,2974
3096,1.0,0.0,4.2,3336,53,20,304,600.0,5047
3097,1.0,0.0,3.9,114,25,62,323,600.0,1414
3098,1.0,0.0,4.1,319,53,29,1196,300.0,3841
3099,1.0,0.0,4.5,224,53,62,530,300.0,4697
3100,0.0,0.0,3.4,230,9,20,516,550.0,5047
3101,1.0,0.0,3.7,486,25,62,1465,750.0,4225
3102,1.0,0.0,4.0,58,84,30,789,300.0,3209
3103,1.0,0.0,3.8,107,9,20,1162,800.0,5047
3104,1.0,0.0,3.2,789,9,62,106,400.0,1377
3105,1.0,0.0,4.0,239,53,62,1637,200.0,4997
3106,1.0,0.0,3.9,191,84,62,1196,300.0,5047
3107,1.0,0.0,4.0,176,25,29,1190,500.0,1015
3108,1.0,0.0,3.9,666,53,20,1606,450.0,2841
3109,1.0,0.0,3.1,158,9,62,1209,450.0,4914
3110,1.0,0.0,4.0,901,84,29,1156,400.0,1949
3111,1.0,0.0,4.2,334,53,68,1643,200.0,2535
3112,1.0,0.0,3.1,71,84,62,1156,400.0,4130
3113,1.0,1.0,3.9,1644,84,20,294,800.0,4592
3114,1.0,0.0,4.4,536,58,29,769,600.0,2077
3115,1.0,0.0,4.5,949,53,30,956,400.0,599
3116,1.0,0.0,4.1,284,53,30,789,300.0,2328
3117,0.0,0.0,2.6,140,9,20,1589,400.0,5047
3118,0.0,0.0,2.9,595,9,20,50,650.0,5047
3119,0.0,0.0,3.6,97,9,62,1196,450.0,5047
3120,1.0,0.0,4.3,501,84,30,956,400.0,5047
3121,1.0,0.0,3.8,178,84,62,1328,400.0,3552
3122,1.0,0.0,4.1,74,53,29,1465,750.0,2180
3123,1.0,0.0,3.8,63,53,13,366,650.0,313
3124,1.0,0.0,3.8,26,53,62,234,150.0,5047
3125,1.0,0.0,4.0,546,9,20,238,800.0,2839
3126,1.0,0.0,3.7,111,84,29,64,200.0,4791
3127,1.0,0.0,3.4,242,80,62,1156,300.0,3852
3128,0.0,0.0,2.4,229,9,20,1156,450.0,5047
3129,1.0,1.0,4.6,2750,53,22,1468,600.0,2239
3130,1.0,0.0,2.8,511,84,62,1196,350.0,3825
3131,1.0,0.0,2.8,246,25,41,322,400.0,671
3132,1.0,1.0,3.6,109,84,62,1156,300.0,3257
3133,1.0,0.0,4.0,180,9,66,320,550.0,38
3134,1.0,1.0,4.7,5746,53,56,721,1400.0,3322
3135,1.0,0.0,3.6,118,80,72,285,300.0,2002
3136,1.0,0.0,4.1,141,53,62,1156,300.0,5047
3137,1.0,1.0,4.5,2949,53,5,1311,1300.0,199
3138,1.0,0.0,4.1,219,80,45,1644,250.0,3689
3139,1.0,0.0,3.0,530,84,20,1036,500.0,3694
3140,0.0,0.0,2.9,115,9,20,1196,800.0,5047
3141,0.0,0.0,4.1,701,9,13,387,600.0,5047
3142,1.0,0.0,3.3,244,9,62,203,400.0,2442
3143,1.0,0.0,3.7,80,53,20,307,600.0,5047
3144,1.0,1.0,4.0,956,84,20,208,750.0,5047
3145,1.0,0.0,3.9,756,53,20,1181,1000.0,755
3146,1.0,1.0,3.9,328,9,20,101,600.0,2651
3147,1.0,1.0,4.6,586,84,20,0,1000.0,5047
3148,1.0,0.0,3.9,631,53,62,1451,300.0,3786
3149,1.0,0.0,3.7,141,53,9,214,300.0,2902
3150,1.0,0.0,2.9,142,25,72,1156,400.0,1663
3151,1.0,0.0,3.6,535,53,62,209,400.0,5047
3152,1.0,1.0,4.0,364,84,20,1053,700.0,2122
3153,1.0,0.0,4.0,108,84,20,49,700.0,5047
3154,1.0,0.0,4.1,926,84,20,1081,700.0,5047
3155,1.0,0.0,4.0,458,53,62,1451,400.0,5047
3156,1.0,0.0,3.9,167,84,29,235,650.0,1995
3157,1.0,1.0,4.1,1739,84,20,1017,1400.0,2485
3158,1.0,1.0,4.5,733,84,17,9,900.0,468
3159,1.0,0.0,3.9,175,84,62,1156,350.0,5047
3160,1.0,0.0,4.0,738,84,20,625,750.0,2023
3161,1.0,0.0,3.8,56,84,20,1069,900.0,2001
3162,1.0,0.0,3.6,202,84,62,565,400.0,5047
3163,1.0,1.0,4.0,903,53,20,45,750.0,1843
3164,1.0,1.0,4.0,1623,84,22,1624,900.0,2622
3165,1.0,0.0,3.1,226,53,20,1591,500.0,5047
3166,1.0,0.0,3.9,118,84,29,918,600.0,3522
3167,1.0,0.0,4.1,119,25,0,181,500.0,602
3168,1.0,0.0,3.9,279,53,20,266,750.0,4189
3169,1.0,1.0,3.9,225,53,20,1182,800.0,5047
3170,1.0,0.0,3.6,124,53,62,197,600.0,5047
3171,1.0,0.0,3.9,195,9,62,1180,300.0,3618
3172,1.0,1.0,3.5,261,9,60,723,1500.0,4667
3173,1.0,0.0,4.0,652,53,62,1674,450.0,4975
3174,1.0,0.0,3.8,424,84,20,261,800.0,5047
3175,1.0,0.0,4.3,559,84,13,470,550.0,5047
3176,1.0,0.0,3.5,94,84,41,81,500.0,4750
3177,1.0,0.0,3.4,226,84,62,1156,400.0,5047
3178,1.0,0.0,3.5,374,84,20,286,550.0,5047
3179,1.0,0.0,3.7,353,84,20,1181,700.0,5047
3180,1.0,0.0,4.1,295,53,20,1156,1000.0,5047
3181,1.0,0.0,3.8,99,84,62,1331,450.0,5047
3182,1.0,0.0,3.8,90,84,12,1652,250.0,4094
3183,1.0,0.0,4.4,1034,84,29,930,500.0,2313
3184,1.0,0.0,4.7,231,84,20,1651,2000.0,834
3185,1.0,0.0,4.0,136,53,20,1579,1000.0,5047
3186,1.0,1.0,4.4,1151,53,60,1228,1200.0,5047
3187,1.0,0.0,3.8,197,9,62,84,300.0,2762
3188,1.0,0.0,3.7,61,84,29,38,600.0,5047
3189,1.0,1.0,4.0,130,9,13,367,600.0,473
3190,1.0,0.0,4.3,170,84,64,1340,400.0,2317
3191,1.0,0.0,4.0,717,53,20,941,800.0,756
3192,1.0,0.0,3.8,281,84,20,1375,700.0,324
3193,1.0,1.0,3.8,741,84,20,1156,900.0,5047
3194,1.0,1.0,4.3,176,53,20,88,1000.0,5047
3195,1.0,0.0,3.8,303,84,62,866,350.0,4408
3196,1.0,1.0,4.0,510,9,20,48,800.0,2193
3197,1.0,0.0,4.1,74,84,9,212,300.0,3795
3198,1.0,0.0,4.9,518,84,20,1156,2000.0,3291
3199,1.0,0.0,4.3,627,84,41,235,450.0,5047
3200,1.0,0.0,3.8,294,53,62,1459,350.0,5047
3201,1.0,0.0,3.7,188,9,62,1628,200.0,3033
3202,1.0,0.0,3.9,79,53,62,1156,250.0,58
3203,1.0,0.0,3.6,63,25,11,778,400.0,5047
3204,1.0,0.0,2.7,135,53,20,279,550.0,5047
3205,1.0,0.0,4.2,764,84,20,596,1100.0,5047
3206,1.0,0.0,4.1,191,84,12,220,250.0,3197
3207,1.0,0.0,3.9,100,84,41,1156,400.0,2570
3208,1.0,1.0,3.9,539,84,60,880,1500.0,804
3209,1.0,0.0,3.9,1618,84,20,292,800.0,1291
3210,1.0,0.0,3.0,177,84,62,1185,400.0,2870
3211,1.0,1.0,4.2,794,84,1,179,600.0,4470
3212,1.0,1.0,4.2,263,84,20,122,1500.0,5047
3213,1.0,0.0,4.3,544,84,33,955,500.0,1574
3214,1.0,1.0,4.1,471,84,20,1490,800.0,5047
3215,1.0,1.0,4.3,1017,84,20,1009,1500.0,3886
3216,1.0,0.0,4.2,253,9,62,1547,200.0,890
3217,1.0,0.0,3.7,81,9,62,817,400.0,2583
3218,1.0,0.0,2.8,67,53,13,508,300.0,3149
3219,1.0,0.0,2.4,56,53,20,1196,600.0,997
3220,1.0,0.0,4.0,497,53,20,604,600.0,2620
3221,1.0,0.0,3.7,61,53,62,839,200.0,3630
3222,1.0,1.0,4.4,1216,53,21,1156,1100.0,2554
3223,1.0,0.0,4.0,388,53,20,49,500.0,5047
3224,1.0,0.0,3.7,204,53,41,1181,600.0,3661
3225,1.0,0.0,3.7,88,84,62,1196,300.0,1936
3226,0.0,0.0,4.2,2992,84,20,1156,800.0,5047
3227,0.0,1.0,2.7,442,53,20,1156,900.0,5047
3228,0.0,1.0,4.0,288,84,20,636,1500.0,5047
3229,0.0,1.0,3.5,185,84,20,1309,800.0,5047
3230,0.0,0.0,3.6,115,84,20,1196,600.0,5047
3231,0.0,0.0,3.8,35,53,21,80,1100.0,5047
3232,0.0,0.0,4.0,90,84,30,956,200.0,5047
3233,0.0,0.0,4.1,122,53,62,1156,200.0,5047
3234,0.0,0.0,3.4,46,84,62,1386,350.0,5047
3235,0.0,0.0,3.9,50,84,20,197,500.0,5047
3236,0.0,0.0,3.9,123,84,43,1112,400.0,5047
3237,0.0,0.0,3.2,167,84,20,1156,450.0,5047
3238,0.0,1.0,3.0,83,84,20,1547,1200.0,5047
3239,0.0,0.0,3.8,688,53,20,604,1000.0,5047
3240,0.0,0.0,3.7,198,84,20,1209,700.0,5047
3241,0.0,0.0,3.9,90,84,13,396,700.0,5047
3242,0.0,0.0,2.8,70,80,20,1520,650.0,5047
3243,0.0,0.0,2.1,342,53,62,282,500.0,5047
3244,0.0,0.0,3.3,47,53,62,1156,300.0,5047
3245,0.0,0.0,3.7,51,84,20,624,600.0,5047
3246,0.0,0.0,3.4,32,84,29,83,400.0,5047
3247,0.0,0.0,2.6,84,84,41,1156,400.0,5047
3248,0.0,0.0,3.8,78,53,62,1196,350.0,5047
3249,0.0,1.0,3.6,54,84,20,1279,1100.0,5047
3250,0.0,0.0,3.5,44,53,62,1175,400.0,5047
3251,1.0,0.0,3.9,84,84,62,1589,250.0,2430
3252,1.0,1.0,3.8,384,53,20,1592,800.0,5047
3253,1.0,0.0,2.8,1870,9,20,110,750.0,2851
3254,1.0,0.0,3.7,114,53,62,1209,400.0,2021
3255,1.0,0.0,2.8,43,53,3,175,450.0,5047
3256,1.0,0.0,3.8,373,53,62,1410,300.0,2356
3257,1.0,0.0,3.9,385,84,62,1407,300.0,2837
3258,1.0,0.0,3.0,148,9,20,57,600.0,3888
3259,1.0,0.0,3.6,195,53,20,74,650.0,753
3260,1.0,1.0,3.8,572,53,20,1183,600.0,736
3261,1.0,0.0,3.9,55,53,20,609,800.0,1321
3262,1.0,0.0,4.0,463,9,20,1156,700.0,3667
3263,1.0,0.0,3.6,106,9,62,1589,250.0,5047
3264,1.0,0.0,3.0,451,53,20,1356,500.0,3029
3265,1.0,0.0,3.4,54,25,13,374,1000.0,474
3266,1.0,0.0,3.6,92,9,62,1589,350.0,2033
3267,1.0,0.0,3.6,89,53,62,1354,700.0,1003
3268,1.0,0.0,4.1,673,53,62,1644,200.0,259
3269,1.0,0.0,3.8,147,84,62,1327,400.0,4410
3270,1.0,0.0,3.7,205,53,62,1156,350.0,4444
3271,1.0,0.0,3.7,106,9,41,69,500.0,664
3272,1.0,0.0,3.8,97,9,20,1552,800.0,3969
3273,1.0,0.0,3.9,40,84,20,144,2000.0,893
3274,1.0,0.0,3.8,207,84,62,1039,350.0,2057
3275,1.0,0.0,3.1,111,84,62,1219,600.0,5047
3276,1.0,0.0,2.8,36,84,20,708,700.0,5047
3277,1.0,1.0,4.0,152,53,20,1405,800.0,4417
3278,1.0,0.0,3.6,49,9,62,826,300.0,4682
3279,1.0,0.0,3.1,61,53,29,521,550.0,5047
3280,1.0,0.0,3.8,49,84,30,949,400.0,4291
3281,1.0,0.0,3.8,241,84,20,83,550.0,3325
3282,1.0,0.0,2.8,31,84,20,1589,400.0,1267
3283,1.0,0.0,3.4,372,9,20,569,750.0,1915
3284,1.0,0.0,2.7,35,9,62,1156,150.0,257
3285,1.0,0.0,3.7,61,53,20,296,700.0,5047
3286,1.0,0.0,4.2,819,9,13,506,300.0,278
3287,1.0,0.0,3.9,147,84,62,1110,600.0,4584
3288,1.0,0.0,3.5,51,84,29,1547,600.0,1933
3289,1.0,0.0,3.7,25,84,62,1196,500.0,5047
3290,1.0,0.0,3.2,379,84,20,1377,1000.0,3405
3291,1.0,0.0,3.9,217,53,62,1156,250.0,4037
3292,1.0,0.0,4.2,175,53,20,1401,1000.0,4319
3293,1.0,1.0,3.8,818,84,22,1029,1100.0,3816
3294,1.0,0.0,3.8,47,53,62,1033,300.0,3921
3295,1.0,1.0,3.8,129,84,5,1318,1200.0,2670
3296,1.0,0.0,3.8,81,25,41,680,500.0,4874
3297,1.0,0.0,3.1,175,84,35,779,600.0,694
3298,1.0,0.0,3.8,117,84,62,866,450.0,238
3299,1.0,0.0,3.2,126,84,62,817,300.0,1811
3300,1.0,0.0,3.6,39,84,62,1451,400.0,2059
3301,1.0,0.0,3.5,178,53,20,1191,800.0,648
3302,1.0,0.0,3.9,97,53,12,217,400.0,3418
3303,1.0,0.0,4.0,141,84,20,1335,800.0,542
3304,1.0,0.0,3.6,43,84,29,624,500.0,4574
3305,1.0,0.0,3.4,86,84,62,1156,300.0,2833
3306,1.0,0.0,3.6,94,9,62,1196,300.0,4665
3307,1.0,0.0,4.0,121,80,20,1210,800.0,3569
3308,1.0,0.0,3.5,118,53,29,1416,200.0,2786
3309,1.0,0.0,3.8,60,84,20,1375,800.0,4334
3310,1.0,0.0,4.0,121,9,62,1482,900.0,4279
3311,1.0,0.0,3.4,51,53,20,1185,600.0,2596
3312,1.0,0.0,4.2,416,84,25,1156,1600.0,1853
3313,1.0,0.0,3.5,131,84,20,236,800.0,5047
3314,1.0,0.0,2.2,479,53,20,1196,650.0,4318
3315,1.0,1.0,3.8,818,9,21,1156,750.0,2987
3316,1.0,0.0,3.2,267,9,20,1038,500.0,2898
3317,1.0,1.0,3.7,690,9,20,598,750.0,4963
3318,1.0,0.0,3.6,55,53,20,591,750.0,1341
3319,1.0,0.0,2.9,84,25,20,1156,500.0,3508
3320,1.0,0.0,2.8,89,84,41,558,500.0,1320
3321,1.0,0.0,3.6,194,84,62,1386,350.0,4386
3322,1.0,1.0,3.9,568,84,47,663,1000.0,1105
3323,1.0,0.0,2.6,118,53,21,1196,1200.0,682
3324,1.0,0.0,3.3,218,9,20,1386,550.0,656
3325,1.0,0.0,2.9,38,84,34,950,200.0,4311
3326,1.0,1.0,3.9,663,53,20,1232,750.0,4830
3327,1.0,0.0,3.8,507,84,20,565,900.0,3602
3328,1.0,0.0,2.1,242,53,62,197,400.0,988
3329,1.0,0.0,3.7,214,84,41,1156,700.0,3911
3330,1.0,0.0,3.8,429,53,20,286,550.0,3387
3331,1.0,0.0,3.5,86,9,20,1187,500.0,2018
3332,1.0,0.0,3.3,80,84,41,1465,500.0,4151
3333,1.0,0.0,3.6,197,84,20,1198,700.0,5047
3334,1.0,0.0,3.4,83,53,62,916,200.0,5047
3335,1.0,0.0,3.9,62,84,62,1196,200.0,4908
3336,1.0,0.0,4.0,68,53,62,1156,250.0,4443
3337,1.0,0.0,4.0,34,53,20,1156,800.0,2646
3338,1.0,1.0,4.2,560,84,20,1365,1000.0,2832
3339,1.0,0.0,3.7,125,53,20,1156,600.0,5047
3340,1.0,1.0,4.2,2173,53,20,1375,1500.0,5047
3341,1.0,0.0,3.7,82,9,62,872,150.0,4091
3342,1.0,0.0,3.9,236,9,20,1424,750.0,1319
3343,1.0,0.0,4.1,515,53,62,1451,150.0,3506
3344,1.0,0.0,3.7,95,53,62,1273,500.0,3409
3345,1.0,0.0,4.0,44,9,62,843,450.0,1598
3346,1.0,0.0,3.8,155,53,62,1218,400.0,5047
3347,1.0,0.0,4.1,31,53,62,821,300.0,4429
3348,1.0,1.0,4.1,859,84,22,478,900.0,1896
3349,1.0,0.0,4.3,517,84,20,1033,1000.0,361
3350,1.0,0.0,3.6,198,53,41,558,500.0,5047
3351,1.0,1.0,3.7,1813,53,20,296,850.0,4761
3352,1.0,0.0,2.9,667,53,20,117,800.0,754
3353,1.0,0.0,3.1,95,53,62,1463,500.0,5047
3354,1.0,0.0,4.4,143,9,62,1497,250.0,3873
3355,1.0,0.0,4.1,120,9,30,789,400.0,3309
3356,1.0,0.0,3.0,382,53,20,521,1000.0,5005
3357,1.0,1.0,4.1,237,9,21,1299,1000.0,2474
3358,1.0,1.0,4.0,2807,84,21,1143,1100.0,1905
3359,1.0,0.0,4.1,142,84,13,332,700.0,1083
3360,1.0,1.0,4.7,1512,84,20,558,1700.0,4459
3361,1.0,0.0,3.7,41,53,72,122,400.0,5047
3362,1.0,0.0,4.1,180,25,2,181,300.0,1745
3363,1.0,1.0,4.3,840,9,22,1468,600.0,5047
3364,0.0,0.0,4.1,1123,9,62,1439,500.0,5047
3365,0.0,1.0,4.2,65,9,14,355,400.0,5047
3366,1.0,0.0,4.2,218,9,69,1121,400.0,4212
3367,1.0,0.0,4.0,544,9,0,175,450.0,2073
3368,1.0,0.0,4.1,120,9,30,789,400.0,3309
3369,1.0,0.0,4.0,180,9,66,320,550.0,39
3370,1.0,1.0,4.5,733,84,17,9,900.0,5047
3371,1.0,0.0,4.5,949,53,30,956,400.0,599
3372,1.0,0.0,4.4,1034,84,29,930,500.0,320
3373,1.0,0.0,4.1,284,53,30,789,300.0,2328
3374,0.0,0.0,4.1,395,84,20,907,1000.0,5047
3375,0.0,0.0,4.0,90,84,30,956,200.0,5047
3376,1.0,0.0,3.1,175,84,35,779,600.0,5047
3377,1.0,0.0,4.3,501,84,30,956,400.0,5047
3378,1.0,0.0,4.0,167,53,30,798,350.0,3192
3379,0.0,0.0,4.0,35,84,0,175,250.0,5047
3380,0.0,0.0,3.9,57,84,1,177,400.0,5047
3381,1.0,0.0,3.9,124,84,30,182,450.0,4554
3382,0.0,1.0,4.4,1700,9,60,688,1200.0,5047
3383,1.0,0.0,4.1,2143,9,20,1156,800.0,5047
3384,1.0,1.0,4.1,237,9,21,1299,1000.0,5047
3385,1.0,1.0,4.3,840,9,22,1468,600.0,5047
3386,1.0,1.0,4.2,767,9,20,1166,700.0,2510
3387,1.0,0.0,4.2,351,9,20,604,600.0,5047
3388,1.0,0.0,4.2,819,9,13,506,300.0,278
3389,1.0,0.0,2.8,1870,9,20,110,750.0,5047
3390,1.0,1.0,3.5,261,9,60,723,1500.0,4667
3391,1.0,1.0,4.0,130,9,13,367,600.0,5047
3392,1.0,1.0,3.9,328,9,20,101,600.0,5047
3393,1.0,0.0,3.8,97,9,20,1552,800.0,3968
3394,1.0,0.0,3.8,107,9,20,1162,800.0,5047
3395,1.0,1.0,4.0,510,9,20,48,800.0,5047
3396,1.0,0.0,4.0,463,9,20,1156,700.0,5047
3397,1.0,0.0,3.9,236,9,20,1424,750.0,1319
3398,1.0,1.0,3.8,818,9,21,1156,750.0,2987
3399,0.0,0.0,3.4,230,9,20,516,550.0,5047
3400,1.0,0.0,3.3,244,9,62,203,400.0,4921
3401,1.0,0.0,3.9,130,9,12,1652,250.0,4096
3402,1.0,0.0,3.2,267,9,20,1038,500.0,2898
3403,1.0,1.0,3.2,501,9,13,359,500.0,5015
3404,1.0,0.0,3.5,69,9,20,1142,850.0,1300
3405,0.0,0.0,4.0,72,9,13,332,500.0,5047
3406,1.0,0.0,3.0,148,9,20,57,600.0,3888
3407,0.0,0.0,2.6,140,9,20,1589,400.0,5047
3408,0.0,0.0,2.9,595,9,20,50,650.0,5047
3409,1.0,1.0,3.7,690,9,20,598,750.0,4963
3410,1.0,0.0,3.3,218,9,20,1386,550.0,656
3411,1.0,0.0,3.7,205,53,62,1156,350.0,5047
3412,1.0,0.0,3.5,86,9,20,1187,500.0,5047
3413,1.0,0.0,4.0,546,9,20,238,800.0,2840
3414,0.0,0.0,2.4,229,9,20,1156,450.0,5047
3415,0.0,0.0,3.6,199,9,20,286,500.0,5047
3416,0.0,0.0,2.3,30,9,13,436,900.0,5047
3417,1.0,0.0,3.4,372,9,20,569,750.0,1915
3418,0.0,0.0,2.9,115,9,20,1196,800.0,5047
3419,0.0,0.0,4.1,701,9,13,387,600.0,5047
3420,0.0,0.0,4.1,1123,9,62,1439,500.0,5047
3421,1.0,0.0,3.2,789,9,62,106,400.0,1376
3422,1.0,0.0,3.9,195,9,62,1180,300.0,5047
3423,1.0,0.0,4.0,544,9,0,175,450.0,5047
3424,1.0,0.0,4.0,777,9,62,1110,600.0,5047
3425,1.0,0.0,3.7,106,9,41,69,500.0,5047
3426,1.0,0.0,4.1,143,9,62,1156,200.0,5047
3427,1.0,0.0,4.0,121,9,62,1482,900.0,5047
3428,1.0,0.0,3.7,193,9,62,826,200.0,3185
3429,1.0,0.0,3.1,158,9,62,1209,450.0,5047
3430,1.0,0.0,3.1,420,9,62,322,450.0,5047
3431,1.0,0.0,3.7,188,9,62,1628,200.0,5047
3432,1.0,0.0,4.0,44,9,62,843,450.0,1598
3433,0.0,0.0,3.6,194,9,62,591,250.0,5047
3434,1.0,0.0,3.0,394,9,62,322,500.0,1600
3435,1.0,0.0,3.9,265,9,62,1589,400.0,5047
3436,1.0,0.0,3.6,92,9,62,1589,350.0,5047
3437,0.0,0.0,3.6,97,9,62,1196,450.0,5047
3438,1.0,0.0,3.3,229,9,62,1268,300.0,270
3439,1.0,0.0,4.0,180,9,66,320,550.0,39
3440,0.0,0.0,3.9,91,9,62,1423,350.0,5047
3441,0.0,0.0,3.7,69,9,62,1474,800.0,5047
3442,1.0,0.0,4.0,293,9,62,366,650.0,315
3443,1.0,0.0,2.7,35,9,62,1156,150.0,5047
3444,1.0,0.0,3.7,82,9,62,872,150.0,5047
3445,0.0,0.0,3.8,54,9,41,1156,500.0,5047
3446,1.0,0.0,3.6,106,9,62,1589,250.0,5047
3447,1.0,0.0,3.6,94,9,62,1196,300.0,4665
3448,1.0,0.0,3.6,49,9,62,826,300.0,5047
3449,0.0,1.0,4.7,6865,84,56,677,2400.0,5047
3450,0.0,0.0,4.6,5890,84,56,36,2500.0,5047
3451,0.0,1.0,4.8,2882,84,20,813,1600.0,5047
3452,0.0,1.0,4.9,2745,84,20,153,1400.0,5047
3453,0.0,0.0,4.6,463,84,20,1547,1700.0,5047
3454,1.0,1.0,4.0,2807,84,21,1143,1100.0,1906
3455,0.0,1.0,4.1,460,84,21,1348,1000.0,5047
3456,0.0,0.0,4.1,450,84,20,1156,1800.0,5047
3457,0.0,1.0,4.2,103,84,21,2,1300.0,5047
3458,1.0,1.0,4.7,1512,84,20,558,1700.0,4459
3459,0.0,0.0,4.2,2992,84,20,1156,800.0,5047
3460,1.0,0.0,4.0,268,84,20,941,800.0,5047
3461,1.0,0.0,3.9,1618,84,20,292,800.0,1291
3462,0.0,1.0,4.0,345,53,21,138,1500.0,5047
3463,1.0,1.0,4.1,471,84,20,1490,800.0,5047
3464,1.0,1.0,4.5,733,84,17,9,900.0,5047
3465,1.0,1.0,4.0,364,84,20,1053,700.0,2123
3466,0.0,0.0,3.9,69,84,21,1441,1200.0,5047
3467,0.0,1.0,4.1,821,84,37,1160,2500.0,5047
3468,1.0,0.0,4.0,388,53,20,49,500.0,5047
3469,1.0,0.0,4.0,499,84,20,604,850.0,4723
3470,1.0,0.0,3.8,56,84,20,1069,900.0,2001
3471,1.0,0.0,3.7,487,53,20,278,700.0,2736
3472,1.0,1.0,4.6,586,84,20,0,1000.0,5047
3473,1.0,1.0,3.7,1813,53,20,296,850.0,4762
3474,1.0,0.0,4.1,926,84,20,1081,700.0,5047
3475,0.0,0.0,3.9,140,53,5,1222,1500.0,5047
3476,1.0,0.0,4.3,517,84,20,1033,1000.0,5047
3477,1.0,1.0,4.3,330,84,22,1315,1400.0,1687
3478,0.0,0.0,4.1,1073,84,4,879,1450.0,5047
3479,1.0,1.0,4.1,1739,84,20,1017,1400.0,2485
3480,1.0,1.0,4.0,152,53,20,1405,800.0,4417
3481,0.0,1.0,4.3,263,84,37,1009,3000.0,5047
3482,1.0,0.0,4.0,108,84,20,49,700.0,5047
3483,0.0,1.0,4.2,500,84,22,573,2000.0,5047
3484,1.0,1.0,4.2,560,84,20,1365,1000.0,5047
3485,1.0,0.0,3.5,338,53,20,94,1000.0,394
3486,1.0,0.0,4.3,627,84,41,235,450.0,5047
3487,1.0,0.0,3.9,756,53,20,1181,1000.0,755
3488,1.0,0.0,3.8,507,84,20,565,900.0,5047
3489,0.0,1.0,2.7,442,53,20,1156,900.0,5047
3490,0.0,1.0,4.0,288,84,20,636,1500.0,5047
3491,1.0,0.0,4.0,121,80,20,1210,800.0,5047
3492,0.0,1.0,3.8,137,84,37,1418,2000.0,5047
3493,1.0,0.0,3.9,279,53,20,266,750.0,5047
3494,1.0,0.0,2.7,596,53,20,1575,400.0,5047
3495,0.0,1.0,3.5,185,84,20,1309,800.0,5047
3496,1.0,0.0,4.1,219,80,45,1644,250.0,5047
3497,1.0,0.0,4.1,673,53,62,1644,200.0,5047
3498,1.0,1.0,3.5,151,53,20,1196,800.0,4419
3499,1.0,0.0,4.0,497,53,20,604,600.0,5047
3500,0.0,0.0,4.1,395,84,20,907,1000.0,5047
3501,1.0,0.0,3.4,54,25,13,374,1000.0,5047
3502,0.0,0.0,3.6,115,84,20,1196,600.0,5047
3503,1.0,0.0,4.1,142,84,13,332,700.0,5047
3504,0.0,0.0,3.8,35,53,21,80,1100.0,5047
3505,1.0,0.0,3.3,387,84,20,286,800.0,4160
3506,1.0,0.0,4.1,515,53,62,1451,150.0,5047
3507,1.0,0.0,3.6,197,84,20,1198,700.0,5047
3508,1.0,0.0,2.8,67,53,13,508,300.0,5047
3509,1.0,0.0,4.2,334,53,68,1643,200.0,5047
3510,1.0,0.0,4.2,175,53,20,1401,1000.0,5047
3511,1.0,0.0,3.5,131,84,20,236,800.0,5047
3512,1.0,0.0,3.8,207,84,62,1039,350.0,5047
3513,1.0,0.0,4.0,68,53,62,1156,250.0,5047
3514,1.0,0.0,3.5,180,84,20,1209,500.0,3899
3515,1.0,0.0,3.0,177,84,62,1185,400.0,2870
3516,1.0,0.0,3.5,108,53,62,1335,300.0,3850
3517,0.0,0.0,3.9,50,84,20,197,500.0,5047
3518,0.0,0.0,3.6,62,84,20,993,1500.0,5047
3519,1.0,0.0,3.9,191,84,62,1196,300.0,5047
3520,0.0,0.0,3.9,75,84,38,878,2000.0,5047
3521,1.0,0.0,4.0,136,53,20,1579,1000.0,5047
3522,1.0,0.0,4.0,738,84,20,625,750.0,5047
3523,0.0,0.0,3.7,116,84,62,1451,300.0,5047
3524,1.0,0.0,3.8,294,53,62,1459,350.0,5047
3525,1.0,0.0,3.6,124,53,62,197,600.0,5047
3526,1.0,0.0,2.8,31,84,20,1589,400.0,5047
3527,1.0,0.0,3.1,175,84,35,779,600.0,5047
3528,1.0,0.0,3.1,111,84,62,1219,600.0,5047
3529,1.0,0.0,3.8,373,53,62,1410,300.0,2355
3530,1.0,0.0,3.9,79,53,62,1156,250.0,5047
3531,0.0,0.0,3.8,118,84,20,1321,1900.0,5047
3532,1.0,0.0,3.4,51,53,20,1185,600.0,5047
3533,0.0,1.0,4.2,74,84,37,653,3000.0,5047
3534,0.0,0.0,2.8,161,84,21,539,1200.0,5047
3535,0.0,0.0,3.4,46,84,62,1386,350.0,5047
3536,0.0,0.0,3.2,167,84,20,1156,450.0,5047
3537,1.0,0.0,3.8,632,53,62,1190,500.0,1001
3538,1.0,0.0,3.3,184,53,62,825,350.0,471
3539,1.0,0.0,3.9,55,53,20,609,800.0,1321
3540,0.0,0.0,3.9,123,84,43,1112,400.0,5047
3541,1.0,0.0,2.2,310,53,62,1465,750.0,5047
3542,1.0,0.0,3.7,353,84,20,1181,700.0,5047
3543,0.0,0.0,3.6,255,53,62,868,200.0,5047
3544,1.0,0.0,3.8,155,53,62,1218,400.0,5047
3545,1.0,0.0,2.8,89,84,41,558,500.0,5047
3546,1.0,0.0,4.1,31,53,62,821,300.0,5047
3547,0.0,1.0,3.0,83,84,20,1547,1200.0,5047
3548,1.0,0.0,3.2,379,84,20,1377,1000.0,5047
3549,0.0,0.0,3.8,688,53,20,604,1000.0,5047
3550,0.0,0.0,3.7,198,84,20,1209,700.0,5047
3551,0.0,0.0,3.9,90,84,13,396,700.0,5047
3552,0.0,0.0,2.8,70,80,20,1520,650.0,5047
3553,1.0,0.0,2.6,118,53,21,1196,1200.0,5047
3554,0.0,0.0,3.9,57,84,1,177,400.0,5047
3555,1.0,0.0,3.4,86,84,62,1156,300.0,2833
3556,1.0,0.0,2.1,242,53,62,197,400.0,5047
3557,1.0,0.0,3.1,509,53,62,1036,500.0,5047
3558,1.0,0.0,3.6,39,84,62,1451,400.0,5047
3559,1.0,0.0,3.4,242,80,62,1156,300.0,5047
3560,0.0,0.0,3.7,51,84,20,624,600.0,5047
3561,0.0,0.0,2.9,51,84,20,1235,600.0,5047
3562,1.0,0.0,2.8,36,84,20,708,700.0,5047
3563,1.0,0.0,2.8,511,84,62,1196,350.0,3825
3564,1.0,0.0,3.8,147,84,62,1327,400.0,5047
3565,0.0,0.0,2.1,342,53,62,282,500.0,5047
3566,0.0,0.0,3.3,47,53,62,1156,300.0,5047
3567,1.0,0.0,3.7,61,53,62,839,200.0,5047
3568,0.0,0.0,2.9,199,84,62,1589,450.0,5047
3569,0.0,0.0,2.6,84,84,41,1156,400.0,5047
3570,0.0,0.0,3.6,49,25,62,1587,300.0,5047
3571,1.0,0.0,2.2,479,53,20,1196,650.0,5047
3572,1.0,0.0,3.7,25,84,62,1196,500.0,5047
3573,1.0,0.0,3.1,104,53,62,1333,250.0,5047
3574,1.0,0.0,3.7,61,53,20,296,700.0,5047
3575,0.0,0.0,3.8,78,53,62,1196,350.0,5047
3576,1.0,0.0,2.4,56,53,20,1196,600.0,5047
3577,1.0,0.0,3.7,214,84,41,1156,700.0,5047
3578,0.0,0.0,3.5,44,53,62,1175,400.0,5047
3579,1.0,0.0,2.6,329,53,20,947,700.0,1258
3580,1.0,0.0,3.3,68,53,12,228,250.0,2305
3581,1.0,0.0,3.3,44,53,62,817,300.0,5047
3582,0.0,1.0,3.6,54,84,20,1279,1100.0,5047
3583,1.0,0.0,2.6,158,53,62,1156,300.0,2458
3584,1.0,0.0,3.1,152,53,20,199,600.0,1116
3585,1.0,0.0,3.0,382,53,20,521,1000.0,5047
3586,1.0,0.0,2.4,125,84,20,1201,500.0,748
3587,0.0,1.0,4.4,1710,9,60,688,1200.0,5047
3588,1.0,1.0,3.5,262,9,60,723,1500.0,5047
3589,0.0,1.0,4.7,6876,84,56,677,2400.0,5047
3590,0.0,0.0,4.6,5892,84,56,36,2500.0,5047
3591,0.0,1.0,4.1,466,84,21,1348,1000.0,5047
3592,0.0,0.0,4.0,1075,84,4,879,1450.0,5047
3593,0.0,0.0,3.9,75,84,38,878,2000.0,5047
3594,1.0,0.0,2.6,118,53,21,1196,1200.0,5047
3595,0.0,1.0,4.9,6375,0,20,813,1600.0,5047
3596,0.0,1.0,4.4,201,0,20,720,1300.0,5047
3597,1.0,1.0,4.2,3230,0,25,1156,1600.0,5047
3598,0.0,1.0,4.4,1149,0,21,1369,1100.0,5047
3599,1.0,0.0,3.9,420,0,20,112,800.0,5047
3600,1.0,0.0,3.0,102,0,20,1589,600.0,5047
3601,1.0,1.0,4.0,0,39,20,706,1100.0,5047
3602,0.0,1.0,4.7,10413,42,21,1323,1400.0,5047
3603,0.0,1.0,4.4,1533,42,54,1128,2000.0,5047
3604,1.0,1.0,4.5,3125,42,21,1233,1500.0,5047
3605,0.0,1.0,4.2,1721,42,20,637,1200.0,5047
3606,1.0,1.0,4.4,2493,3,57,1343,900.0,5047
3607,0.0,1.0,4.7,3852,28,20,1325,1600.0,5047
3608,1.0,1.0,4.5,3458,42,20,1400,1300.0,5047
3609,1.0,1.0,4.9,2178,42,21,134,1500.0,5047
3610,1.0,1.0,4.2,2616,42,20,514,1300.0,5047
3611,0.0,1.0,4.1,2456,28,20,1493,1000.0,5047
3612,1.0,1.0,4.4,455,44,21,1156,1500.0,5047
3613,1.0,1.0,4.5,710,44,20,1009,1500.0,5047
3614,0.0,1.0,4.1,782,40,20,1375,1500.0,5047
3615,1.0,1.0,4.4,677,44,20,1381,1500.0,5047
3616,1.0,1.0,4.0,1851,43,20,1156,600.0,5047
3617,0.0,1.0,4.3,2241,42,20,609,1100.0,5047
3618,1.0,0.0,4.1,6875,42,20,1402,750.0,5047
3619,1.0,1.0,3.9,484,42,20,1427,700.0,5047
3620,0.0,1.0,3.9,1388,42,46,718,1400.0,5047
3621,0.0,1.0,4.2,117,44,20,1425,800.0,5047
3622,0.0,1.0,4.3,104,44,20,1164,1000.0,5047
3623,0.0,0.0,3.7,202,28,20,1314,900.0,5047
3624,0.0,1.0,4.1,353,40,37,802,2000.0,5047
3625,0.0,0.0,3.8,38,43,20,1450,900.0,5047
3626,0.0,1.0,3.9,165,28,20,1592,1000.0,5047
3627,0.0,0.0,3.9,371,22,20,1587,400.0,5047
3628,0.0,0.0,3.3,177,28,20,1222,950.0,5047
3629,0.0,1.0,3.5,32,42,20,1196,1000.0,5047
3630,1.0,1.0,4.5,1874,0,13,394,900.0,5047
3631,1.0,0.0,4.1,464,0,13,344,500.0,5047
3632,1.0,0.0,3.8,100,0,13,488,700.0,5047
3633,1.0,0.0,4.0,204,0,14,350,500.0,5047
3634,1.0,0.0,3.9,331,0,13,1195,200.0,5047
3635,1.0,0.0,3.8,613,0,13,472,600.0,5047
3636,1.0,0.0,3.0,61,0,13,332,650.0,5047
3637,1.0,0.0,3.6,41,0,13,401,600.0,5047
3638,0.0,0.0,4.0,147,0,13,436,400.0,5047
3639,0.0,0.0,3.6,61,0,13,332,500.0,5047
3640,1.0,0.0,3.8,208,0,19,366,650.0,5047
3641,1.0,1.0,3.9,487,0,13,710,700.0,5047
3642,0.0,0.0,3.8,63,0,13,332,500.0,5047
3643,0.0,0.0,4.2,221,39,13,506,200.0,5047
3644,1.0,0.0,4.1,60,39,13,451,600.0,5047
3645,0.0,0.0,4.7,14654,42,16,338,900.0,5047
3646,0.0,0.0,4.5,3826,42,13,469,800.0,5047
3647,0.0,0.0,4.0,2729,42,13,400,1300.0,5047
3648,0.0,0.0,4.4,159,42,17,467,600.0,5047
3649,1.0,0.0,4.4,2859,42,13,337,600.0,5047
3650,0.0,1.0,4.3,1463,42,13,406,800.0,5047
3651,1.0,1.0,4.3,1800,42,22,660,900.0,5047
3652,1.0,0.0,4.5,2594,42,33,955,500.0,5047
3653,1.0,1.0,4.4,197,42,13,498,800.0,5047
3654,1.0,0.0,4.4,939,42,13,435,900.0,5047
3655,1.0,1.0,4.2,468,42,13,389,800.0,5047
3656,1.0,0.0,4.7,1022,44,17,431,550.0,5047
3657,0.0,1.0,4.4,464,41,13,403,800.0,5047
3658,0.0,1.0,4.5,546,42,13,412,900.0,5047
3659,1.0,0.0,4.1,50,28,13,502,600.0,5047
3660,1.0,1.0,4.2,2709,40,13,404,1000.0,5047
3661,1.0,1.0,4.0,1509,40,13,383,900.0,5047
3662,1.0,0.0,4.5,334,42,33,779,500.0,5047
3663,0.0,0.0,4.2,1355,44,13,427,700.0,5047
3664,1.0,1.0,4.2,869,42,13,339,600.0,5047
3665,1.0,0.0,4.2,1059,42,13,394,800.0,5047
3666,1.0,0.0,4.1,137,42,13,452,1200.0,5047
3667,1.0,0.0,4.1,306,44,13,414,600.0,5047
3668,1.0,1.0,4.1,400,42,15,422,1200.0,5047
3669,1.0,1.0,4.2,1692,42,13,459,650.0,5047
3670,1.0,0.0,4.0,508,28,19,460,1000.0,5047
3671,1.0,1.0,4.2,239,28,22,349,600.0,5047
3672,1.0,0.0,4.2,99,44,33,781,900.0,5047
3673,1.0,1.0,4.4,4386,28,22,1468,600.0,5047
3674,1.0,0.0,4.3,480,42,13,512,450.0,5047
3675,1.0,0.0,4.0,310,30,13,388,750.0,5047
3676,0.0,0.0,4.1,172,44,13,365,650.0,5047
3677,1.0,0.0,4.1,90,42,13,383,600.0,5047
3678,1.0,0.0,4.0,41,3,41,442,400.0,5047
3679,1.0,0.0,3.8,47,42,13,455,600.0,5047
3680,0.0,0.0,3.9,124,3,13,446,500.0,5047
3681,1.0,0.0,4.1,323,44,13,342,700.0,5047
3682,1.0,0.0,3.9,153,28,41,427,400.0,5047
3683,0.0,0.0,4.1,367,44,13,332,350.0,5047
3684,1.0,0.0,4.2,413,42,13,429,700.0,5047
3685,0.0,0.0,3.8,69,3,14,350,700.0,5047
3686,0.0,0.0,3.5,66,42,13,332,300.0,5047
3687,1.0,0.0,4.2,450,30,13,362,400.0,5047
3688,0.0,0.0,3.8,109,42,13,383,800.0,5047
3689,1.0,0.0,3.7,59,22,13,443,600.0,5047
3690,1.0,0.0,3.9,247,30,13,406,400.0,5047
3691,1.0,0.0,3.7,132,28,13,504,400.0,5047
3692,1.0,0.0,2.7,85,28,13,496,500.0,5047
3693,1.0,0.0,3.8,187,28,13,339,500.0,5047
3694,1.0,0.0,4.5,1181,0,29,930,500.0,2308
3695,1.0,0.0,4.0,304,38,29,1156,450.0,5047
3696,1.0,0.0,3.9,582,37,29,923,450.0,5047
3697,1.0,0.0,4.1,783,0,62,1597,300.0,5047
3698,1.0,0.0,4.0,245,0,62,202,400.0,5047
3699,1.0,0.0,4.5,206,22,30,956,400.0,5047
3700,1.0,0.0,3.7,214,0,62,1045,200.0,5047
3701,1.0,0.0,3.9,340,22,62,1582,400.0,5047
3702,1.0,0.0,3.4,147,0,62,1046,400.0,5047
3703,1.0,0.0,3.3,909,38,62,1177,250.0,5047
3704,1.0,0.0,4.2,189,43,62,1645,300.0,5047
3705,1.0,0.0,4.0,201,0,70,1122,200.0,5047
3706,1.0,0.0,4.1,56,22,72,1518,250.0,5047
3707,1.0,0.0,4.1,497,41,62,1003,600.0,5047
3708,1.0,0.0,4.0,350,22,62,323,600.0,5047
3709,1.0,0.0,4.0,175,22,62,1644,100.0,5047
3710,1.0,0.0,2.9,257,0,62,1156,250.0,5047
3711,1.0,0.0,3.7,132,28,13,504,400.0,5047
3712,1.0,0.0,4.1,417,30,62,330,500.0,5047
3713,1.0,0.0,4.1,211,45,9,224,150.0,5047
3714,1.0,0.0,4.0,360,38,72,1181,500.0,5047
3715,1.0,0.0,4.0,187,0,62,43,400.0,5047
3716,1.0,0.0,3.6,474,0,62,1235,450.0,5047
3717,1.0,0.0,4.3,1587,42,20,152,550.0,5047
3718,1.0,0.0,4.5,554,0,30,773,400.0,5047
3719,1.0,0.0,4.2,465,0,62,1060,400.0,5047
3720,1.0,0.0,4.0,356,45,29,235,650.0,5047
3721,0.0,0.0,3.9,625,42,20,558,600.0,5047
3722,1.0,0.0,4.2,424,38,62,266,250.0,5047
3723,1.0,0.0,4.1,128,0,62,1156,150.0,5047
3724,1.0,0.0,3.7,218,42,67,1507,600.0,5047
3725,1.0,0.0,4.2,95,30,11,214,400.0,5047
3726,1.0,0.0,3.9,187,0,62,294,600.0,5047
3727,1.0,0.0,4.0,137,45,62,1609,250.0,5047
3728,1.0,0.0,3.9,179,0,62,1461,250.0,5047
3729,1.0,0.0,4.3,3605,43,62,1635,400.0,5047
3730,1.0,0.0,4.1,1959,43,62,1110,600.0,5047
3731,1.0,0.0,3.9,330,38,20,604,600.0,5047
3732,1.0,0.0,3.9,331,0,13,1195,200.0,5047
3733,1.0,0.0,4.1,301,30,62,1569,200.0,89
3734,1.0,0.0,4.0,334,28,62,1589,300.0,2709
3735,1.0,0.0,3.9,224,38,72,1196,250.0,5047
3736,1.0,0.0,3.8,98,38,20,1156,400.0,5047
3737,1.0,0.0,4.1,840,22,62,1595,300.0,5047
3738,1.0,0.0,3.6,519,28,20,1589,400.0,126
3739,1.0,0.0,3.9,62,28,62,324,300.0,5047
3740,1.0,0.0,4.0,293,43,45,1644,250.0,5047
3741,1.0,0.0,2.9,177,0,62,1196,300.0,5047
3742,1.0,1.0,4.1,1242,42,20,1156,600.0,5047
3743,1.0,0.0,3.8,99,0,20,1589,350.0,2722
3744,1.0,0.0,3.9,56,0,62,235,300.0,5047
3745,1.0,0.0,4.2,1076,42,69,1121,400.0,5047
3746,1.0,0.0,3.9,236,22,62,1381,400.0,5047
3747,1.0,0.0,4.0,1986,28,20,294,800.0,5047
3748,1.0,0.0,3.6,45,28,62,311,300.0,5047
3749,1.0,0.0,3.4,137,0,72,282,500.0,5047
3750,1.0,0.0,4.3,385,0,72,1392,500.0,5047
3751,1.0,0.0,3.9,70,3,30,767,350.0,5047
3752,1.0,0.0,3.6,621,22,62,322,400.0,5047
3753,1.0,0.0,3.9,52,0,62,1589,300.0,5047
3754,1.0,0.0,4.5,334,42,33,779,500.0,5047
3755,1.0,0.0,4.3,475,0,72,1465,600.0,5047
3756,1.0,0.0,4.4,1286,22,62,1156,400.0,5047
3757,1.0,0.0,4.0,196,41,62,1156,500.0,5047
3758,1.0,0.0,3.8,53,44,62,917,350.0,5047
3759,1.0,0.0,2.9,127,0,62,565,300.0,5047
3760,1.0,0.0,4.0,113,0,62,591,400.0,832
3761,1.0,0.0,3.8,509,22,62,322,500.0,5047
3762,1.0,0.0,3.9,420,0,20,112,800.0,5047
3763,1.0,1.0,4.1,2724,0,20,296,800.0,5047
3764,1.0,1.0,4.0,202,28,62,1476,700.0,5047
3765,1.0,0.0,3.8,101,81,29,1190,500.0,5047
3766,1.0,0.0,3.9,160,41,29,271,650.0,5047
3767,1.0,0.0,4.0,253,30,30,773,300.0,5047
3768,1.0,0.0,4.0,64,22,20,1591,300.0,3800
3769,1.0,0.0,2.3,298,7,62,286,450.0,5047
3770,1.0,0.0,3.8,120,22,20,301,600.0,5047
3771,1.0,0.0,3.6,382,42,20,1037,600.0,5047
3772,1.0,0.0,4.3,650,43,62,1547,250.0,5047
3773,1.0,0.0,2.7,159,28,62,1465,750.0,5047
3774,1.0,0.0,3.9,438,0,20,197,650.0,5047
3775,1.0,0.0,3.9,467,0,20,112,550.0,5047
3776,1.0,0.0,4.0,457,43,29,932,500.0,5047
3777,1.0,0.0,3.9,210,30,11,778,400.0,5047
3778,1.0,0.0,4.0,79,30,62,1079,100.0,5047
3779,1.0,0.0,4.1,164,30,62,256,400.0,5047
3780,1.0,0.0,3.7,111,3,20,43,800.0,5047
3781,1.0,0.0,3.2,136,3,20,1209,500.0,5047
3782,1.0,0.0,3.0,102,0,20,1589,600.0,5047
3783,1.0,0.0,3.9,97,30,62,1547,200.0,5047
3784,1.0,0.0,3.8,151,22,70,1121,400.0,5047
3785,1.0,0.0,3.6,218,0,20,286,600.0,5047
3786,1.0,0.0,4.6,406,3,20,0,1000.0,5047
3787,1.0,0.0,3.9,148,22,69,1121,200.0,5047
3788,1.0,0.0,3.8,139,42,62,1591,200.0,3248
3789,1.0,0.0,4.0,750,24,62,1156,250.0,5047
3790,1.0,1.0,3.9,487,0,13,710,700.0,5047
3791,1.0,0.0,3.9,357,0,62,1196,400.0,5047
3792,1.0,0.0,4.2,702,44,30,182,450.0,5047
3793,1.0,0.0,4.1,888,40,13,395,800.0,5047
3794,1.0,0.0,4.1,414,44,12,1026,300.0,5047
3795,1.0,0.0,4.1,230,28,0,181,500.0,5047
3796,1.0,0.0,3.1,53,38,62,817,100.0,5047
3797,1.0,0.0,4.3,277,44,62,1156,450.0,5047
3798,1.0,0.0,4.0,260,28,62,1156,300.0,5047
3799,1.0,0.0,3.9,50,22,62,197,450.0,5047
3800,1.0,0.0,4.1,1022,22,30,773,500.0,5047
3801,1.0,0.0,3.3,394,44,62,1156,400.0,5047
3802,1.0,0.0,4.0,166,30,62,1589,400.0,687
3803,1.0,0.0,4.0,457,38,20,1156,550.0,5047
3804,1.0,0.0,4.1,93,22,20,989,700.0,5047
3805,1.0,0.0,4.2,450,30,13,362,400.0,5047
3806,1.0,0.0,3.9,45,22,30,211,400.0,5047
3807,1.0,0.0,4.0,96,3,29,1113,600.0,5047
3808,1.0,0.0,3.1,266,22,20,517,550.0,5047
3809,1.0,0.0,3.8,59,22,62,1547,200.0,155
3810,1.0,0.0,3.9,163,22,62,1597,300.0,5047
3811,1.0,0.0,3.2,68,22,20,1619,400.0,5047
3812,1.0,0.0,4.6,117,38,30,773,300.0,5047
3813,1.0,0.0,4.0,326,22,29,1637,200.0,5047
3814,1.0,0.0,4.1,313,38,72,933,650.0,5047
3815,1.0,0.0,3.8,101,28,62,1636,200.0,5047
3816,1.0,0.0,4.4,351,43,13,493,500.0,5047
3817,1.0,0.0,3.7,327,0,72,1185,500.0,5047
3818,1.0,0.0,3.9,498,43,62,1638,300.0,5047
3819,1.0,0.0,4.0,84,0,62,856,400.0,3840
3820,1.0,1.0,4.2,174,30,20,924,800.0,5047
3821,1.0,0.0,4.1,57,38,12,1023,200.0,5047
3822,1.0,0.0,4.3,189,41,0,181,400.0,5047
3823,1.0,1.0,4.4,197,42,13,498,800.0,5047
3824,1.0,0.0,3.9,101,3,30,956,400.0,5047
3825,1.0,1.0,4.1,1541,0,20,1054,800.0,5047
3826,1.0,0.0,3.6,192,0,29,917,450.0,5047
3827,1.0,0.0,3.9,73,3,72,1578,400.0,5047
3828,1.0,0.0,3.9,50,30,62,1587,200.0,2680
3829,1.0,0.0,4.3,245,42,62,1668,600.0,5047
3830,1.0,0.0,4.0,136,22,20,625,750.0,5047
3831,1.0,0.0,3.9,170,0,62,1063,300.0,5047
3832,1.0,0.0,4.2,213,28,30,959,400.0,5047
3833,1.0,0.0,3.9,49,3,13,332,600.0,5047
3834,1.0,0.0,3.9,106,44,29,918,600.0,5047
3835,1.0,0.0,3.9,85,28,62,1490,300.0,5047
3836,1.0,0.0,4.1,205,42,62,817,250.0,5047
3837,1.0,0.0,3.8,60,0,62,203,300.0,5047
3838,1.0,1.0,4.5,799,0,20,716,800.0,5047
3839,1.0,0.0,3.2,64,0,62,1268,250.0,5047
3840,1.0,0.0,3.9,670,0,20,1156,500.0,5047
3841,1.0,0.0,4.1,119,22,62,1578,200.0,5047
3842,1.0,0.0,3.7,130,38,21,624,1200.0,5047
3843,1.0,0.0,4.1,189,41,30,767,300.0,5047
3844,1.0,0.0,3.8,47,28,69,1121,100.0,5047
3845,1.0,0.0,4.1,55,42,9,210,400.0,5047
3846,1.0,0.0,3.7,94,22,62,1181,400.0,5047
3847,1.0,0.0,3.1,89,0,62,1374,350.0,5047
3848,1.0,0.0,3.5,221,0,70,1119,400.0,5047
3849,1.0,1.0,3.9,74,0,20,244,700.0,5047
3850,1.0,0.0,3.7,83,22,62,265,350.0,5047
3851,1.0,0.0,4.1,137,42,13,452,1200.0,5047
3852,1.0,1.0,4.2,541,42,26,1265,1000.0,5047
3853,1.0,0.0,3.6,95,38,62,1335,300.0,5047
3854,1.0,0.0,4.6,4650,44,46,32,1500.0,5047
3855,1.0,0.0,3.2,49,42,62,120,300.0,5047
3856,1.0,0.0,4.1,50,28,13,502,600.0,5047
3857,1.0,0.0,3.0,122,3,20,609,500.0,5047
3858,1.0,0.0,3.9,85,44,62,1156,400.0,5047
3859,1.0,0.0,4.2,174,43,13,332,600.0,5047
3860,1.0,1.0,4.1,218,42,20,1239,600.0,5047
3861,1.0,0.0,4.0,108,0,62,1156,300.0,5047
3862,1.0,0.0,3.6,144,22,62,1547,150.0,104
3863,1.0,0.0,3.8,281,30,20,283,800.0,5047
3864,1.0,0.0,3.8,151,30,30,773,350.0,5047
3865,1.0,0.0,3.7,58,42,62,1156,200.0,5047
3866,1.0,1.0,3.9,484,42,20,1427,700.0,5047
3867,1.0,0.0,3.9,106,22,62,1547,150.0,5047
3868,1.0,0.0,3.9,551,44,62,818,600.0,5047
3869,1.0,0.0,4.2,169,28,13,361,600.0,5047
3870,1.0,0.0,3.9,347,28,20,609,600.0,5047
3871,1.0,0.0,3.7,197,22,62,1571,400.0,2702
3872,1.0,0.0,2.8,261,22,20,1040,700.0,5047
3873,1.0,0.0,4.0,108,30,62,329,500.0,5047
3874,1.0,0.0,4.1,83,43,13,427,700.0,5047
3875,1.0,1.0,4.2,344,42,20,1156,500.0,5047
3876,0.0,0.0,4.0,72,43,62,1649,100.0,5047
3877,1.0,0.0,3.7,85,3,29,38,600.0,3885
3878,1.0,0.0,3.5,323,38,62,1077,500.0,5047
3879,1.0,0.0,3.8,337,0,20,65,800.0,5047
3880,1.0,0.0,2.8,151,44,20,1206,700.0,5047
3881,1.0,0.0,4.0,186,44,2,188,500.0,5047
3882,1.0,0.0,4.1,162,22,30,767,400.0,5047
3883,1.0,1.0,4.2,325,44,20,1205,800.0,5047
3884,1.0,0.0,4.2,289,3,62,6,400.0,5047
3885,1.0,0.0,4.4,98,37,29,1184,400.0,5047
3886,1.0,0.0,3.9,419,7,62,1474,800.0,5047
3887,1.0,0.0,4.0,777,43,20,1005,750.0,5047
3888,1.0,1.0,3.8,362,30,20,291,600.0,5047
3889,1.0,0.0,3.9,409,28,20,1196,500.0,5047
3890,1.0,0.0,3.8,190,22,62,1573,250.0,685
3891,1.0,0.0,4.1,1272,0,20,105,900.0,5047
3892,1.0,0.0,4.1,61,22,45,817,200.0,5047
3893,1.0,0.0,3.7,479,0,20,604,850.0,5047
3894,1.0,0.0,4.3,287,41,29,1156,400.0,3997
3895,1.0,0.0,4.0,41,3,41,442,400.0,5047
3896,1.0,0.0,4.2,182,22,9,215,400.0,5047
3897,1.0,0.0,3.6,96,38,62,1039,300.0,5047
3898,1.0,0.0,3.7,829,22,20,1079,850.0,5047
3899,1.0,0.0,3.9,69,42,12,1023,150.0,5047
3900,1.0,0.0,4.0,985,22,20,238,800.0,5047
3901,1.0,1.0,3.5,59,22,20,1279,700.0,5047
3902,1.0,0.0,3.4,277,0,66,1455,250.0,5047
3903,1.0,0.0,4.0,144,0,29,1465,750.0,5047
3904,1.0,0.0,4.0,571,38,20,208,600.0,5047
3905,1.0,0.0,2.9,116,3,20,521,1000.0,5047
3906,1.0,0.0,4.0,59,41,62,1416,300.0,5047
3907,1.0,0.0,4.1,60,39,13,451,600.0,5047
3908,1.0,0.0,2.8,227,22,62,266,500.0,5047
3909,1.0,0.0,4.1,799,30,13,437,400.0,5047
3910,1.0,0.0,3.5,735,0,20,47,600.0,5047
3911,1.0,0.0,4.1,270,38,62,132,500.0,5047
3912,1.0,0.0,2.8,137,38,62,1156,500.0,5047
3913,1.0,0.0,4.0,74,38,0,181,500.0,5047
3914,1.0,0.0,3.8,214,44,20,1354,700.0,5047
3915,1.0,0.0,3.9,110,42,30,950,200.0,5047
3916,1.0,0.0,3.9,237,42,62,1551,200.0,5047
3917,1.0,0.0,3.6,41,0,13,401,600.0,5047
3918,1.0,0.0,3.9,95,0,72,1056,400.0,5047
3919,1.0,0.0,3.6,90,44,62,826,500.0,5047
3920,1.0,0.0,3.8,254,0,20,282,800.0,5047
3921,1.0,0.0,3.9,92,30,62,230,200.0,5047
3922,1.0,0.0,3.9,42,28,30,1121,250.0,5047
3923,1.0,0.0,4.0,138,42,12,1025,150.0,5047
3924,1.0,0.0,3.6,59,22,29,1339,300.0,5047
3925,1.0,0.0,3.9,152,44,29,1296,500.0,249
3926,1.0,0.0,4.2,600,44,30,773,900.0,5047
3927,1.0,1.0,3.9,601,22,20,1092,1000.0,5047
3928,1.0,1.0,4.1,454,28,20,695,700.0,5047
3929,1.0,0.0,4.0,199,0,62,1156,300.0,5047
3930,1.0,0.0,3.9,169,0,72,285,450.0,5047
3931,1.0,0.0,3.7,483,41,20,761,800.0,5047
3932,1.0,0.0,3.8,1071,0,20,235,500.0,5047
3933,1.0,0.0,4.1,66,43,20,1090,1000.0,5047
3934,1.0,1.0,4.1,732,22,13,405,1200.0,5047
3935,1.0,0.0,4.3,480,42,13,512,450.0,5047
3936,1.0,0.0,4.0,128,0,30,949,230.0,5047
3937,1.0,0.0,3.8,376,0,62,1204,500.0,5047
3938,1.0,0.0,3.7,42,28,62,1196,500.0,5047
3939,1.0,0.0,4.0,76,40,62,1602,300.0,5047
3940,1.0,0.0,4.1,778,38,13,383,700.0,193
3941,1.0,0.0,3.8,473,42,20,1597,500.0,145
3942,1.0,0.0,4.2,78,22,20,268,400.0,5047
3943,1.0,0.0,4.1,361,42,72,264,400.0,5047
3944,1.0,0.0,3.7,62,22,62,64,500.0,5047
3945,1.0,0.0,3.9,296,41,72,1156,400.0,3225
3946,1.0,0.0,4.2,556,42,62,1672,400.0,5047
3947,1.0,0.0,3.9,138,0,62,1327,300.0,5047
3948,1.0,0.0,3.8,208,0,19,366,650.0,5047
3949,1.0,0.0,4.2,251,30,30,773,300.0,5047
3950,1.0,0.0,2.8,138,0,62,1451,300.0,5047
3951,1.0,0.0,2.9,42,0,62,1432,250.0,95
3952,1.0,0.0,4.0,229,42,30,956,500.0,5047
3953,1.0,0.0,3.6,82,38,62,1505,400.0,5047
3954,1.0,0.0,3.9,204,22,1,657,600.0,5047
3955,1.0,0.0,4.0,66,28,9,217,600.0,5047
3956,1.0,0.0,4.0,410,42,62,84,300.0,5047
3957,1.0,0.0,4.0,63,42,62,228,150.0,2190
3958,1.0,0.0,3.9,44,22,13,432,300.0,5047
3959,1.0,0.0,4.0,89,28,0,181,500.0,5047
3960,1.0,0.0,4.1,192,30,30,789,300.0,5047
3961,1.0,0.0,3.1,177,3,62,42,250.0,5047
3962,1.0,0.0,3.9,124,0,62,1196,400.0,5047
3963,1.0,0.0,4.4,7210,42,20,304,600.0,5047
3964,1.0,0.0,4.0,61,41,16,462,700.0,3277
3965,1.0,0.0,3.9,45,43,62,621,550.0,5047
3966,1.0,0.0,3.9,60,22,62,1336,400.0,5047
3967,1.0,1.0,4.2,468,42,13,389,800.0,5047
3968,1.0,1.0,3.9,885,28,20,1156,900.0,5047
3969,1.0,0.0,4.2,465,0,62,1179,300.0,5047
3970,1.0,0.0,2.9,95,0,29,1432,700.0,5047
3971,1.0,1.0,4.1,719,22,13,418,950.0,5047
3972,1.0,0.0,4.2,249,0,32,210,500.0,5047
3973,1.0,0.0,3.8,41,44,62,235,200.0,5047
3974,1.0,0.0,4.5,181,22,20,1076,1200.0,5047
3975,1.0,1.0,4.5,1874,0,13,394,900.0,5047
3976,1.0,0.0,4.0,76,28,62,1023,150.0,5047
3977,1.0,1.0,4.1,1336,22,20,1375,800.0,5047
3978,1.0,0.0,3.0,96,0,62,1196,300.0,5047
3979,1.0,1.0,3.4,409,22,20,1375,750.0,5047
3980,1.0,0.0,3.6,64,7,20,591,400.0,5047
3981,1.0,0.0,3.7,91,22,0,181,350.0,5047
3982,1.0,0.0,4.2,969,42,62,1547,200.0,112
3983,1.0,0.0,4.4,290,3,12,217,400.0,26
3984,1.0,1.0,4.2,1430,28,20,64,800.0,5047
3985,1.0,0.0,3.8,613,0,13,472,600.0,5047
3986,1.0,0.0,3.9,356,22,20,1196,450.0,5047
3987,1.0,0.0,4.0,204,0,14,350,500.0,3980
3988,1.0,0.0,4.0,957,30,62,1356,500.0,5047
3989,1.0,0.0,3.9,321,43,20,43,500.0,5047
3990,1.0,0.0,3.7,178,0,62,1196,400.0,5047
3991,0.0,0.0,4.3,315,0,51,1059,300.0,5047
3992,1.0,1.0,4.1,971,30,54,1313,1500.0,5047
3993,1.0,0.0,3.7,141,22,20,54,500.0,5047
3994,1.0,0.0,3.9,368,22,20,50,550.0,5047
3995,1.0,0.0,3.9,116,22,20,303,900.0,5047
3996,1.0,0.0,3.9,255,0,20,50,500.0,5047
3997,1.0,1.0,4.0,1509,40,13,383,900.0,5047
3998,1.0,0.0,4.1,598,3,62,1156,400.0,3856
3999,1.0,0.0,3.9,823,42,20,558,550.0,5047
4000,1.0,0.0,3.9,153,28,41,427,400.0,5047
4001,1.0,1.0,4.0,1014,28,58,882,1300.0,5047
4002,1.0,0.0,4.1,205,30,30,956,300.0,5047
4003,1.0,0.0,3.8,122,42,0,181,400.0,5047
4004,1.0,0.0,3.9,191,0,62,256,300.0,5047
4005,1.0,0.0,3.7,184,0,62,858,400.0,5047
4006,1.0,0.0,3.9,126,30,62,1589,400.0,109
4007,1.0,0.0,3.8,208,3,20,237,700.0,5047
4008,1.0,1.0,4.2,2709,40,13,404,1000.0,2991
4009,1.0,1.0,4.2,869,42,13,339,600.0,5047
4010,1.0,0.0,4.2,140,22,13,383,800.0,5047
4011,1.0,0.0,3.9,178,28,30,767,400.0,5047
4012,1.0,0.0,4.2,166,42,62,817,300.0,5047
4013,1.0,0.0,3.8,231,38,13,394,600.0,1495
4014,1.0,0.0,3.9,214,0,20,1240,600.0,5047
4015,1.0,0.0,4.3,278,22,62,1547,150.0,102
4016,1.0,0.0,3.9,374,38,20,266,750.0,5047
4017,1.0,0.0,3.7,91,38,20,1253,550.0,5047
4018,1.0,0.0,3.9,202,3,62,1196,250.0,5047
4019,1.0,0.0,3.9,92,28,62,1602,300.0,128
4020,1.0,0.0,4.1,1112,42,20,289,750.0,5047
4021,1.0,0.0,3.9,320,3,20,1196,650.0,5047
4022,1.0,0.0,3.9,1189,0,62,1196,500.0,5047
4023,1.0,0.0,3.9,247,30,13,406,400.0,5047
4024,1.0,0.0,3.7,53,41,13,473,450.0,5047
4025,1.0,0.0,3.7,195,0,62,1156,400.0,3826
4026,1.0,0.0,3.8,84,22,62,578,400.0,5047
4027,1.0,1.0,4.4,9041,41,22,1468,600.0,5047
4028,1.0,0.0,3.7,135,0,20,1196,500.0,5047
4029,1.0,0.0,2.6,208,28,20,602,650.0,87
4030,1.0,0.0,4.2,1059,42,13,394,800.0,3200
4031,1.0,0.0,4.3,336,42,20,555,800.0,5047
4032,1.0,0.0,3.9,459,22,62,262,600.0,5047
4033,1.0,0.0,4.1,1956,43,20,201,650.0,5047
4034,1.0,0.0,3.8,122,30,20,1088,700.0,5047
4035,1.0,0.0,3.0,57,30,62,1329,400.0,5047
4036,1.0,0.0,3.9,180,22,29,609,600.0,5047
4037,1.0,0.0,4.2,701,41,29,1181,450.0,5047
4038,1.0,0.0,3.7,70,43,12,224,250.0,5047
4039,1.0,1.0,4.1,364,30,20,1665,1200.0,5047
4040,1.0,1.0,4.1,1543,28,20,165,1000.0,5047
4041,1.0,0.0,4.0,100,44,30,175,150.0,5047
4042,1.0,0.0,4.2,166,41,13,427,700.0,5047
4043,1.0,0.0,3.7,434,41,62,1423,400.0,5047
4044,1.0,1.0,4.0,235,42,20,1141,800.0,5047
4045,1.0,0.0,2.8,62,0,20,1460,500.0,5047
4046,1.0,0.0,4.1,129,28,20,1485,800.0,5047
4047,1.0,0.0,3.8,94,3,41,674,1100.0,5047
4048,1.0,1.0,4.2,1168,41,57,883,1300.0,5047
4049,1.0,1.0,4.0,1229,41,13,332,700.0,5047
4050,1.0,1.0,4.1,1845,38,13,343,600.0,5047
4051,1.0,0.0,3.9,519,41,20,609,500.0,5047
4052,1.0,0.0,4.1,90,42,13,383,600.0,5047
4053,1.0,1.0,4.2,2192,28,60,10,1200.0,5047
4054,1.0,0.0,3.1,120,43,20,1196,500.0,5047
4055,1.0,0.0,3.6,218,22,62,252,400.0,5047
4056,1.0,0.0,3.7,59,22,13,443,600.0,5047
4057,1.0,1.0,4.9,2178,42,21,134,1500.0,5047
4058,1.0,0.0,3.3,292,22,20,208,600.0,5047
4059,1.0,0.0,3.8,48,45,62,1196,300.0,5047
4060,1.0,0.0,3.6,122,22,20,1558,550.0,5047
4061,1.0,0.0,4.1,240,28,30,791,500.0,5047
4062,1.0,0.0,3.9,914,28,4,1266,1000.0,5047
4063,1.0,1.0,3.5,551,3,20,1236,600.0,5047
4064,1.0,0.0,4.0,957,44,20,1669,500.0,5047
4065,0.0,1.0,4.0,165,0,4,878,1100.0,5047
4066,1.0,1.0,4.4,1796,41,20,1678,1000.0,5047
4067,1.0,0.0,4.1,99,0,62,537,300.0,5047
4068,1.0,0.0,4.0,827,0,20,1490,500.0,5047
4069,1.0,0.0,3.9,68,0,20,1165,1000.0,5047
4070,1.0,0.0,3.9,231,38,29,1106,400.0,5047
4071,1.0,1.0,4.2,1692,42,13,459,650.0,5047
4072,1.0,0.0,4.0,265,42,45,1677,300.0,5047
4073,1.0,0.0,3.9,121,38,62,1209,400.0,5047
4074,1.0,0.0,3.6,163,40,20,1196,500.0,5047
4075,1.0,0.0,4.5,2062,22,20,1626,1200.0,5047
4076,1.0,0.0,3.9,163,42,29,44,300.0,5047
4077,1.0,0.0,4.1,507,43,30,789,500.0,5047
4078,1.0,0.0,4.0,536,3,20,610,800.0,5047
4079,1.0,0.0,4.1,381,0,62,84,250.0,5047
4080,1.0,0.0,4.1,464,0,13,344,500.0,5047
4081,1.0,0.0,3.7,65,42,20,98,800.0,5047
4082,1.0,0.0,4.1,397,22,30,956,450.0,5047
4083,1.0,0.0,3.9,452,44,20,197,600.0,5047
4084,1.0,0.0,3.6,176,22,29,259,400.0,5047
4085,1.0,0.0,4.0,869,0,29,250,500.0,5047
4086,1.0,0.0,3.8,331,22,62,1156,350.0,5047
4087,1.0,0.0,3.8,33,42,69,1117,250.0,5047
4088,1.0,0.0,4.1,320,43,62,1156,600.0,5047
4089,0.0,0.0,3.8,110,0,62,1644,200.0,5047
4090,1.0,0.0,4.7,1022,44,17,431,550.0,5047
4091,1.0,0.0,4.3,3447,44,20,1156,600.0,5047
4092,1.0,0.0,4.2,522,44,62,1669,450.0,5047
4093,1.0,0.0,3.8,283,22,62,286,400.0,5047
4094,1.0,0.0,4.0,310,30,13,388,750.0,5047
4095,1.0,0.0,3.6,142,30,20,1554,750.0,5047
4096,1.0,0.0,3.8,41,44,62,832,400.0,5047
4097,1.0,1.0,3.8,1166,22,20,1057,600.0,5047
4098,1.0,0.0,4.2,421,3,20,604,700.0,5047
4099,1.0,0.0,3.5,177,0,62,203,500.0,5047
4100,1.0,0.0,3.9,226,38,29,1429,450.0,5047
4101,1.0,0.0,4.3,50,42,30,773,400.0,5047
4102,1.0,0.0,3.7,439,22,72,282,550.0,5047
4103,1.0,0.0,3.9,64,42,62,1072,300.0,5047
4104,1.0,0.0,3.8,74,41,20,700,750.0,5047
4105,1.0,1.0,4.2,3230,0,25,1156,1600.0,5047
4106,1.0,0.0,3.8,232,30,20,68,600.0,5047
4107,1.0,0.0,3.7,37,28,29,282,600.0,5047
4108,1.0,0.0,4.0,508,28,19,460,1000.0,5047
4109,1.0,1.0,3.8,256,3,20,73,800.0,5047
4110,1.0,1.0,4.4,4315,28,52,625,1600.0,5047
4111,1.0,0.0,4.5,2594,42,33,955,500.0,5047
4112,1.0,0.0,4.2,820,43,20,1156,1000.0,5047
4113,1.0,1.0,4.1,1318,22,20,1319,800.0,3838
4114,1.0,0.0,4.3,1101,22,13,419,700.0,5047
4115,1.0,0.0,4.3,2374,28,20,1156,800.0,5047
4116,1.0,1.0,4.0,1205,41,13,408,650.0,5047
4117,1.0,0.0,4.1,337,30,62,547,300.0,5047
4118,1.0,0.0,4.4,2859,42,13,337,600.0,5047
4119,1.0,0.0,4.3,721,42,62,817,400.0,5047
4120,1.0,0.0,3.5,239,42,20,1412,1000.0,5047
4121,1.0,1.0,4.2,293,42,20,1532,800.0,5047
4122,1.0,0.0,4.3,219,38,62,1075,300.0,5047
4123,1.0,0.0,4.2,307,0,29,1045,600.0,5047
4124,1.0,1.0,4.2,2616,42,20,514,1300.0,5047
4125,0.0,0.0,3.7,126,0,62,1156,200.0,5047
4126,1.0,0.0,4.8,186,42,30,767,400.0,5047
4127,1.0,1.0,4.4,2386,41,20,1083,1000.0,5047
4128,1.0,0.0,3.5,79,30,20,72,600.0,5047
4129,1.0,0.0,3.7,109,3,62,1084,600.0,5047
4130,1.0,0.0,3.0,66,42,20,197,700.0,5047
4131,1.0,0.0,3.9,386,28,62,1476,600.0,5047
4132,1.0,0.0,3.9,475,43,20,1459,600.0,5047
4133,1.0,1.0,4.1,624,0,21,141,1500.0,5047
4134,1.0,0.0,3.6,455,22,72,1196,400.0,5047
4135,1.0,1.0,4.4,2239,3,21,744,1200.0,5047
4136,1.0,1.0,4.5,1877,38,21,1430,1200.0,5047
4137,1.0,0.0,4.2,532,42,20,600,600.0,5047
4138,1.0,0.0,3.6,207,42,20,1050,500.0,5047
4139,1.0,1.0,4.5,3458,42,20,1400,1300.0,5047
4140,1.0,0.0,4.0,36,0,32,775,300.0,5047
4141,1.0,1.0,4.2,1031,28,21,614,1100.0,5047
4142,1.0,0.0,3.9,77,44,30,956,800.0,5047
4143,1.0,0.0,4.0,51,42,62,817,500.0,5047
4144,1.0,1.0,4.1,400,42,15,422,1200.0,2055
4145,1.0,0.0,2.5,321,28,62,1241,400.0,5047
4146,1.0,1.0,4.3,1258,30,22,922,800.0,5047
4147,1.0,0.0,3.8,171,3,62,1256,250.0,5047
4148,1.0,0.0,3.8,76,42,62,202,500.0,5047
4149,1.0,0.0,4.1,61,42,30,792,450.0,5047
4150,1.0,1.0,3.9,533,22,20,76,900.0,5047
4151,1.0,0.0,4.1,739,28,29,565,500.0,5047
4152,1.0,0.0,3.2,144,3,62,1218,350.0,5047
4153,1.0,1.0,4.2,239,28,22,349,600.0,5047
4154,1.0,1.0,4.1,1027,3,20,1156,1000.0,5047
4155,1.0,0.0,4.0,188,38,29,171,300.0,5047
4156,1.0,1.0,4.5,245,41,20,1008,1300.0,5047
4157,1.0,1.0,4.1,221,41,20,1156,1000.0,5047
4158,1.0,1.0,3.7,111,22,20,1196,800.0,5047
4159,1.0,1.0,3.8,202,30,57,536,1000.0,5047
4160,1.0,1.0,3.8,759,28,20,1156,600.0,5047
4161,1.0,1.0,3.8,584,30,20,1381,1200.0,5047
4162,1.0,0.0,3.9,135,30,62,866,350.0,5047
4163,1.0,0.0,4.1,3001,38,13,374,1000.0,5047
4164,1.0,0.0,3.9,88,0,62,967,1000.0,5047
4165,1.0,1.0,4.3,516,43,20,23,2500.0,5047
4166,1.0,1.0,3.9,402,22,20,1555,800.0,5047
4167,1.0,0.0,3.8,257,37,29,1196,300.0,5047
4168,1.0,0.0,3.8,46,28,62,1465,450.0,5047
4169,1.0,1.0,4.3,342,41,62,790,450.0,5047
4170,1.0,0.0,4.1,588,28,20,558,700.0,5047
4171,1.0,0.0,3.8,273,0,20,1310,900.0,5047
4172,1.0,0.0,3.2,908,42,20,1381,600.0,5047
4173,1.0,0.0,3.5,888,44,20,1375,650.0,5047
4174,1.0,0.0,3.8,57,44,20,1531,700.0,5047
4175,1.0,1.0,4.5,710,44,20,1009,1500.0,5047
4176,1.0,0.0,3.8,658,42,20,616,500.0,5047
4177,1.0,0.0,4.4,939,42,13,435,900.0,5047
4178,1.0,0.0,3.5,283,0,62,206,350.0,5047
4179,1.0,1.0,4.4,677,44,20,1381,1500.0,5047
4180,1.0,0.0,4.0,181,28,20,1214,550.0,5047
4181,1.0,1.0,4.4,1851,43,20,521,1100.0,5047
4182,1.0,0.0,4.1,841,43,20,1534,700.0,5047
4183,1.0,1.0,4.1,294,28,20,938,500.0,3244
4184,1.0,0.0,3.2,51,22,29,1196,600.0,5047
4185,1.0,0.0,4.3,372,22,20,30,700.0,5047
4186,1.0,1.0,4.1,1774,42,57,881,1200.0,5047
4187,1.0,0.0,3.1,248,22,20,521,500.0,5047
4188,1.0,0.0,3.9,1138,42,20,1352,500.0,5047
4189,1.0,0.0,3.8,254,0,20,521,550.0,5047
4190,1.0,1.0,4.1,442,30,60,692,1200.0,5047
4191,1.0,0.0,3.9,391,44,20,911,750.0,5047
4192,1.0,0.0,4.1,131,22,20,1156,650.0,5047
4193,1.0,0.0,4.2,161,22,62,235,300.0,5047
4194,1.0,0.0,3.7,69,0,29,83,400.0,5047
4195,1.0,0.0,3.9,46,22,66,650,300.0,5047
4196,1.0,0.0,3.7,51,3,62,1156,300.0,5047
4197,1.0,0.0,3.8,80,22,62,1465,800.0,5047
4198,1.0,0.0,3.9,455,43,20,521,1000.0,5047
4199,1.0,1.0,3.6,107,42,20,1196,900.0,5047
4200,1.0,0.0,3.8,264,44,20,1154,650.0,5047
4201,1.0,1.0,4.2,1365,44,21,123,1400.0,5047
4202,1.0,0.0,3.7,158,30,20,251,700.0,5047
4203,1.0,1.0,4.1,587,28,21,688,1200.0,5047
4204,1.0,0.0,3.8,117,0,20,1181,600.0,5047
4205,1.0,1.0,4.5,3125,42,21,1233,1500.0,5047
4206,1.0,1.0,4.4,3870,42,25,713,1600.0,5047
4207,0.0,0.0,3.9,204,0,20,283,550.0,5047
4208,1.0,0.0,4.3,62,42,30,1676,250.0,5047
4209,1.0,0.0,4.4,384,44,62,1584,300.0,5047
4210,1.0,1.0,4.4,3667,42,20,606,1400.0,5047
4211,1.0,0.0,2.7,85,28,13,496,500.0,5047
4212,1.0,1.0,4.3,1233,30,20,1343,1000.0,5047
4213,1.0,1.0,4.2,1905,30,13,423,800.0,5047
4214,0.0,0.0,3.8,87,0,62,817,250.0,5047
4215,1.0,1.0,3.9,597,41,4,899,1200.0,5047
4216,1.0,0.0,2.9,177,30,20,1211,700.0,5047
4217,1.0,0.0,3.8,146,28,20,521,600.0,5047
4218,1.0,1.0,4.2,1867,22,49,889,1500.0,5047
4219,1.0,0.0,4.1,601,0,62,1477,700.0,5047
4220,1.0,0.0,3.9,200,28,62,1087,400.0,5047
4221,1.0,0.0,4.0,233,30,62,1561,400.0,5047
4222,1.0,0.0,3.9,52,22,64,316,250.0,5047
4223,1.0,1.0,3.7,291,41,20,69,750.0,3505
4224,1.0,1.0,4.2,1617,41,20,1512,1500.0,5047
4225,1.0,1.0,4.4,191,40,13,332,1000.0,831
4226,1.0,0.0,3.4,301,22,72,287,400.0,3524
4227,1.0,1.0,4.1,252,41,20,1149,750.0,5047
4228,1.0,0.0,3.8,149,42,20,277,600.0,567
4229,1.0,1.0,4.4,383,42,21,1108,1500.0,5047
4230,1.0,0.0,3.7,72,30,20,1209,450.0,5047
4231,1.0,1.0,4.0,150,39,20,706,1100.0,1879
4232,1.0,1.0,4.1,1078,30,20,1196,1000.0,5047
4233,0.0,0.0,3.6,81,0,0,175,200.0,5047
4234,0.0,0.0,4.0,147,0,13,436,400.0,5047
4235,1.0,0.0,4.1,1003,42,20,1388,700.0,4422
4236,1.0,0.0,2.8,102,3,62,1196,350.0,5047
4237,1.0,1.0,4.4,455,44,21,1156,1500.0,4321
4238,1.0,0.0,3.4,34,44,20,1359,650.0,5047
4239,1.0,0.0,4.0,118,28,20,604,400.0,3058
4240,1.0,0.0,3.9,88,22,62,817,250.0,5047
4241,1.0,0.0,3.1,140,0,20,1182,600.0,1287
4242,1.0,1.0,3.9,143,30,20,1093,1000.0,1395
4243,1.0,1.0,4.3,2563,42,4,688,1200.0,4820
4244,1.0,1.0,3.9,160,22,24,1296,900.0,4838
4245,1.0,0.0,4.0,510,44,20,562,750.0,1468
4246,1.0,1.0,4.1,668,40,20,605,900.0,5047
4247,1.0,0.0,3.9,315,30,62,1639,300.0,642
4248,1.0,1.0,3.8,72,28,62,1496,400.0,5047
4249,1.0,0.0,4.1,988,43,13,404,600.0,1540
4250,0.0,0.0,3.7,28,0,20,1196,500.0,5047
4251,1.0,1.0,2.9,90,3,20,1449,800.0,2567
4252,1.0,1.0,4.4,345,42,21,541,1000.0,398
4253,1.0,1.0,4.1,553,30,20,991,900.0,4024
4254,0.0,0.0,3.7,48,0,72,767,400.0,5047
4255,1.0,0.0,3.9,201,0,62,1451,300.0,2790
4256,1.0,0.0,3.7,127,18,72,849,300.0,2268
4257,1.0,1.0,4.1,600,43,20,998,1100.0,5047
4258,1.0,0.0,3.9,213,43,62,317,400.0,5047
4259,1.0,1.0,3.8,499,22,16,391,700.0,4744
4260,1.0,0.0,3.7,127,18,72,849,300.0,2268
4261,1.0,0.0,3.8,100,0,13,488,700.0,2516
4262,1.0,0.0,4.4,358,30,30,773,400.0,1757
4263,1.0,0.0,3.7,115,0,20,565,550.0,5047
4264,1.0,0.0,3.7,503,38,29,1423,500.0,5047
4265,1.0,0.0,3.7,173,22,72,257,400.0,5047
4266,1.0,0.0,3.6,72,43,62,1109,200.0,4530
4267,0.0,0.0,4.0,372,0,20,1002,500.0,5047
4268,0.0,0.0,4.1,358,0,62,605,500.0,5047
4269,1.0,0.0,3.9,450,22,20,1209,550.0,5047
4270,0.0,0.0,3.7,118,0,30,956,300.0,5047
4271,1.0,1.0,4.2,767,41,20,1272,1700.0,5047
4272,1.0,1.0,4.1,1697,42,20,1196,1200.0,5047
4273,0.0,0.0,3.6,117,0,29,1196,500.0,5047
4274,0.0,0.0,2.4,221,0,62,1156,550.0,5047
4275,1.0,0.0,3.9,186,45,62,563,400.0,5047
4276,1.0,0.0,3.7,103,43,62,1209,400.0,5047
4277,0.0,0.0,4.4,76,0,20,290,600.0,5047
4278,1.0,0.0,2.7,73,0,20,565,600.0,1491
4279,1.0,0.0,3.0,57,28,20,604,650.0,1407
4280,0.0,0.0,4.0,115,0,20,762,1000.0,5047
4281,0.0,0.0,3.5,42,0,62,1287,400.0,5047
4282,0.0,0.0,2.6,75,0,62,1438,400.0,5047
4283,0.0,0.0,3.1,53,0,20,1251,600.0,5047
4284,0.0,0.0,3.6,61,0,13,332,500.0,5047
4285,0.0,0.0,3.8,35,0,72,817,200.0,5047
4286,0.0,0.0,3.6,34,0,62,1002,650.0,5047
4287,1.0,0.0,4.1,505,43,13,381,600.0,5047
4288,1.0,0.0,4.0,684,42,62,617,250.0,5047
4289,1.0,0.0,3.6,71,0,62,1248,350.0,1183
4290,1.0,0.0,3.7,259,42,20,1139,750.0,1224
4291,1.0,0.0,4.0,68,44,30,767,400.0,5009
4292,1.0,1.0,4.1,1403,28,26,1296,1100.0,2161
4293,1.0,1.0,4.4,100,45,13,389,700.0,4849
4294,1.0,0.0,4.1,291,43,62,328,600.0,5047
4295,1.0,1.0,4.3,1800,42,22,660,900.0,5047
4296,1.0,1.0,4.1,845,28,21,1546,1100.0,4832
4297,0.0,0.0,3.1,44,0,29,1196,500.0,5047
4298,0.0,0.0,2.7,76,0,62,1196,500.0,5047
4299,0.0,0.0,3.8,43,0,62,1547,200.0,5047
4300,0.0,0.0,3.1,53,75,29,856,450.0,5047
4301,1.0,1.0,3.8,561,28,20,1156,800.0,5047
4302,1.0,0.0,3.9,162,28,29,1209,500.0,5047
4303,1.0,0.0,3.6,241,43,20,1522,800.0,5047
4304,1.0,0.0,2.9,62,30,65,548,650.0,3879
4305,1.0,0.0,3.9,95,38,62,1327,350.0,5047
4306,1.0,0.0,3.3,94,42,62,96,200.0,4066
4307,1.0,0.0,3.5,74,43,20,1028,600.0,654
4308,1.0,0.0,4.1,306,44,13,414,600.0,496
4309,1.0,0.0,3.7,46,0,20,1196,600.0,5047
4310,1.0,1.0,4.1,151,43,62,378,600.0,3442
4311,1.0,0.0,3.7,244,28,20,286,450.0,5047
4312,1.0,1.0,4.0,347,28,20,1295,1000.0,5047
4313,1.0,0.0,4.0,201,42,13,406,800.0,5047
4314,1.0,0.0,3.3,334,0,62,282,400.0,5047
4315,1.0,0.0,4.0,193,43,29,1657,500.0,5047
4316,1.0,0.0,2.6,170,3,20,978,600.0,5047
4317,1.0,1.0,3.9,202,22,13,492,500.0,1806
4318,1.0,0.0,4.1,209,41,62,749,400.0,5047
4319,1.0,0.0,3.8,278,22,62,235,200.0,5047
4320,1.0,0.0,4.0,101,3,20,1079,500.0,5047
4321,1.0,0.0,3.7,61,0,62,871,450.0,4242
4322,1.0,0.0,3.7,117,28,62,1156,150.0,5047
4323,1.0,0.0,3.0,61,0,13,332,650.0,818
4324,1.0,0.0,3.5,132,0,72,286,600.0,5047
4325,1.0,0.0,3.8,38,38,20,1156,400.0,5047
4326,1.0,0.0,4.0,76,38,62,1511,300.0,3076
4327,1.0,0.0,4.3,1899,42,30,767,400.0,5047
4328,1.0,0.0,3.7,95,38,62,1156,150.0,5047
4329,1.0,0.0,3.0,72,42,62,323,600.0,3229
4330,1.0,0.0,4.1,37,44,35,787,500.0,3283
4331,1.0,1.0,3.7,1014,43,4,663,1300.0,3266
4332,1.0,0.0,2.8,335,3,20,1196,500.0,5047
4333,1.0,0.0,3.8,75,30,62,1046,300.0,725
4334,1.0,0.0,4.1,90,30,62,1547,100.0,5047
4335,1.0,0.0,3.1,40,0,62,1156,400.0,5047
4336,1.0,0.0,2.6,54,0,29,251,600.0,1102
4337,0.0,1.0,4.5,3902,42,60,889,1000.0,5047
4338,0.0,0.0,3.8,63,0,13,332,500.0,5047
4339,1.0,0.0,4.0,176,43,29,834,300.0,5047
4340,1.0,0.0,3.1,68,30,62,1140,550.0,5047
4341,0.0,1.0,4.2,1192,28,26,979,1200.0,5047
4342,0.0,0.0,4.7,14654,42,16,338,900.0,5047
4343,1.0,0.0,3.8,109,43,72,1002,400.0,5047
4344,1.0,0.0,3.7,57,22,72,1156,400.0,5047
4345,0.0,0.0,4.5,3826,42,13,469,800.0,5047
4346,0.0,0.0,4.0,2729,42,13,400,1300.0,5047
4347,0.0,1.0,4.2,1214,28,20,1490,1200.0,5047
4348,1.0,0.0,3.4,185,3,20,1598,450.0,5047
4349,0.0,1.0,4.5,678,42,20,603,1400.0,5047
4350,0.0,0.0,4.3,2296,42,20,65,800.0,5047
4351,0.0,0.0,3.8,1159,42,20,50,650.0,5047
4352,0.0,1.0,4.3,2241,42,20,609,1100.0,5047
4353,0.0,0.0,4.3,988,42,62,617,350.0,5047
4354,0.0,1.0,4.4,320,42,20,1067,1200.0,5047
4355,0.0,0.0,4.3,449,42,30,958,400.0,5047
4356,0.0,1.0,4.1,466,28,20,1064,700.0,5047
4357,0.0,0.0,3.7,202,28,20,1314,900.0,5047
4358,0.0,0.0,3.9,124,3,13,446,500.0,5047
4359,0.0,0.0,4.0,193,28,20,1555,500.0,5047
4360,0.0,0.0,3.8,89,42,62,1337,300.0,5047
4361,0.0,0.0,2.3,175,28,20,1156,450.0,5047
4362,0.0,0.0,2.9,39,28,72,857,500.0,5047
4363,0.0,0.0,2.2,90,3,20,1196,750.0,5047
4364,1.0,0.0,3.8,178,38,20,1335,800.0,5047
4365,1.0,0.0,4.2,185,0,51,1209,300.0,5047
4366,1.0,0.0,4.0,138,44,20,1167,800.0,5047
4367,1.0,0.0,3.9,112,28,62,1649,200.0,4245
4368,1.0,0.0,3.8,34,22,63,186,350.0,3189
4369,1.0,0.0,3.9,145,41,29,1156,500.0,5047
4370,1.0,0.0,4.2,76,42,62,1517,450.0,5047
4371,1.0,1.0,4.4,2493,3,57,1343,900.0,5047
4372,1.0,0.0,4.6,230,30,13,359,400.0,5047
4373,1.0,0.0,4.3,169,41,30,773,450.0,5047
4374,1.0,0.0,3.8,213,43,20,1111,700.0,4448
4375,1.0,0.0,3.7,47,0,30,951,200.0,5047
4376,1.0,0.0,3.8,47,42,13,455,600.0,1081
4377,1.0,0.0,3.7,66,0,62,1563,300.0,5047
4378,1.0,0.0,3.7,47,43,20,1207,800.0,5047
4379,0.0,1.0,4.8,4390,42,4,643,1000.0,5047
4380,1.0,0.0,4.0,152,42,12,219,350.0,5047
4381,0.0,1.0,4.0,2151,42,46,627,1000.0,5047
4382,0.0,1.0,3.9,1388,42,46,718,1400.0,5047
4383,1.0,0.0,4.2,413,42,13,429,700.0,5047
4384,1.0,0.0,3.6,43,28,20,583,600.0,5047
4385,1.0,0.0,3.8,172,42,20,1423,400.0,4442
4386,0.0,0.0,4.1,1223,42,62,1112,400.0,5047
4387,0.0,0.0,4.1,435,42,20,1209,500.0,5047
4388,0.0,0.0,4.0,335,30,20,1173,550.0,5047
4389,0.0,1.0,4.4,464,41,13,403,800.0,5047
4390,1.0,0.0,4.1,956,28,20,1613,600.0,3967
4391,0.0,1.0,4.5,546,42,13,412,900.0,5047
4392,0.0,0.0,3.9,1155,41,20,517,650.0,5047
4393,0.0,1.0,4.1,770,41,21,50,800.0,5047
4394,0.0,0.0,4.1,674,42,20,1589,650.0,5047
4395,0.0,0.0,4.1,42,42,62,1636,150.0,5047
4396,1.0,0.0,3.9,337,22,62,1196,500.0,5047
4397,0.0,1.0,4.1,446,44,20,1156,650.0,5047
4398,0.0,0.0,4.3,235,44,9,223,350.0,5047
4399,0.0,0.0,4.0,161,30,62,873,200.0,5047
4400,0.0,0.0,3.8,83,30,62,1172,400.0,5047
4401,0.0,0.0,3.9,118,30,20,1185,800.0,5047
4402,0.0,0.0,4.0,181,42,51,1156,150.0,5047
4403,0.0,0.0,3.1,117,44,62,235,200.0,5047
4404,0.0,0.0,4.0,93,3,72,181,800.0,5047
4405,0.0,0.0,3.8,69,3,14,350,700.0,5047
4406,0.0,0.0,3.8,62,44,2,767,150.0,5047
4407,0.0,0.0,2.6,56,22,29,293,500.0,5047
4408,0.0,0.0,3.2,63,28,3,191,600.0,5047
4409,0.0,0.0,3.7,44,28,30,181,200.0,5047
4410,0.0,0.0,3.8,38,42,30,952,400.0,5047
4411,0.0,0.0,3.7,91,30,20,1196,900.0,5047
4412,1.0,0.0,4.1,323,44,13,342,700.0,5047
4413,1.0,0.0,3.3,67,3,20,1196,600.0,5047
4414,1.0,0.0,3.4,212,22,20,1258,800.0,5047
4415,1.0,0.0,4.0,87,0,9,210,150.0,2284
4416,1.0,0.0,3.9,194,28,20,1589,400.0,5047
4417,1.0,1.0,4.0,280,41,21,801,1500.0,5047
4418,1.0,0.0,3.8,187,28,13,339,500.0,2287
4419,1.0,0.0,3.9,48,22,62,821,400.0,5047
4420,1.0,1.0,4.0,127,22,20,1390,900.0,5047
4421,0.0,0.0,4.2,434,0,30,181,400.0,5047
4422,1.0,0.0,4.4,63,0,30,773,300.0,5047
4423,1.0,0.0,4.5,583,0,30,773,400.0,3010
4424,1.0,0.0,4.2,250,0,32,210,300.0,5047
4425,1.0,0.0,4.5,1238,0,29,929,500.0,3
4426,1.0,0.0,4.0,48,0,32,773,300.0,5047
4427,1.0,0.0,4.0,221,0,70,1122,200.0,1661
4428,1.0,0.0,3.4,280,0,68,1640,200.0,5047
4429,1.0,0.0,4.0,87,0,9,210,200.0,3218
4430,0.0,0.0,4.0,164,0,68,1640,150.0,5047
4431,1.0,0.0,4.0,71,0,30,773,300.0,2076
4432,0.0,0.0,4.1,342,0,0,181,500.0,5047
4433,1.0,0.0,4.0,138,0,30,949,250.0,5047
4434,1.0,0.0,3.6,223,0,70,1119,400.0,3940
4435,1.0,0.0,3.8,102,0,20,1208,800.0,5047
4436,1.0,0.0,3.3,77,0,0,175,400.0,1935
4437,1.0,0.0,4.0,30,0,0,181,500.0,2546
4438,1.0,0.0,4.0,207,0,14,350,500.0,1372
4439,0.0,0.0,3.9,41,0,3,195,200.0,5047
4440,0.0,0.0,3.6,83,0,0,175,200.0,5047
4441,0.0,0.0,3.7,48,0,72,767,400.0,5047
4442,1.0,0.0,3.7,47,0,30,949,100.0,5047
4443,0.0,0.0,3.7,106,0,30,767,600.0,5047
4444,1.0,1.0,4.0,157,39,20,706,1100.0,1447
4445,0.0,0.0,4.6,342,42,35,787,400.0,5047
4446,0.0,1.0,4.2,2626,42,20,514,1300.0,5047
4447,0.0,0.0,4.5,210,42,17,467,600.0,5047
4448,1.0,1.0,4.1,496,28,20,695,700.0,1685
4449,1.0,0.0,4.5,2668,42,33,955,500.0,5047
4450,1.0,1.0,4.2,589,42,13,389,800.0,1082
4451,1.0,0.0,4.6,1028,44,30,786,550.0,5047
4452,1.0,0.0,4.5,847,30,30,956,400.0,5047
4453,1.0,0.0,4.1,62,42,30,792,450.0,5047
4454,1.0,0.0,4.3,673,30,30,181,500.0,1583
4455,1.0,0.0,4.1,71,28,13,502,600.0,640
4456,1.0,0.0,4.5,360,42,33,776,300.0,2610
4457,0.0,0.0,4.3,464,42,30,958,400.0,5047
4458,1.0,0.0,4.1,147,42,13,452,1200.0,1926
4459,0.0,0.0,4.3,1904,42,30,767,400.0,5047
4460,1.0,1.0,4.2,1722,42,13,459,650.0,5047
4461,1.0,0.0,3.9,234,42,30,956,500.0,5047
4462,1.0,0.0,4.2,605,44,30,773,900.0,627
4463,1.0,0.0,4.2,184,42,30,773,350.0,762
4464,1.0,1.0,4.2,249,28,22,349,600.0,4897
4465,1.0,0.0,4.1,70,44,30,767,400.0,5010
4466,1.0,0.0,4.9,201,42,30,767,400.0,5047
4467,1.0,0.0,4.2,220,28,30,792,400.0,5047
4468,1.0,0.0,4.1,244,42,9,215,400.0,4462
4469,1.0,0.0,4.3,70,42,30,1676,250.0,5047
4470,1.0,0.0,4.2,449,44,30,773,300.0,1605
4471,0.0,0.0,3.9,144,44,68,1640,200.0,5047
4472,1.0,0.0,4.2,712,44,30,182,450.0,2942
4473,1.0,0.0,4.2,346,42,30,790,500.0,813
4474,0.0,0.0,4.1,77,44,45,956,300.0,5047
4475,1.0,0.0,4.0,189,44,2,188,500.0,2278
4476,1.0,0.0,4.1,216,42,9,221,200.0,3071
4477,1.0,0.0,4.1,37,44,35,787,500.0,5047
4478,1.0,0.0,3.9,242,28,30,789,500.0,5047
4479,1.0,0.0,3.9,72,3,30,767,350.0,596
4480,1.0,0.0,4.2,53,42,30,773,400.0,3469
4481,1.0,0.0,3.9,191,28,30,767,400.0,5047
4482,1.0,0.0,4.0,42,3,41,774,400.0,5047
4483,1.0,0.0,3.7,94,22,0,181,400.0,5047
4484,1.0,0.0,3.9,82,44,30,956,800.0,4475
4485,0.0,0.0,4.1,324,44,13,342,700.0,5047
4486,1.0,0.0,4.0,153,42,12,219,350.0,5047
4487,1.0,0.0,4.0,100,44,30,175,150.0,680
4488,1.0,0.0,3.9,155,28,41,427,400.0,5047
4489,0.0,0.0,3.9,43,42,9,224,200.0,5047
4490,0.0,0.0,4.0,94,3,72,181,800.0,5047
4491,0.0,0.0,3.8,69,3,14,351,700.0,5047
4492,1.0,0.0,3.9,107,3,30,956,400.0,538
4493,0.0,0.0,3.8,62,44,2,767,150.0,5047
4494,1.0,0.0,4.1,450,30,13,363,400.0,4247
4495,0.0,0.0,2.5,58,22,29,293,500.0,5047
4496,0.0,0.0,3.2,64,28,3,191,600.0,5047
4497,1.0,0.0,3.7,176,22,72,257,400.0,5047
4498,1.0,0.0,3.8,34,42,69,1117,250.0,3855
4499,0.0,0.0,3.7,45,28,30,181,200.0,5047
4500,1.0,0.0,4.1,95,28,0,181,500.0,3470
4501,0.0,0.0,3.8,38,42,30,952,400.0,5047
4502,0.0,0.0,3.7,49,44,32,773,400.0,5047
4503,1.0,0.0,3.8,75,40,69,1121,200.0,2967
4504,0.0,1.0,4.9,6375,0,20,813,1600.0,5047
4505,0.0,1.0,4.4,201,0,20,720,1300.0,5047
4506,1.0,1.0,4.2,3230,0,25,1156,1600.0,4415
4507,0.0,1.0,4.4,1149,0,21,1369,1100.0,5047
4508,1.0,1.0,4.5,799,0,20,716,800.0,1041
4509,1.0,1.0,4.5,1874,0,13,394,900.0,1820
4510,1.0,1.0,4.1,1541,0,20,1054,800.0,2388
4511,1.0,1.0,4.1,624,0,21,141,1500.0,1775
4512,1.0,0.0,4.1,1272,0,20,105,900.0,206
4513,1.0,0.0,4.0,827,0,20,1490,500.0,3824
4514,1.0,0.0,3.7,479,0,20,604,850.0,4766
4515,0.0,0.0,3.9,204,0,20,283,550.0,5047
4516,1.0,0.0,3.9,467,0,20,112,550.0,1244
4517,0.0,0.0,4.3,315,0,51,1059,300.0,5047
4518,1.0,1.0,4.1,2724,0,20,296,800.0,4369
4519,1.0,0.0,3.8,254,0,20,282,800.0,1290
4520,1.0,0.0,4.2,185,0,51,1209,300.0,5047
4521,1.0,0.0,3.9,420,0,20,112,800.0,3645
4522,1.0,0.0,3.9,363,0,20,1156,600.0,3903
4523,0.0,1.0,4.0,165,0,4,878,1100.0,5047
4524,1.0,0.0,4.1,464,0,13,344,500.0,4572
4525,1.0,0.0,3.7,115,0,20,565,550.0,4718
4526,1.0,0.0,3.7,135,0,20,1196,500.0,1561
4527,1.0,0.0,3.8,685,0,20,1599,400.0,4219
4528,1.0,0.0,3.9,255,0,20,50,500.0,1112
4529,1.0,0.0,4.1,295,0,20,250,700.0,5047
4530,1.0,0.0,3.0,102,0,20,1589,600.0,4714
4531,1.0,0.0,4.0,245,0,62,202,400.0,1861
4532,1.0,0.0,4.0,943,0,20,558,600.0,4797
4533,1.0,1.0,3.9,74,0,20,244,700.0,2092
4534,1.0,0.0,3.8,273,0,20,1310,900.0,2288
4535,1.0,0.0,3.9,68,0,20,1165,1000.0,3742
4536,1.0,0.0,3.9,214,0,20,1240,600.0,4389
4537,1.0,0.0,3.9,670,0,20,1156,500.0,4326
4538,1.0,0.0,3.6,218,0,20,286,600.0,4949
4539,1.0,0.0,3.5,221,0,70,1119,400.0,325
4540,1.0,0.0,3.6,71,0,62,1248,350.0,1183
4541,1.0,0.0,3.8,100,0,13,488,700.0,2516
4542,1.0,0.0,3.8,99,0,20,1589,350.0,3412
4543,0.0,0.0,4.4,76,0,20,290,600.0,5047
4544,1.0,0.0,3.5,735,0,20,47,600.0,1251
4545,0.0,0.0,2.9,84,0,20,1185,500.0,5047
4546,1.0,0.0,3.9,331,0,13,1195,200.0,2300
4547,1.0,0.0,3.8,117,0,20,1181,600.0,3589
4548,1.0,0.0,3.8,613,0,13,472,600.0,3454
4549,1.0,0.0,3.0,61,0,13,332,650.0,818
4550,1.0,0.0,3.6,41,0,13,401,600.0,3471
4551,0.0,0.0,4.0,147,0,13,436,400.0,5047
4552,1.0,0.0,3.8,337,0,20,65,800.0,941
4553,0.0,0.0,3.7,28,0,20,1196,500.0,5047
4554,1.0,0.0,2.7,73,0,20,565,600.0,1491
4555,1.0,0.0,3.1,140,0,20,1182,600.0,994
4556,0.0,0.0,4.0,372,0,20,1002,500.0,5047
4557,1.0,0.0,3.8,254,0,20,521,550.0,5047
4558,1.0,0.0,3.7,46,0,20,1196,600.0,3788
4559,0.0,0.0,4.0,115,0,20,762,1000.0,5047
4560,0.0,0.0,3.1,53,0,20,1251,600.0,5047
4561,0.0,0.0,3.6,61,0,13,332,500.0,5047
4562,1.0,0.0,3.9,438,0,20,197,650.0,3012
4563,0.0,0.0,3.7,41,0,20,282,450.0,5047
4564,0.0,0.0,3.7,112,0,20,550,500.0,5047
4565,1.0,0.0,3.8,208,0,19,366,650.0,5047
4566,1.0,1.0,3.9,487,0,13,710,700.0,3332
4567,0.0,0.0,3.8,63,0,13,332,500.0,5047
4568,1.0,0.0,4.0,113,0,12,1652,250.0,438
4569,1.0,0.0,2.8,62,0,20,1460,500.0,3821
4570,1.0,0.0,3.9,52,0,62,1589,300.0,5047
4571,1.0,0.0,3.9,88,0,62,967,1000.0,1795
4572,1.0,0.0,4.1,99,0,62,537,300.0,3770
4573,1.0,0.0,3.9,1189,0,62,1196,500.0,3583
4574,1.0,0.0,3.9,179,0,62,1461,250.0,4902
4575,1.0,0.0,4.2,465,0,62,1060,400.0,3701
4576,1.0,0.0,4.1,783,0,62,1597,300.0,2691
4577,0.0,0.0,4.0,137,0,62,1045,200.0,5047
4578,1.0,0.0,3.9,191,0,62,256,300.0,1559
4579,1.0,0.0,3.5,383,0,62,266,400.0,2013
4580,1.0,0.0,4.1,381,0,62,84,250.0,4063
4581,1.0,0.0,4.2,465,0,62,1179,300.0,1717
4582,1.0,0.0,3.9,348,0,62,322,400.0,2631
4583,1.0,0.0,4.1,521,0,62,1474,400.0,3130
4584,1.0,0.0,3.9,441,0,62,1190,500.0,1009
4585,1.0,0.0,4.0,199,0,62,1156,300.0,2785
4586,1.0,0.0,3.9,201,0,62,1451,300.0,2790
4587,1.0,0.0,4.0,113,0,62,591,400.0,161
4588,1.0,0.0,3.8,376,0,62,1204,500.0,1256
4589,1.0,0.0,4.0,84,0,62,856,400.0,3625
4590,0.0,0.0,4.0,160,0,68,1640,150.0,5047
4591,1.0,0.0,3.2,64,0,62,1268,250.0,4804
4592,1.0,0.0,3.9,879,0,62,1356,500.0,982
4593,1.0,0.0,4.1,128,0,62,1156,150.0,1921
4594,0.0,0.0,3.8,110,0,62,1644,200.0,5047
4595,1.0,0.0,3.9,183,0,62,868,250.0,4674
4596,1.0,0.0,3.9,201,0,62,84,300.0,2757
4597,1.0,0.0,3.4,46,0,62,1636,200.0,3832
4598,1.0,0.0,3.7,66,0,62,1563,300.0,5047
4599,1.0,0.0,2.8,178,0,62,1384,700.0,1426
4600,0.0,0.0,4.1,358,0,62,605,500.0,5047
4601,1.0,0.0,3.9,170,0,62,1063,300.0,3211
4602,0.0,0.0,3.7,126,0,62,1156,200.0,5047
4603,1.0,0.0,2.8,138,0,62,1451,300.0,5047
4604,1.0,0.0,3.9,56,0,62,235,300.0,4460
4605,1.0,0.0,3.7,195,0,62,1156,400.0,4904
4606,1.0,0.0,3.9,187,0,62,294,600.0,734
4607,1.0,0.0,3.5,177,0,62,203,500.0,2063
4608,1.0,0.0,3.9,124,0,62,1196,400.0,3148
4609,0.0,0.0,4.0,213,0,62,1439,500.0,5047
4610,1.0,0.0,3.0,96,0,62,1196,300.0,715
4611,1.0,0.0,3.6,59,0,62,322,500.0,5047
4612,0.0,0.0,3.8,58,0,62,1547,300.0,5047
4613,0.0,0.0,3.9,41,0,3,195,200.0,5047
4614,1.0,0.0,3.9,357,0,62,1196,400.0,4076
4615,1.0,0.0,3.3,334,0,62,282,400.0,2007
4616,0.0,0.0,3.8,87,0,62,817,250.0,5047
4617,1.0,0.0,3.8,60,0,62,203,300.0,178
4618,1.0,0.0,3.9,138,0,62,1327,300.0,5047
4619,1.0,0.0,3.1,40,0,62,1156,400.0,5047
4620,1.0,0.0,3.5,283,0,62,206,350.0,5047
4621,1.0,0.0,3.6,474,0,62,1235,450.0,4044
4622,1.0,0.0,2.9,42,0,62,1432,250.0,4520
4623,1.0,0.0,3.7,61,0,62,871,450.0,4242
4624,1.0,0.0,3.7,184,0,62,858,400.0,1137
4625,0.0,0.0,3.0,67,0,62,1589,300.0,5047
4626,0.0,0.0,2.4,221,0,62,1156,550.0,5047
4627,1.0,0.0,2.6,473,0,62,1002,600.0,5047
4628,0.0,0.0,4.0,40,0,9,210,400.0,5047
4629,0.0,0.0,3.5,42,0,62,1287,400.0,5047
4630,0.0,0.0,2.7,76,0,62,1196,500.0,5047
4631,0.0,0.0,2.6,75,0,62,1438,400.0,5047
4632,0.0,0.0,3.6,34,0,62,1002,650.0,5047
4633,0.0,0.0,2.8,60,0,62,1333,250.0,5047
4634,1.0,0.0,3.4,147,0,62,1046,400.0,5047
4635,1.0,0.0,3.1,89,0,62,1374,350.0,5047
4636,1.0,0.0,3.7,178,0,62,1196,400.0,2834
4637,1.0,0.0,2.9,177,0,62,1196,300.0,3206
4638,1.0,0.0,2.9,127,0,62,565,300.0,552
4639,1.0,0.0,2.9,257,0,62,1156,250.0,5047
4640,1.0,1.0,4.0,150,39,20,706,1100.0,5047
4641,0.0,0.0,4.2,221,39,13,506,200.0,5047
4642,1.0,0.0,4.1,60,39,13,451,600.0,5047
4643,0.0,0.0,4.7,14654,42,16,338,900.0,5047
4644,0.0,1.0,4.7,10413,42,21,1323,1400.0,5047
4645,1.0,0.0,4.6,4650,44,46,32,1500.0,1532
4646,0.0,1.0,4.4,1533,42,54,1128,2000.0,5047
4647,0.0,1.0,4.5,3902,42,60,889,1000.0,5047
4648,0.0,1.0,4.5,2225,44,21,1124,1100.0,5047
4649,1.0,1.0,4.5,3125,42,21,1233,1500.0,1573
4650,0.0,1.0,4.2,1721,42,20,637,1200.0,5047
4651,1.0,1.0,4.4,2493,3,57,1343,900.0,5047
4652,0.0,1.0,4.7,3852,28,20,1325,1600.0,5047
4653,1.0,1.0,4.5,3458,42,20,1400,1300.0,5047
4654,0.0,1.0,4.5,2540,42,5,725,1300.0,5047
4655,0.0,0.0,4.3,2349,42,57,886,1400.0,5047
4656,0.0,0.0,4.5,3826,42,13,469,800.0,5047
4657,1.0,1.0,4.4,3870,42,25,713,1600.0,493
4658,0.0,1.0,4.5,6348,44,5,1107,1600.0,5047
4659,0.0,1.0,4.3,1520,42,20,1133,700.0,5047
4660,1.0,1.0,4.9,2178,42,21,134,1500.0,4956
4661,1.0,1.0,4.4,4315,28,52,625,1600.0,2353
4662,0.0,0.0,4.7,3197,42,16,522,750.0,5047
4663,1.0,1.0,4.2,2616,42,20,514,1300.0,5047
4664,0.0,1.0,4.7,4845,42,20,965,1500.0,5047
4665,0.0,1.0,4.1,2456,28,20,1493,1000.0,5047
4666,0.0,1.0,4.8,4390,42,4,643,1000.0,5047
4667,0.0,1.0,4.6,319,28,20,1436,1300.0,5047
4668,1.0,1.0,4.4,455,44,21,1156,1500.0,5047
4669,0.0,1.0,4.4,110,42,46,1471,1500.0,5047
4670,0.0,1.0,4.6,866,41,54,687,1400.0,5047
4671,0.0,1.0,4.6,4947,42,26,803,1800.0,5047
4672,1.0,0.0,4.3,3447,44,20,1156,600.0,5047
4673,0.0,1.0,4.5,1932,42,54,630,1400.0,5047
4674,0.0,0.0,4.0,2729,42,13,400,1300.0,5047
4675,1.0,0.0,4.4,7210,42,20,304,600.0,657
4676,0.0,1.0,4.2,1214,28,20,1490,1200.0,5047
4677,0.0,1.0,4.3,1201,28,5,803,1500.0,5047
4678,1.0,1.0,4.4,3667,42,20,606,1400.0,3005
4679,0.0,1.0,4.4,1213,41,53,35,1200.0,5047
4680,0.0,1.0,3.9,1771,28,4,899,1300.0,5047
4681,1.0,1.0,4.5,710,44,20,1009,1500.0,805
4682,0.0,1.0,4.1,782,40,20,1375,1500.0,5047
4683,0.0,1.0,4.1,1786,42,20,14,1000.0,5047
4684,0.0,1.0,4.3,956,3,21,1417,1000.0,5047
4685,0.0,1.0,4.0,2151,42,46,627,1000.0,5047
4686,0.0,0.0,4.4,159,42,17,467,600.0,5047
4687,1.0,0.0,3.9,682,30,20,1389,650.0,1363
4688,0.0,1.0,4.5,678,42,20,603,1400.0,5047
4689,0.0,0.0,4.3,2296,42,20,65,800.0,5047
4690,1.0,1.0,4.3,2563,42,4,688,1200.0,4820
4691,1.0,0.0,4.4,1944,30,20,238,800.0,2838
4692,1.0,1.0,4.1,1078,30,20,1196,1000.0,5047
4693,1.0,1.0,4.4,1851,43,20,521,1100.0,5047
4694,1.0,1.0,4.4,677,44,20,1381,1500.0,1856
4695,1.0,1.0,4.1,1697,42,20,1196,1200.0,4588
4696,1.0,1.0,4.2,1365,44,21,123,1400.0,3586
4697,0.0,0.0,3.8,1159,42,20,50,650.0,5047
4698,1.0,0.0,4.3,1587,42,20,152,550.0,4846
4699,1.0,1.0,4.0,1851,43,20,1156,600.0,5047
4700,0.0,1.0,4.3,2241,42,20,609,1100.0,5047
4701,1.0,1.0,4.1,454,28,20,695,700.0,1686
4702,1.0,1.0,4.2,541,42,26,1265,1000.0,3047
4703,0.0,1.0,4.3,1463,42,13,406,800.0,5047
4704,1.0,0.0,3.8,120,22,20,301,600.0,3341
4705,1.0,1.0,4.3,1800,42,22,660,900.0,4534
4706,1.0,0.0,4.1,6875,42,20,1402,750.0,4364
4707,0.0,0.0,4.1,435,42,20,1209,500.0,5047
4708,1.0,1.0,4.4,383,42,21,1108,1500.0,1731
4709,1.0,1.0,4.4,197,42,13,498,800.0,615
4710,0.0,0.0,4.5,729,42,20,1109,1200.0,5047
4711,0.0,0.0,4.0,335,30,20,1173,550.0,5047
4712,1.0,0.0,4.4,939,42,13,435,900.0,4068
4713,1.0,1.0,4.2,468,42,13,389,800.0,3107
4714,1.0,0.0,4.7,1022,44,17,431,550.0,5047
4715,1.0,1.0,4.1,587,28,21,688,1200.0,3042
4716,0.0,1.0,4.4,464,41,13,403,800.0,5047
4717,1.0,0.0,4.1,956,28,20,1613,600.0,68
4718,0.0,1.0,4.5,546,42,13,412,900.0,5047
4719,1.0,0.0,4.2,532,42,20,600,600.0,5047
4720,1.0,0.0,4.3,336,42,20,555,800.0,1398
4721,1.0,0.0,4.1,1555,42,20,109,750.0,3351
4722,0.0,0.0,3.9,1155,41,20,517,650.0,5047
4723,1.0,1.0,4.1,1774,42,57,881,1200.0,1515
4724,0.0,1.0,4.1,770,41,21,50,800.0,5047
4725,1.0,0.0,4.0,181,28,20,1214,550.0,3676
4726,0.0,1.0,4.1,759,40,4,1196,1200.0,5047
4727,1.0,0.0,4.6,406,3,20,0,1000.0,5047
4728,1.0,1.0,4.2,2709,40,13,404,1000.0,4142
4729,1.0,1.0,4.0,1509,40,13,383,900.0,5047
4730,1.0,0.0,3.9,1138,42,20,1352,500.0,5047
4731,0.0,1.0,4.2,1192,28,26,979,1200.0,5047
4732,1.0,0.0,4.1,1112,42,20,289,750.0,4394
4733,1.0,1.0,4.0,792,44,20,1156,900.0,5047
4734,1.0,0.0,4.0,957,44,20,1669,500.0,5047
4735,1.0,0.0,4.0,313,42,20,610,800.0,5047
4736,1.0,1.0,3.9,484,42,20,1427,700.0,5047
4737,1.0,1.0,4.1,1336,22,20,1375,800.0,2973
4738,0.0,1.0,4.4,320,42,20,1067,1200.0,5047
4739,1.0,1.0,4.2,869,42,13,339,600.0,963
4740,1.0,0.0,4.2,1059,42,13,394,800.0,5047
4741,0.0,0.0,4.1,674,42,20,1589,650.0,5047
4742,1.0,1.0,4.1,218,42,20,1239,600.0,2217
4743,1.0,1.0,4.2,1430,28,20,64,800.0,1294
4744,1.0,0.0,3.9,778,42,20,266,750.0,5047
4745,1.0,0.0,3.8,658,42,20,616,500.0,5047
4746,1.0,0.0,4.1,137,42,13,452,1200.0,5047
4747,1.0,0.0,4.1,306,44,13,414,600.0,5047
4748,0.0,1.0,4.1,1235,42,49,632,1500.0,5047
4749,1.0,0.0,3.8,208,3,20,237,700.0,946
4750,1.0,1.0,4.1,400,42,15,422,1200.0,1722
4751,0.0,1.0,4.1,466,28,20,1064,700.0,5047
4752,1.0,0.0,4.0,510,44,20,562,750.0,5047
4753,0.0,0.0,3.9,737,43,5,15,1400.0,5047
4754,0.0,1.0,3.9,144,42,58,902,1000.0,5047
4755,1.0,0.0,4.1,588,28,20,558,700.0,5047
4756,1.0,1.0,4.2,1692,42,13,459,650.0,5047
4757,1.0,0.0,4.0,1308,28,20,625,750.0,5047
4758,1.0,1.0,4.0,790,28,20,696,1300.0,3451
4759,1.0,1.0,4.0,1014,28,58,882,1300.0,1247
4760,1.0,1.0,4.2,344,42,20,1156,500.0,5047
4761,1.0,1.0,4.1,1027,3,20,1156,1000.0,5047
4762,1.0,0.0,4.0,508,28,19,460,1000.0,5047
4763,1.0,1.0,4.0,235,42,20,1141,800.0,4277
4764,0.0,1.0,4.1,446,44,20,1156,650.0,5047
4765,1.0,1.0,4.2,239,28,22,349,600.0,5047
4766,1.0,1.0,4.0,1382,44,20,674,1100.0,5047
4767,1.0,0.0,3.7,111,3,20,43,800.0,2558
4768,1.0,1.0,4.4,4386,28,22,1468,600.0,826
4769,1.0,0.0,4.3,480,42,13,512,450.0,5047
4770,1.0,0.0,3.8,473,42,20,1597,500.0,5047
4771,0.0,1.0,3.9,281,44,21,747,1000.0,5047
4772,1.0,0.0,3.7,65,42,20,98,800.0,4600
4773,0.0,1.0,3.9,579,42,60,723,1300.0,5047
4774,1.0,0.0,3.9,823,42,20,558,550.0,5047
4775,0.0,0.0,4.0,130,28,62,1589,300.0,5047
4776,1.0,0.0,3.9,320,3,20,1196,650.0,1798
4777,0.0,0.0,4.2,386,28,13,427,700.0,5047
4778,0.0,0.0,4.1,1223,42,62,1112,400.0,5047
4779,1.0,0.0,4.5,2594,42,33,955,500.0,721
4780,1.0,1.0,4.2,293,42,20,1532,800.0,2950
4781,0.0,1.0,3.9,1388,42,46,718,1400.0,5047
4782,1.0,0.0,3.9,452,44,20,197,600.0,5047
4783,0.0,0.0,4.3,988,42,62,617,350.0,5047
4784,1.0,0.0,3.7,259,42,20,1139,750.0,1224
4785,1.0,0.0,3.5,888,44,20,1375,650.0,5047
4786,1.0,0.0,3.7,158,30,20,251,700.0,5047
4787,1.0,0.0,4.0,310,30,13,388,750.0,3794
4788,1.0,0.0,4.1,1003,42,20,1388,700.0,4413
4789,0.0,0.0,3.8,83,30,62,1172,400.0,5047
4790,0.0,0.0,3.8,157,22,47,694,1300.0,5047
4791,0.0,0.0,4.1,172,44,13,365,650.0,5047
4792,1.0,0.0,3.8,232,30,20,68,600.0,5047
4793,1.0,0.0,4.0,610,44,20,161,500.0,5047
4794,1.0,0.0,4.1,164,30,62,256,400.0,5047
4795,1.0,0.0,4.2,189,43,62,1645,300.0,5047
4796,0.0,0.0,4.1,873,28,62,1547,300.0,5047
4797,1.0,0.0,3.2,908,42,20,1381,600.0,5047
4798,0.0,1.0,4.2,117,44,20,1425,800.0,5047
4799,1.0,0.0,4.2,522,44,62,1669,450.0,5047
4800,1.0,0.0,3.8,53,44,62,917,350.0,5047
4801,1.0,1.0,3.5,59,22,20,1279,700.0,5047
4802,1.0,0.0,4.3,165,42,62,330,500.0,5047
4803,0.0,0.0,3.9,118,30,20,1185,800.0,5047
4804,1.0,0.0,4.4,384,44,62,1584,300.0,5047
4805,0.0,0.0,4.2,51,42,62,1547,200.0,5047
4806,1.0,0.0,4.1,90,42,13,383,600.0,3097
4807,0.0,1.0,4.3,104,44,20,1164,1000.0,5047
4808,1.0,0.0,4.2,556,42,62,1672,400.0,5047
4809,1.0,0.0,4.3,245,42,62,1668,600.0,1146
4810,0.0,0.0,3.7,202,28,20,1314,900.0,5047
4811,1.0,0.0,4.3,277,44,62,1156,450.0,5047
4812,1.0,0.0,4.0,750,24,62,1156,250.0,5047
4813,1.0,0.0,3.8,47,42,13,455,600.0,5047
4814,1.0,0.0,3.0,66,42,20,197,700.0,4910
4815,0.0,1.0,4.1,353,40,37,802,2000.0,5047
4816,0.0,0.0,3.9,124,3,13,446,500.0,5047
4817,1.0,0.0,3.6,122,22,20,1558,550.0,5047
4818,0.0,0.0,4.0,181,42,51,1156,150.0,5047
4819,1.0,0.0,3.7,72,30,20,1209,450.0,5047
4820,1.0,0.0,3.8,149,42,20,277,600.0,4968
4821,1.0,0.0,3.9,1043,44,62,323,600.0,1823
4822,0.0,0.0,3.8,103,41,4,878,1500.0,5047
4823,0.0,0.0,4.1,208,42,62,188,200.0,5047
4824,1.0,0.0,4.1,323,44,13,342,700.0,5047
4825,1.0,0.0,3.7,125,28,12,217,400.0,1506
4826,1.0,0.0,4.0,152,42,12,219,350.0,5047
4827,0.0,0.0,3.8,38,43,20,1450,900.0,5047
4828,1.0,0.0,3.8,331,22,62,1156,350.0,5047
4829,1.0,0.0,4.0,138,44,20,1167,800.0,5047
4830,1.0,0.0,3.5,79,30,20,72,600.0,1433
4831,0.0,1.0,3.9,165,28,20,1592,1000.0,5047
4832,0.0,0.0,3.9,371,22,20,1587,400.0,5047
4833,1.0,0.0,3.8,76,42,62,202,500.0,4256
4834,1.0,0.0,4.2,99,44,33,781,900.0,5047
4835,1.0,0.0,3.8,172,42,20,1423,400.0,3799
4836,1.0,0.0,3.9,48,22,62,821,400.0,5047
4837,0.0,0.0,4.0,193,28,20,1555,500.0,5047
4838,1.0,0.0,3.8,264,44,20,1154,650.0,5047
4839,1.0,0.0,2.6,208,28,20,602,650.0,5047
4840,1.0,0.0,3.4,212,22,20,1258,800.0,5047
4841,0.0,0.0,3.4,97,28,21,1559,1100.0,5047
4842,1.0,0.0,4.2,413,42,13,429,700.0,5047
4843,1.0,1.0,3.6,107,42,20,1196,900.0,5047
4844,1.0,0.0,3.9,67,30,62,817,200.0,5047
4845,1.0,0.0,3.9,459,22,62,262,600.0,5047
4846,1.0,0.0,4.0,108,30,62,329,500.0,5047
4847,1.0,0.0,3.8,84,22,62,578,400.0,5047
4848,1.0,0.0,4.0,684,42,62,617,250.0,5047
4849,0.0,0.0,3.9,139,44,68,1640,200.0,5047
4850,1.0,0.0,3.6,64,7,20,591,400.0,5047
4851,1.0,0.0,4.2,166,42,62,817,300.0,5047
4852,1.0,1.0,3.5,551,3,20,1236,600.0,5047
4853,1.0,0.0,3.7,244,28,20,286,450.0,5047
4854,0.0,0.0,4.0,161,30,62,873,200.0,5047
4855,0.0,0.0,3.8,69,3,14,350,700.0,5047
4856,1.0,0.0,3.5,239,42,20,1412,1000.0,1205
4857,1.0,1.0,4.2,325,44,20,1205,800.0,5047
4858,1.0,0.0,4.1,301,30,62,1569,200.0,5047
4859,1.0,0.0,3.8,146,28,20,521,600.0,5047
4860,1.0,0.0,4.0,911,3,62,1110,600.0,5047
4861,1.0,0.0,3.9,498,43,62,1638,300.0,5047
4862,1.0,0.0,3.9,126,30,62,1589,400.0,5047
4863,1.0,0.0,3.8,122,30,20,1088,700.0,5047
4864,1.0,0.0,3.3,67,3,20,1196,600.0,5047
4865,1.0,0.0,4.0,76,40,62,1602,300.0,5047
4866,0.0,0.0,3.3,50,3,41,521,400.0,5047
4867,1.0,0.0,3.8,190,22,62,1573,250.0,1671
4868,1.0,0.0,3.3,394,44,62,1156,400.0,5047
4869,1.0,0.0,3.8,41,44,62,832,400.0,4938
4870,1.0,0.0,3.8,139,42,62,1591,200.0,136
4871,1.0,0.0,3.9,315,30,62,1639,300.0,5047
4872,1.0,0.0,4.2,450,30,13,362,400.0,5047
4873,0.0,1.0,3.8,169,41,4,1587,1300.0,5047
4874,1.0,0.0,4.1,119,22,62,1578,200.0,5047
4875,1.0,0.0,4.2,289,3,62,6,400.0,5047
4876,0.0,0.0,3.1,117,44,62,235,200.0,5047
4877,0.0,0.0,3.3,177,28,20,1222,950.0,5047
4878,1.0,0.0,3.9,153,28,41,427,400.0,5047
4879,0.0,0.0,4.0,57,42,20,1666,400.0,5047
4880,1.0,0.0,3.9,391,44,20,911,750.0,5047
4881,1.0,0.0,3.6,207,42,20,1050,500.0,5047
4882,1.0,0.0,4.0,166,30,62,1589,400.0,5047
4883,1.0,0.0,3.8,57,44,20,1531,700.0,1096
4884,1.0,0.0,3.4,34,44,20,1359,650.0,5047
4885,1.0,0.0,3.9,97,30,62,1547,200.0,5047
4886,1.0,0.0,3.6,95,38,62,1335,300.0,4087
4887,1.0,0.0,3.8,41,44,62,235,200.0,5047
4888,0.0,0.0,3.8,40,28,62,1547,100.0,5047
4889,0.0,0.0,3.8,109,42,13,383,800.0,5047
4890,1.0,0.0,3.7,59,22,13,443,600.0,5047
4891,0.0,1.0,3.5,32,42,20,1196,1000.0,5047
4892,1.0,0.0,3.8,46,30,30,959,400.0,693
4893,1.0,0.0,3.9,85,44,62,1156,400.0,5047
4894,1.0,0.0,3.9,551,44,62,818,600.0,5047
4895,1.0,0.0,2.8,151,44,20,1206,700.0,5047
4896,1.0,0.0,3.9,247,30,13,406,400.0,5047
4897,1.0,0.0,3.8,46,28,62,1465,450.0,5047
4898,1.0,0.0,3.9,386,28,62,1476,600.0,5047
4899,0.0,0.0,3.9,152,44,41,575,500.0,5047
4900,1.0,0.0,3.9,344,22,62,1196,500.0,1535
4901,1.0,0.0,3.0,59,28,20,604,650.0,5047
4902,1.0,1.0,4.0,128,22,20,1390,900.0,5047
4903,1.0,0.0,3.9,96,38,62,1327,350.0,243
4904,1.0,0.0,4.1,609,3,62,1156,400.0,1568
4905,0.0,0.0,3.5,70,44,62,1648,200.0,5047
4906,0.0,0.0,3.7,36,44,43,1042,400.0,5047
4907,1.0,0.0,3.7,132,28,13,504,400.0,5047
4908,1.0,0.0,2.8,102,3,62,1196,350.0,5047
4909,0.0,0.0,4.2,377,28,62,1589,300.0,5047
4910,1.0,0.0,3.9,75,3,62,1451,200.0,5047
4911,1.0,0.0,3.9,194,28,20,1589,400.0,5047
4912,0.0,0.0,2.3,175,28,20,1156,450.0,5047
4913,1.0,0.0,3.9,64,42,62,1072,300.0,5047
4914,0.0,0.0,2.8,64,44,62,1589,300.0,5047
4915,1.0,0.0,3.9,92,28,62,1602,300.0,5047
4916,1.0,0.0,4.2,76,42,62,1517,450.0,5047
4917,0.0,0.0,3.8,40,44,20,1561,500.0,5047
4918,0.0,0.0,2.8,53,41,3,191,600.0,5047
4919,0.0,0.0,3.8,89,42,62,1337,300.0,5047
4920,0.0,0.0,2.9,231,28,30,793,800.0,5047
4921,1.0,0.0,3.7,51,3,62,1156,300.0,5047
4922,1.0,0.0,3.8,75,30,62,1046,300.0,5047
4923,1.0,0.0,3.0,72,42,62,323,600.0,3229
4924,0.0,0.0,3.6,68,44,41,1033,550.0,5047
4925,0.0,0.0,3.8,82,44,62,547,200.0,5047
4926,0.0,0.0,2.2,90,3,20,1196,750.0,5047
4927,0.0,0.0,2.9,53,44,62,1070,300.0,5047
4928,0.0,0.0,3.5,56,3,62,1587,400.0,5047
4929,0.0,0.0,3.4,25,28,62,1628,200.0,5047
4930,1.0,0.0,2.7,85,28,13,496,500.0,5047
4931,1.0,0.0,3.0,57,30,62,1329,400.0,5047
4932,0.0,0.0,3.7,91,30,20,1196,900.0,5047
4933,1.0,0.0,4.1,205,42,62,817,250.0,5047
4934,0.0,0.0,3.8,89,28,62,859,400.0,5047
4935,1.0,0.0,3.1,68,30,62,1140,550.0,5047
4936,1.0,0.0,3.8,62,24,62,866,350.0,5047
4937,1.0,1.0,3.8,256,3,20,73,800.0,5047
4938,1.0,0.0,2.3,298,7,62,286,450.0,1180
4939,1.0,0.0,3.8,187,28,13,339,500.0,5047
4940,0.0,1.0,4.5,3902,42,60,889,1000.0,5047
4941,0.0,1.0,4.4,1149,0,21,1369,1100.0,5047
4942,1.0,1.0,4.1,624,0,21,141,1500.0,5047
4943,0.0,1.0,4.0,165,0,4,878,1100.0,5047
4944,1.0,0.0,4.6,4650,44,46,32,1500.0,5047
4945,0.0,1.0,4.4,1533,42,54,1128,2000.0,5047
4946,0.0,1.0,4.5,2225,44,21,1124,1100.0,5047
4947,1.0,1.0,4.4,2493,3,57,1343,900.0,5047
4948,1.0,1.0,4.4,3870,42,25,713,1600.0,5047
4949,0.0,1.0,4.5,6348,44,5,1107,1600.0,5047
4950,1.0,1.0,4.4,4315,28,52,625,1600.0,5047
4951,0.0,1.0,4.8,4390,42,4,643,1000.0,5047
4952,0.0,1.0,4.4,110,42,46,1471,1500.0,5047
4953,0.0,1.0,4.6,866,41,54,687,1400.0,5047
4954,0.0,1.0,4.6,4947,42,26,803,1800.0,5047
4955,0.0,1.0,4.5,1932,42,54,630,1400.0,5047
4956,0.0,1.0,4.4,1213,41,53,35,1200.0,5047
4957,0.0,1.0,3.9,1771,28,4,899,1300.0,5047
4958,0.0,1.0,4.0,2151,42,46,627,1000.0,5047
4959,1.0,1.0,4.3,2563,42,4,688,1200.0,5047
4960,1.0,1.0,4.2,1365,44,21,123,1400.0,5047
4961,1.0,1.0,4.1,587,28,21,688,1200.0,5047
4962,1.0,1.0,4.1,1774,42,57,881,1200.0,5047
4963,0.0,1.0,4.1,759,40,4,1196,1200.0,5047
4964,0.0,1.0,4.2,1192,28,26,979,1200.0,5047
4965,0.0,1.0,4.1,1235,42,49,632,1500.0,5047
4966,0.0,0.0,3.9,737,43,5,15,1400.0,5047
4967,0.0,1.0,3.9,144,42,58,902,1000.0,5047
4968,1.0,1.0,4.0,1014,28,58,882,1300.0,5047
4969,0.0,1.0,3.9,579,42,60,723,1300.0,5047
4970,0.0,1.0,3.9,1388,42,46,718,1400.0,5047
4971,0.0,0.0,3.8,103,41,4,878,1500.0,5047
4972,0.0,0.0,3.4,97,28,21,1559,1100.0,5047
4973,0.0,1.0,3.8,169,41,4,1587,1300.0,5047
4974,0.0,1.0,4.4,1154,0,21,1369,1100.0,5047
4975,0.0,1.0,4.5,6349,44,5,1107,1600.0,5047
4976,1.0,1.0,4.1,625,0,21,141,1500.0,5047
4977,0.0,1.0,4.0,165,0,4,878,1100.0,5047
4978,0.0,1.0,4.7,10422,42,21,1323,1400.0,5047
4979,0.0,1.0,4.5,3903,42,60,889,1000.0,5047
4980,0.0,1.0,4.5,2233,44,21,1124,1100.0,5047
4981,1.0,1.0,4.5,3130,42,21,1233,1500.0,5047
4982,1.0,1.0,4.4,2493,3,57,1343,900.0,5047
4983,0.0,0.0,4.3,2349,42,57,886,1400.0,5047
4984,0.0,1.0,4.5,6349,44,5,1107,1600.0,5047
4985,1.0,1.0,4.9,2184,42,21,134,1500.0,5047
4986,0.0,1.0,4.8,4390,42,4,643,1000.0,5047
4987,1.0,1.0,4.4,454,44,21,1156,1500.0,5047
4988,0.0,1.0,4.6,4965,42,26,803,1800.0,5047
4989,0.0,1.0,4.3,1203,28,5,803,1500.0,5047
4990,0.0,1.0,4.4,1213,41,53,35,1200.0,5047
4991,0.0,1.0,3.9,1774,28,4,899,1300.0,5047
4992,0.0,1.0,4.3,958,3,21,1417,1000.0,5047
4993,1.0,1.0,4.3,2562,42,4,688,1200.0,5047
4994,1.0,1.0,4.2,1365,44,21,123,1400.0,5047
4995,1.0,1.0,4.2,541,42,26,1265,1000.0,5047
4996,1.0,1.0,4.4,383,42,21,1108,1500.0,5047
4997,1.0,1.0,4.1,587,28,21,688,1200.0,5047
4998,0.0,1.0,4.1,771,41,21,50,800.0,5047
4999,1.0,1.0,4.1,1774,42,57,881,1200.0,5047
5000,0.0,1.0,4.1,759,40,4,1196,1200.0,5047
5001,0.0,1.0,4.2,1194,28,26,979,1200.0,5047
5002,1.0,1.0,4.1,400,42,15,422,1200.0,5047
5003,0.0,0.0,3.9,738,43,5,15,1400.0,5047
5004,0.0,1.0,3.9,144,42,58,902,1000.0,5047
5005,1.0,1.0,4.0,1015,28,58,882,1300.0,5047
5006,0.0,1.0,3.9,281,44,21,747,1000.0,5047
5007,0.0,1.0,3.9,579,42,60,723,1300.0,5047
5008,0.0,0.0,3.8,157,22,47,694,1300.0,5047
5009,0.0,0.0,3.9,105,41,4,878,1500.0,5047
5010,0.0,0.0,3.4,97,28,21,1559,1100.0,5047
5011,0.0,1.0,3.8,169,41,4,1587,1300.0,5047
5012,1.0,1.0,3.8,203,66,20,1258,1200.0,5047
5013,1.0,1.0,4.2,4733,12,20,1206,1500.0,5047
5014,1.0,1.0,4.4,1112,12,21,208,1200.0,5047
5015,1.0,1.0,4.5,1401,12,21,558,1700.0,5047
5016,1.0,0.0,4.0,3213,12,20,1402,750.0,5047
5017,0.0,1.0,4.5,2198,66,20,1103,1800.0,5047
5018,1.0,1.0,4.3,3130,49,20,1416,1500.0,5047
5019,0.0,1.0,4.4,2119,48,37,1314,2200.0,5047
5020,0.0,0.0,4.6,983,49,37,1654,3000.0,5047
5021,1.0,1.0,4.0,1913,49,20,1663,2100.0,5047
5022,0.0,1.0,4.3,152,78,37,18,2800.0,5047
5023,1.0,1.0,4.3,765,48,20,1494,1400.0,5047
5024,0.0,1.0,4.4,1065,78,20,1325,1600.0,5047
5025,0.0,1.0,4.3,679,66,37,805,2500.0,5047
5026,0.0,0.0,4.3,689,49,37,812,3000.0,5047
5027,0.0,0.0,4.1,1007,65,20,1231,500.0,5047
5028,0.0,0.0,4.3,458,48,25,173,1500.0,5047
5029,0.0,1.0,4.2,332,48,21,1375,1000.0,5047
5030,0.0,1.0,4.3,614,65,37,1326,3400.0,5047
5031,0.0,0.0,4.0,53,66,37,143,2000.0,5047
5032,1.0,0.0,4.0,48,8,20,1019,1500.0,5047
5033,1.0,1.0,4.0,188,74,21,1361,1300.0,5047
5034,1.0,0.0,4.0,164,66,21,1156,1700.0,5047
5035,0.0,1.0,4.3,326,66,20,1279,1200.0,5047
5036,1.0,1.0,4.3,1048,48,20,981,1600.0,5047
5037,1.0,1.0,4.0,929,8,20,1491,800.0,5047
5038,0.0,0.0,3.9,183,78,20,1320,2200.0,5047
5039,0.0,1.0,3.9,312,65,37,1347,2000.0,5047
5040,0.0,0.0,3.1,123,48,21,1304,1200.0,5047
5041,0.0,0.0,2.8,252,27,20,1196,1000.0,5047
5042,0.0,1.0,3.9,100,65,20,1156,1900.0,5047
5043,0.0,0.0,2.8,132,8,20,1440,650.0,5047
5044,0.0,0.0,3.9,89,76,20,1393,1400.0,5047
5045,1.0,0.0,4.1,118,66,20,640,1000.0,5047
5046,0.0,0.0,3.0,108,49,20,1304,800.0,5047
5047,0.0,0.0,3.7,145,66,22,571,1000.0,5047
5048,1.0,0.0,3.9,158,27,20,608,1300.0,5047
5049,1.0,1.0,3.8,198,49,20,982,1600.0,5047
5050,0.0,1.0,4.2,271,49,37,994,3000.0,5047
5051,0.0,0.0,3.8,67,66,20,1547,500.0,5047
5052,0.0,1.0,3.9,106,8,20,585,1000.0,5047
5053,0.0,0.0,3.8,52,66,20,1314,1200.0,5047
5054,0.0,0.0,2.3,116,66,20,602,650.0,5047
5055,0.0,1.0,4.1,339,61,37,999,2500.0,5047
5056,0.0,1.0,4.0,324,15,46,1397,1300.0,5047
5057,1.0,1.0,4.2,552,73,20,570,1200.0,5047
5058,1.0,1.0,4.2,475,15,20,1272,1700.0,5047
5059,1.0,1.0,3.8,91,15,20,1429,1800.0,5047
5060,0.0,1.0,3.8,102,61,20,1570,1600.0,5047
5061,0.0,1.0,3.9,158,15,20,1446,1100.0,5047
5062,1.0,1.0,4.3,945,12,13,385,750.0,5047
5063,1.0,1.0,4.3,2669,49,13,406,1200.0,5047
5064,1.0,0.0,4.2,382,78,13,1478,500.0,5047
5065,0.0,0.0,4.6,2263,12,13,495,1100.0,5047
5066,0.0,1.0,4.0,1706,12,13,386,1000.0,5047
5067,0.0,0.0,4.4,2638,12,13,332,600.0,5047
5068,1.0,0.0,4.3,3548,12,13,459,650.0,5047
5069,0.0,0.0,4.3,788,12,16,453,900.0,5047
5070,1.0,0.0,4.1,461,12,13,345,700.0,5047
5071,1.0,0.0,3.9,67,12,10,511,500.0,711
5072,0.0,0.0,4.1,526,12,13,427,700.0,5047
5073,1.0,1.0,4.2,2840,65,22,1010,800.0,5047
5074,1.0,1.0,4.4,693,49,22,8,1700.0,5047
5075,0.0,0.0,4.5,3573,76,13,338,900.0,5047
5076,1.0,0.0,4.4,1093,48,1,179,600.0,5047
5077,0.0,1.0,4.1,564,49,22,1349,2500.0,5047
5078,0.0,0.0,4.3,523,48,1,1504,1400.0,5047
5079,0.0,0.0,4.3,67,65,13,480,400.0,5047
5080,0.0,0.0,4.2,164,78,13,499,750.0,5047
5081,1.0,0.0,4.1,115,66,13,169,700.0,5047
5082,1.0,0.0,4.3,569,78,13,407,700.0,5047
5083,0.0,0.0,4.0,1445,49,33,784,500.0,5047
5084,0.0,0.0,4.1,388,48,13,332,1100.0,5047
5085,1.0,0.0,3.7,66,78,13,483,800.0,5047
5086,0.0,0.0,4.0,47,78,13,461,750.0,5047
5087,0.0,0.0,4.2,618,8,13,369,500.0,5047
5088,1.0,0.0,3.6,95,27,16,373,650.0,5047
5089,1.0,0.0,4.2,116,49,14,350,500.0,5047
5090,0.0,1.0,3.7,90,48,14,353,1000.0,5047
5091,1.0,0.0,3.8,72,8,13,343,650.0,5047
5092,0.0,0.0,4.1,104,48,19,471,1200.0,5047
5093,1.0,0.0,3.9,462,78,16,340,800.0,5047
5094,0.0,1.0,3.9,314,49,13,404,800.0,5047
5095,1.0,0.0,4.0,85,65,35,442,400.0,5047
5096,1.0,0.0,4.3,1133,27,13,438,800.0,5047
5097,1.0,0.0,3.8,96,78,13,420,600.0,5047
5098,1.0,0.0,3.8,37,78,20,213,400.0,5047
5099,0.0,0.0,3.7,145,66,22,571,1000.0,5047
5100,0.0,0.0,3.9,74,76,13,376,500.0,5047
5101,1.0,0.0,3.4,122,65,13,362,600.0,5047
5102,0.0,0.0,4.2,115,78,22,1074,1000.0,5047
5103,1.0,0.0,3.6,104,8,13,404,800.0,5047
5104,1.0,0.0,4.1,125,49,22,658,900.0,5047
5105,1.0,0.0,3.8,260,49,13,332,700.0,5047
5106,0.0,0.0,3.6,46,8,13,332,350.0,5047
5107,1.0,1.0,4.7,4677,15,59,1458,1300.0,5047
5108,1.0,0.0,4.3,655,15,17,427,750.0,5047
5109,1.0,0.0,4.1,153,81,13,455,300.0,5047
5110,1.0,1.0,4.3,860,15,22,659,1000.0,5047
5111,1.0,0.0,4.2,740,15,13,406,750.0,5047
5112,0.0,1.0,3.9,297,73,13,455,750.0,5047
5113,0.0,0.0,4.0,44,81,13,487,1100.0,5047
5114,1.0,0.0,4.2,255,81,13,401,500.0,5047
5115,1.0,0.0,4.1,128,81,29,235,650.0,5047
5116,1.0,0.0,3.1,57,20,72,1268,400.0,5047
5117,1.0,0.0,3.8,97,81,29,1465,750.0,5047
5118,1.0,0.0,4.0,3213,12,20,1402,750.0,5047
5119,1.0,0.0,3.8,101,81,29,1190,500.0,5047
5120,1.0,0.0,3.3,73,59,29,1470,750.0,5047
5121,1.0,0.0,4.1,291,43,62,328,600.0,5047
5122,1.0,1.0,4.4,2866,20,20,109,750.0,3723
5123,1.0,0.0,3.7,75,20,62,1156,300.0,5047
5124,1.0,0.0,3.9,58,26,29,1113,600.0,5047
5125,1.0,0.0,4.3,423,26,33,779,400.0,5047
5126,1.0,1.0,4.1,1852,78,13,459,650.0,5047
5127,1.0,0.0,4.0,85,65,35,442,400.0,5047
5128,1.0,0.0,3.7,270,26,29,1296,500.0,875
5129,1.0,0.0,3.4,334,26,20,82,550.0,3890
5130,1.0,0.0,4.1,41,12,30,789,150.0,5047
5131,1.0,0.0,2.1,254,26,29,1386,500.0,5047
5132,1.0,0.0,4.3,7547,12,46,33,1500.0,5047
5133,1.0,0.0,3.9,143,58,20,238,800.0,5047
5134,1.0,0.0,3.7,266,73,62,1474,400.0,5047
5135,1.0,0.0,3.8,61,31,62,1156,400.0,5047
5136,1.0,0.0,4.0,51,26,62,1652,200.0,5047
5137,1.0,0.0,4.0,1393,26,62,323,600.0,5047
5138,1.0,0.0,3.9,239,26,20,1216,800.0,5047
5139,1.0,1.0,4.1,94,12,62,928,300.0,5047
5140,1.0,0.0,3.8,262,66,20,604,850.0,5047
5141,1.0,0.0,2.7,67,59,62,106,400.0,5047
5142,1.0,0.0,3.7,89,20,62,1145,400.0,5047
5143,1.0,0.0,4.1,474,26,62,235,300.0,5047
5144,1.0,0.0,4.0,624,61,35,777,450.0,5047
5145,1.0,0.0,4.3,148,78,20,294,650.0,5047
5146,1.0,0.0,3.3,156,26,62,868,250.0,5047
5147,1.0,0.0,4.4,216,8,41,773,450.0,5047
5148,1.0,0.0,4.3,2139,65,20,304,600.0,5047
5149,1.0,0.0,4.6,2492,48,20,809,1600.0,5047
5150,1.0,0.0,3.7,123,8,43,1670,400.0,5047
5151,1.0,1.0,4.7,4677,15,59,1458,1300.0,5047
5152,1.0,0.0,4.3,1220,26,20,1488,1200.0,5047
5153,1.0,1.0,4.3,376,26,20,1656,1200.0,5047
5154,1.0,0.0,3.8,377,66,29,923,450.0,4240
5155,1.0,0.0,3.5,98,26,20,1209,600.0,5047
5156,1.0,0.0,4.4,223,49,62,319,700.0,5047
5157,1.0,0.0,4.3,285,76,62,330,500.0,4478
5158,1.0,0.0,4.9,1744,8,30,767,400.0,5047
5159,1.0,0.0,3.9,850,20,20,1145,700.0,5047
5160,1.0,0.0,3.4,352,18,62,1196,350.0,5047
5161,1.0,0.0,3.5,70,81,72,1156,200.0,5047
5162,1.0,0.0,3.8,37,78,20,213,400.0,5047
5163,1.0,0.0,3.8,106,78,62,322,500.0,5047
5164,1.0,0.0,3.6,206,15,62,322,400.0,5047
5165,1.0,0.0,4.1,1079,8,66,320,550.0,5047
5166,0.0,0.0,4.0,79,12,62,521,500.0,5047
5167,1.0,0.0,4.4,635,65,30,956,400.0,5047
5168,0.0,0.0,4.3,788,12,16,453,900.0,5047
5169,0.0,0.0,4.3,527,12,20,1153,800.0,5047
5170,0.0,0.0,4.3,182,12,30,789,400.0,5047
5171,1.0,0.0,3.0,144,16,62,242,200.0,5047
5172,1.0,1.0,4.4,3656,48,23,1464,1300.0,4951
5173,1.0,1.0,4.3,2669,49,13,406,1200.0,5047
5174,1.0,0.0,4.4,536,58,29,769,600.0,5047
5175,1.0,0.0,3.6,91,26,20,1283,550.0,5047
5176,1.0,1.0,4.1,614,15,20,47,1100.0,5047
5177,0.0,0.0,3.8,95,12,62,817,500.0,5047
5178,1.0,0.0,4.4,1093,48,1,179,600.0,904
5179,1.0,0.0,3.9,454,65,62,270,400.0,5047
5180,1.0,0.0,4.1,1445,20,20,111,800.0,5047
5181,1.0,1.0,4.5,1623,15,20,1008,1300.0,5047
5182,0.0,0.0,3.9,32,12,9,221,200.0,5047
5183,1.0,1.0,4.5,1401,12,21,558,1700.0,5047
5184,1.0,0.0,3.9,61,73,9,214,150.0,5047
5185,1.0,1.0,4.0,1913,49,20,1663,2100.0,5047
5186,1.0,1.0,4.6,1217,76,21,146,1700.0,5047
5187,1.0,1.0,4.4,1842,48,20,1009,1500.0,5047
5188,1.0,0.0,3.8,235,73,20,1474,750.0,5047
5189,1.0,0.0,3.9,67,12,10,511,500.0,712
5190,1.0,0.0,4.0,47,66,30,773,300.0,5047
5191,1.0,0.0,3.9,104,78,62,1156,150.0,2418
5192,1.0,0.0,4.3,904,78,20,1013,2000.0,5047
5193,0.0,0.0,3.0,53,12,62,1597,250.0,5047
5194,1.0,0.0,4.2,740,15,13,406,750.0,5047
5195,1.0,0.0,3.8,54,14,11,778,400.0,5047
5196,1.0,0.0,3.9,189,26,29,918,600.0,2168
5197,1.0,0.0,4.1,198,26,20,1544,650.0,5047
5198,1.0,0.0,3.8,111,15,30,188,500.0,5047
5199,1.0,1.0,3.8,194,76,20,274,800.0,2030
5200,1.0,1.0,4.2,2272,76,21,815,1400.0,5047
5201,1.0,1.0,3.9,1362,49,37,1156,2100.0,5047
5202,1.0,1.0,4.3,2040,49,20,1627,1500.0,5047
5203,1.0,1.0,4.2,552,73,20,570,1200.0,5047
5204,1.0,0.0,3.9,148,8,41,182,450.0,5047
5205,1.0,1.0,4.4,686,26,20,1531,1000.0,5047
5206,1.0,0.0,4.0,787,66,62,90,400.0,5047
5207,1.0,0.0,4.2,133,15,20,162,1500.0,5047
5208,1.0,0.0,3.6,54,20,20,611,600.0,5047
5209,1.0,1.0,4.1,860,65,20,1534,1400.0,5047
5210,1.0,0.0,3.9,54,8,62,1551,200.0,2597
5211,1.0,1.0,4.0,2112,8,27,540,2000.0,5047
5212,1.0,1.0,4.2,2924,12,20,970,1000.0,5047
5213,1.0,0.0,2.8,109,73,20,616,500.0,5047
5214,1.0,0.0,4.0,289,26,30,767,300.0,5047
5215,1.0,0.0,4.1,205,78,62,1594,250.0,2708
5216,1.0,0.0,3.5,60,20,62,1002,300.0,5047
5217,1.0,0.0,4.0,122,12,12,217,400.0,5047
5218,1.0,1.0,4.1,525,26,20,619,800.0,5047
5219,1.0,0.0,4.0,154,26,20,1272,700.0,5047
5220,1.0,0.0,4.3,1379,20,20,1088,700.0,5047
5221,1.0,0.0,3.7,42,61,20,602,900.0,5047
5222,1.0,0.0,3.9,370,49,70,1121,200.0,5047
5223,1.0,1.0,4.3,3485,48,61,646,1700.0,5047
5224,1.0,0.0,4.2,382,78,13,1478,500.0,5047
5225,1.0,1.0,4.4,1112,12,21,208,1200.0,5047
5226,1.0,0.0,4.0,781,12,20,42,650.0,5047
5227,1.0,0.0,3.9,205,76,20,1235,500.0,5047
5228,1.0,0.0,4.1,159,76,62,1451,300.0,3620
5229,1.0,0.0,4.1,1120,8,20,14,1500.0,5047
5230,1.0,0.0,3.9,224,12,20,1342,950.0,5047
5231,1.0,1.0,4.3,394,8,5,892,1600.0,5047
5232,1.0,0.0,4.0,48,8,20,1019,1500.0,5047
5233,1.0,1.0,4.4,714,66,20,1090,1000.0,5047
5234,1.0,0.0,3.8,59,14,69,853,300.0,3949
5235,1.0,0.0,3.8,110,78,62,84,300.0,5047
5236,1.0,0.0,3.3,261,73,20,1196,500.0,5047
5237,1.0,0.0,4.0,558,26,20,1277,900.0,5047
5238,1.0,0.0,2.7,283,26,20,521,700.0,5047
5239,1.0,0.0,3.8,74,85,20,672,1000.0,5047
5240,0.0,1.0,4.4,2041,48,21,927,1200.0,5047
5241,1.0,0.0,3.9,450,20,20,104,700.0,5047
5242,0.0,0.0,3.9,234,47,5,996,1000.0,5047
5243,1.0,0.0,3.9,205,8,20,1481,800.0,5047
5244,1.0,1.0,4.2,4733,12,20,1206,1500.0,5047
5245,0.0,1.0,3.8,108,78,4,1196,1400.0,5047
5246,1.0,0.0,4.1,63,49,30,767,900.0,5047
5247,1.0,0.0,4.2,447,26,20,1530,700.0,5047
5248,0.0,0.0,3.8,148,15,12,1652,250.0,5047
5249,1.0,0.0,3.9,255,20,20,1097,700.0,5047
5250,1.0,1.0,4.3,860,15,22,659,1000.0,5047
5251,1.0,0.0,4.1,402,15,20,1378,750.0,5047
5252,1.0,0.0,3.9,169,20,62,1399,600.0,5047
5253,1.0,0.0,4.3,1708,12,46,711,1300.0,5047
5254,1.0,0.0,3.5,62,12,62,266,400.0,5047
5255,1.0,0.0,4.0,68,12,30,767,250.0,5047
5256,1.0,0.0,3.7,73,65,30,773,350.0,5047
5257,1.0,1.0,4.0,929,8,20,1491,800.0,5047
5258,1.0,0.0,4.3,783,20,62,1156,300.0,5047
5259,1.0,1.0,4.1,853,12,20,1534,1400.0,5047
5260,1.0,0.0,3.6,118,66,20,521,500.0,5047
5261,1.0,0.0,4.2,131,8,30,956,180.0,5047
5262,1.0,0.0,4.2,116,49,14,350,500.0,5047
5263,1.0,0.0,3.9,462,78,16,340,800.0,5047
5264,1.0,0.0,4.0,175,78,20,266,750.0,5047
5265,1.0,0.0,3.8,169,73,62,1416,250.0,5047
5266,1.0,0.0,3.0,74,73,20,1156,500.0,5047
5267,1.0,0.0,4.2,432,78,14,482,700.0,5047
5268,1.0,0.0,4.0,48,26,62,1514,200.0,5047
5269,1.0,0.0,4.2,1207,26,13,451,600.0,2323
5270,0.0,0.0,4.3,1772,65,20,43,800.0,5047
5271,0.0,0.0,4.3,1352,66,20,286,550.0,5047
5272,0.0,1.0,4.1,1330,48,21,810,2100.0,5047
5273,0.0,0.0,4.5,3573,76,13,338,900.0,5047
5274,0.0,1.0,4.4,2266,81,20,21,1100.0,5047
5275,0.0,0.0,4.3,1187,65,20,521,550.0,5047
5276,0.0,1.0,4.3,519,73,20,1013,1400.0,5047
5277,0.0,0.0,4.1,484,61,20,1587,600.0,5047
5278,0.0,0.0,4.4,1899,65,30,958,400.0,5047
5279,0.0,0.0,4.3,67,65,13,480,400.0,5047
5280,0.0,0.0,4.1,358,66,62,1181,400.0,5047
5281,0.0,0.0,4.2,164,78,13,499,750.0,5047
5282,0.0,0.0,4.1,768,65,20,1376,800.0,5047
5283,0.0,0.0,4.0,1445,49,33,784,500.0,5047
5284,1.0,0.0,4.0,101,76,62,1023,150.0,5047
5285,0.0,0.0,3.9,169,20,20,92,600.0,5047
5286,0.0,0.0,4.0,47,78,13,461,750.0,5047
5287,0.0,0.0,3.9,155,48,20,1230,600.0,5047
5288,0.0,0.0,3.9,53,14,72,181,1200.0,5047
5289,0.0,0.0,4.2,618,8,13,369,500.0,5047
5290,0.0,0.0,3.6,196,20,20,1156,600.0,5047
5291,0.0,0.0,2.7,77,49,62,1235,500.0,5047
5292,0.0,0.0,4.0,102,66,20,521,550.0,5047
5293,0.0,0.0,4.0,53,15,62,1112,400.0,5047
5294,0.0,0.0,3.9,49,20,62,854,400.0,5047
5295,0.0,0.0,3.7,61,15,62,868,200.0,5047
5296,0.0,0.0,3.9,136,76,20,984,800.0,5047
5297,1.0,0.0,4.3,1133,27,13,438,800.0,5047
5298,0.0,0.0,3.8,56,20,45,521,500.0,5047
5299,0.0,0.0,3.0,108,49,20,1304,800.0,5047
5300,0.0,0.0,3.7,145,66,22,571,1000.0,5047
5301,0.0,0.0,3.9,122,8,20,1016,500.0,5047
5302,0.0,0.0,3.7,161,76,62,235,300.0,5047
5303,0.0,0.0,4.0,209,65,20,558,500.0,5047
5304,0.0,0.0,2.7,52,20,20,1602,500.0,5047
5305,0.0,0.0,3.9,40,8,20,617,500.0,5047
5306,0.0,0.0,2.9,46,73,20,1602,550.0,5047
5307,0.0,0.0,4.1,399,74,62,1178,300.0,5047
5308,0.0,0.0,3.4,8,8,62,1156,450.0,5047
5309,0.0,0.0,3.4,10,49,62,1209,350.0,5047
5310,0.0,0.0,4.2,220,76,30,956,150.0,5047
5311,0.0,0.0,3.8,41,65,62,210,100.0,5047
5312,0.0,0.0,3.4,27,49,62,1371,300.0,5047
5313,0.0,0.0,4.1,121,66,20,1196,600.0,5047
5314,0.0,0.0,3.7,32,14,20,1335,800.0,5047
5315,1.0,0.0,3.9,185,14,62,866,350.0,5047
5316,1.0,1.0,4.3,1048,48,20,981,1600.0,5047
5317,1.0,0.0,2.9,55,48,13,436,650.0,784
5318,1.0,0.0,3.7,50,51,20,1554,750.0,5047
5319,1.0,0.0,4.2,231,48,2,194,300.0,5047
5320,1.0,0.0,3.9,200,26,62,1552,400.0,5047
5321,1.0,0.0,3.9,157,85,20,1196,450.0,5047
5322,1.0,0.0,3.8,71,26,13,332,500.0,3597
5323,1.0,0.0,3.8,106,65,62,1561,200.0,4197
5324,1.0,0.0,3.8,362,20,13,383,700.0,5047
5325,1.0,0.0,4.3,291,65,72,1392,500.0,5047
5326,1.0,1.0,4.2,982,78,21,913,1000.0,5047
5327,1.0,0.0,3.8,66,26,62,1571,200.0,3249
5328,1.0,0.0,3.5,64,49,71,936,300.0,1712
5329,1.0,1.0,4.0,378,15,20,1243,850.0,5047
5330,1.0,0.0,3.6,104,8,13,404,800.0,5047
5331,1.0,0.0,4.2,121,48,21,1152,1000.0,5047
5332,1.0,1.0,2.2,406,49,20,1109,1000.0,5047
5333,1.0,1.0,4.4,218,76,20,1529,850.0,5047
5334,1.0,0.0,4.2,174,14,20,1151,800.0,5047
5335,1.0,0.0,3.9,194,20,20,610,800.0,5047
5336,1.0,0.0,3.7,66,78,13,483,800.0,5047
5337,1.0,0.0,3.8,260,49,13,332,700.0,5047
5338,1.0,1.0,4.0,933,12,21,22,1000.0,5047
5339,1.0,0.0,3.5,140,12,20,1156,600.0,5047
5340,1.0,0.0,4.2,93,8,62,1561,300.0,5047
5341,1.0,0.0,2.8,94,26,20,610,600.0,5047
5342,1.0,0.0,3.2,46,78,62,1156,300.0,5047
5343,1.0,0.0,4.0,73,20,0,175,250.0,5047
5344,1.0,0.0,3.8,62,76,20,1589,400.0,5047
5345,1.0,1.0,4.1,452,12,20,1156,600.0,5047
5346,1.0,0.0,3.7,161,15,20,604,700.0,5047
5347,1.0,0.0,4.1,115,26,14,350,450.0,5047
5348,1.0,0.0,3.7,68,8,20,1587,500.0,5047
5349,1.0,0.0,4.2,127,8,20,1654,700.0,5047
5350,1.0,0.0,4.4,319,12,20,1375,800.0,5047
5351,1.0,0.0,3.9,119,20,20,673,1000.0,5047
5352,1.0,0.0,3.9,117,78,20,513,600.0,5047
5353,1.0,0.0,3.9,55,76,62,256,400.0,5047
5354,1.0,0.0,3.1,54,26,29,624,500.0,4578
5355,1.0,0.0,4.1,125,49,22,658,900.0,5047
5356,1.0,0.0,3.0,110,26,20,51,700.0,5047
5357,1.0,0.0,3.8,72,8,13,343,650.0,5047
5358,1.0,0.0,3.6,79,65,62,1552,500.0,5047
5359,1.0,1.0,3.8,81,78,20,604,800.0,5047
5360,1.0,0.0,3.9,306,20,20,609,500.0,5047
5361,1.0,0.0,3.1,163,12,62,825,350.0,5047
5362,1.0,0.0,4.2,858,78,20,1655,1800.0,5047
5363,1.0,1.0,4.0,188,74,21,1361,1300.0,5047
5364,1.0,0.0,3.6,82,73,20,1196,500.0,5047
5365,1.0,0.0,2.8,142,20,3,181,300.0,5047
5366,1.0,0.0,3.9,134,81,20,1537,550.0,5047
5367,1.0,0.0,3.7,81,20,62,1571,200.0,5047
5368,1.0,1.0,3.8,298,26,20,1222,1200.0,5047
5369,1.0,1.0,4.1,765,78,21,29,1200.0,5047
5370,1.0,0.0,3.9,158,27,20,608,1300.0,5047
5371,1.0,1.0,3.8,198,49,20,982,1600.0,5047
5372,1.0,0.0,4.1,391,15,20,544,600.0,5047
5373,1.0,1.0,4.1,1053,26,72,709,1400.0,5047
5374,1.0,0.0,3.9,430,20,20,1140,550.0,5047
5375,1.0,1.0,3.8,203,66,20,1258,1200.0,5047
5376,1.0,0.0,3.7,46,61,20,1547,1000.0,5047
5377,1.0,0.0,3.5,73,48,45,1476,600.0,5047
5378,1.0,0.0,3.8,207,15,20,1597,400.0,5047
5379,1.0,1.0,4.0,456,15,20,604,1000.0,5047
5380,1.0,0.0,3.9,87,78,20,1242,500.0,5047
5381,1.0,1.0,4.1,354,66,20,1549,1200.0,5047
5382,1.0,0.0,4.0,279,72,20,1294,600.0,5047
5383,1.0,0.0,3.7,129,26,62,1589,40.0,114
5384,1.0,0.0,3.8,77,26,62,65,250.0,5047
5385,1.0,0.0,3.9,65,8,63,819,250.0,5047
5386,1.0,0.0,4.0,104,20,20,1260,500.0,5047
5387,1.0,0.0,3.9,443,20,20,296,600.0,5047
5388,1.0,0.0,2.8,56,81,62,1617,400.0,143
5389,1.0,1.0,4.0,1022,8,20,1375,700.0,5047
5390,1.0,0.0,2.9,50,8,62,1589,350.0,5047
5391,1.0,0.0,3.8,96,78,13,420,600.0,5047
5392,1.0,1.0,4.2,475,15,20,1272,1700.0,5047
5393,1.0,0.0,3.7,110,74,20,1196,550.0,5047
5394,1.0,0.0,2.8,296,14,20,235,600.0,4331
5395,1.0,0.0,4.2,974,26,20,596,1100.0,5047
5396,1.0,0.0,4.0,113,49,20,972,1000.0,3481
5397,1.0,0.0,4.1,110,26,68,1121,150.0,3279
5398,1.0,0.0,3.9,202,12,62,861,250.0,276
5399,1.0,0.0,3.5,126,20,20,558,700.0,5047
5400,1.0,0.0,4.1,54,65,20,931,400.0,3178
5401,1.0,0.0,4.2,34,15,30,787,300.0,1694
5402,1.0,0.0,4.4,635,65,30,956,400.0,4557
5403,1.0,1.0,3.1,59,76,62,247,400.0,981
5404,1.0,0.0,4.1,68,20,20,1156,700.0,2806
5405,0.0,0.0,3.8,263,26,72,518,700.0,5047
5406,1.0,1.0,4.4,864,49,20,157,1800.0,5047
5407,1.0,0.0,4.3,655,15,17,427,750.0,3422
5408,1.0,1.0,4.4,488,76,5,1124,1900.0,5047
5409,1.0,0.0,4.0,1098,78,20,1050,1300.0,5047
5410,1.0,1.0,4.1,297,66,20,914,1000.0,491
5411,1.0,0.0,4.2,255,81,13,401,500.0,3947
5412,1.0,1.0,4.3,394,8,5,892,1600.0,708
5413,1.0,0.0,4.4,223,49,62,319,700.0,4472
5414,1.0,0.0,4.4,68,48,62,789,300.0,3271
5415,1.0,1.0,4.1,525,26,20,619,800.0,5047
5416,1.0,0.0,4.1,153,81,13,455,300.0,408
5417,1.0,0.0,4.1,118,66,20,640,1000.0,4471
5418,1.0,0.0,4.2,1207,26,13,451,600.0,2323
5419,1.0,0.0,3.6,95,27,16,373,650.0,2270
5420,1.0,0.0,4.2,1765,76,20,625,750.0,635
5421,1.0,0.0,4.2,382,78,13,1478,500.0,1720
5422,1.0,0.0,4.3,1708,12,46,711,1300.0,3237
5423,1.0,1.0,4.2,2840,65,22,1010,800.0,3292
5424,1.0,1.0,4.3,765,48,20,1494,1400.0,5047
5425,1.0,0.0,3.9,258,26,20,1277,650.0,5047
5426,1.0,1.0,4.2,2924,12,20,970,1000.0,5047
5427,1.0,0.0,4.0,1205,8,8,663,2000.0,1484
5428,1.0,0.0,4.1,41,12,30,789,150.0,2609
5429,1.0,1.0,4.0,2112,8,27,540,2000.0,3651
5430,1.0,1.0,4.3,945,12,13,385,750.0,2255
5431,1.0,0.0,4.1,461,12,13,345,700.0,391
5432,1.0,1.0,4.4,1842,48,20,1009,1500.0,3111
5433,1.0,1.0,4.3,3485,48,61,646,1700.0,5047
5434,0.0,1.0,3.9,158,15,20,1446,1100.0,5047
5435,1.0,1.0,3.8,91,15,20,1429,1800.0,5047
5436,0.0,1.0,4.0,1706,12,13,386,1000.0,5047
5437,1.0,0.0,4.1,41,12,30,789,150.0,2609
5438,0.0,0.0,4.3,182,12,30,789,400.0,5047
5439,1.0,0.0,4.0,68,12,30,767,250.0,2213
5440,1.0,0.0,4.0,122,12,12,217,400.0,5047
5441,0.0,1.0,4.3,447,65,54,1124,2000.0,5047
5442,1.0,1.0,4.2,2840,65,22,1010,800.0,3292
5443,1.0,0.0,4.9,1744,8,30,767,400.0,5047
5444,1.0,0.0,4.4,1093,48,1,179,600.0,914
5445,1.0,0.0,4.1,1079,8,66,320,550.0,35
5446,0.0,0.0,4.4,1899,65,30,958,400.0,5047
5447,0.0,0.0,4.3,523,48,1,1504,1400.0,5047
5448,1.0,0.0,4.1,115,66,13,169,700.0,801
5449,0.0,0.0,3.6,223,14,62,1640,300.0,5047
5450,0.0,0.0,4.5,233,66,30,790,1250.0,5047
5451,1.0,0.0,4.3,569,78,13,407,700.0,3038
5452,0.0,0.0,4.0,1445,49,33,784,500.0,5047
5453,0.0,0.0,4.5,292,48,30,956,400.0,5047
5454,1.0,0.0,4.4,216,8,41,773,450.0,3007
5455,0.0,1.0,4.1,119,78,20,644,2000.0,5047
5456,1.0,1.0,4.1,297,66,20,914,1000.0,491
5457,1.0,0.0,4.2,432,78,14,482,700.0,457
5458,1.0,0.0,4.2,116,49,14,350,500.0,3360
5459,0.0,0.0,4.0,98,78,30,175,400.0,5047
5460,1.0,0.0,4.4,68,48,62,789,300.0,3271
5461,0.0,0.0,3.6,52,66,3,188,300.0,5047
5462,1.0,0.0,4.0,78,14,64,864,350.0,4199
5463,1.0,0.0,4.3,116,76,30,789,400.0,4481
5464,0.0,0.0,4.0,79,49,30,767,800.0,5047
5465,0.0,0.0,4.0,184,14,62,1121,400.0,5047
5466,1.0,0.0,3.9,65,8,63,819,250.0,5047
5467,1.0,0.0,4.1,63,49,30,767,900.0,526
5468,0.0,0.0,3.9,89,48,11,778,400.0,5047
5469,1.0,0.0,3.8,59,14,69,853,300.0,3949
5470,1.0,0.0,4.0,85,65,35,442,400.0,1638
5471,0.0,0.0,4.0,100,65,30,956,150.0,5047
5472,1.0,0.0,4.2,231,48,2,194,300.0,3063
5473,1.0,0.0,4.2,131,8,30,956,180.0,3369
5474,1.0,0.0,3.9,73,74,32,214,150.0,4306
5475,1.0,0.0,3.9,148,8,41,182,450.0,4552
5476,1.0,0.0,3.9,101,8,70,1121,400.0,3456
5477,1.0,0.0,2.9,47,78,3,187,400.0,624
5478,1.0,0.0,4.1,125,49,22,658,900.0,3687
5479,1.0,0.0,4.0,47,66,30,773,300.0,774
5480,0.0,0.0,4.2,220,76,30,956,150.0,5047
5481,0.0,0.0,3.4,27,49,62,1371,300.0,5047
5482,0.0,0.0,3.9,49,65,30,175,600.0,5047
5483,1.0,0.0,4.0,93,8,30,767,300.0,1578
5484,1.0,0.0,4.0,49,65,29,181,500.0,1611
5485,1.0,0.0,3.7,73,65,30,773,350.0,2617
5486,1.0,1.0,4.7,4677,15,59,1458,1300.0,3372
5487,0.0,1.0,4.2,478,73,20,1130,800.0,5047
5488,0.0,0.0,4.1,211,20,3,188,200.0,5047
5489,1.0,0.0,4.3,655,15,17,427,750.0,3422
5490,1.0,0.0,4.2,34,15,30,787,300.0,1694
5491,1.0,0.0,4.2,255,81,13,401,500.0,3947
5492,1.0,1.0,4.2,4733,12,20,1206,1500.0,5047
5493,1.0,1.0,4.1,94,12,62,928,300.0,10
5494,0.0,0.0,4.6,2263,12,13,495,1100.0,5047
5495,1.0,0.0,4.3,7547,12,46,33,1500.0,1528
5496,1.0,1.0,4.4,1112,12,21,208,1200.0,5047
5497,0.0,1.0,4.2,169,12,20,1580,1000.0,5047
5498,1.0,1.0,4.2,2924,12,20,970,1000.0,5047
5499,1.0,1.0,4.5,1401,12,21,558,1700.0,5047
5500,0.0,1.0,4.0,1706,12,13,386,1000.0,5047
5501,0.0,0.0,4.4,2638,12,13,332,600.0,5047
5502,1.0,0.0,4.0,781,12,20,42,650.0,5047
5503,1.0,0.0,4.3,1708,12,46,711,1300.0,3237
5504,0.0,0.0,4.3,2244,12,5,885,1100.0,5047
5505,0.0,0.0,4.2,1289,12,57,697,1100.0,5047
5506,1.0,0.0,4.0,3213,12,20,1402,750.0,2104
5507,1.0,1.0,4.3,945,12,13,385,750.0,2255
5508,1.0,1.0,4.1,853,12,20,1534,1400.0,5047
5509,1.0,0.0,4.3,3548,12,13,459,650.0,704
5510,0.0,1.0,4.0,173,12,20,1156,1300.0,5047
5511,0.0,1.0,3.9,681,12,21,1559,1200.0,5047
5512,0.0,0.0,4.3,788,12,16,453,900.0,5047
5513,1.0,1.0,4.1,452,12,20,1156,600.0,5047
5514,1.0,0.0,4.4,319,12,20,1375,800.0,5047
5515,1.0,0.0,4.1,461,12,13,345,700.0,391
5516,1.0,1.0,4.0,933,12,21,22,1000.0,2600
5517,0.0,0.0,4.3,527,12,20,1153,800.0,5047
5518,0.0,1.0,3.9,746,12,57,886,1500.0,5047
5519,1.0,0.0,3.9,224,12,20,1342,950.0,3990
5520,1.0,0.0,3.9,67,12,10,511,500.0,713
5521,0.0,0.0,3.8,152,12,20,624,800.0,5047
5522,0.0,0.0,1.8,224,12,20,1304,1200.0,5047
5523,1.0,0.0,3.5,140,12,20,1156,600.0,3601
5524,1.0,0.0,3.4,50,12,20,1234,600.0,2048
5525,0.0,0.0,4.0,79,12,62,521,500.0,5047
5526,0.0,0.0,3.9,1218,12,62,1547,200.0,5047
5527,1.0,0.0,4.1,41,12,30,789,150.0,2609
5528,0.0,0.0,3.8,95,12,62,817,500.0,5047
5529,1.0,0.0,3.9,202,12,62,861,250.0,276
5530,1.0,0.0,3.5,62,12,62,266,400.0,5047
5531,0.0,0.0,3.7,58,12,62,1597,250.0,5047
5532,1.0,0.0,3.1,163,12,62,825,350.0,3267
5533,0.0,1.0,4.4,4582,49,46,156,1700.0,5047
5534,0.0,1.0,4.2,3119,48,46,624,2500.0,5047
5535,0.0,0.0,4.7,3920,65,54,647,1500.0,5047
5536,0.0,1.0,4.5,2198,66,20,1103,1800.0,5047
5537,1.0,1.0,4.3,3130,49,20,1416,1500.0,5047
5538,0.0,1.0,4.5,8382,8,61,20,2000.0,5047
5539,0.0,1.0,4.4,864,48,37,148,3000.0,5047
5540,0.0,1.0,4.4,2119,48,37,1314,2200.0,5047
5541,1.0,1.0,4.4,2229,48,39,1014,3000.0,3394
5542,0.0,0.0,4.3,1772,65,20,43,800.0,5047
5543,0.0,0.0,4.3,1352,66,20,286,550.0,5047
5544,0.0,1.0,4.6,2341,49,37,525,2800.0,5047
5545,0.0,1.0,4.5,5265,76,21,5,2500.0,5047
5546,0.0,1.0,4.4,264,8,54,139,1500.0,5047
5547,1.0,1.0,4.0,2112,8,27,540,2000.0,3651
5548,0.0,0.0,4.4,2395,48,25,1124,1500.0,5047
5549,0.0,0.0,4.5,1576,8,21,1547,1500.0,5047
5550,0.0,0.0,4.6,983,49,37,1654,3000.0,5047
5551,1.0,1.0,4.0,1913,49,20,1663,2100.0,5047
5552,0.0,1.0,4.5,675,65,37,1086,3500.0,5047
5553,0.0,1.0,4.2,2213,65,55,694,1700.0,5047
5554,1.0,1.0,4.6,1217,76,21,146,1700.0,5047
5555,0.0,0.0,4.3,609,76,60,671,1300.0,5047
5556,0.0,1.0,4.1,2046,27,20,1375,1600.0,5047
5557,0.0,1.0,4.3,152,78,37,18,2800.0,5047
5558,1.0,1.0,4.3,3485,48,61,646,1700.0,5047
5559,0.0,1.0,4.2,1427,49,60,667,1500.0,5047
5560,1.0,1.0,4.3,2669,49,13,406,1200.0,385
5561,0.0,1.0,4.6,1083,66,20,802,1500.0,5047
5562,1.0,0.0,4.6,2492,48,20,809,1600.0,2575
5563,1.0,1.0,4.4,3656,48,23,1464,1300.0,4545
5564,0.0,1.0,4.4,2041,48,21,927,1200.0,5047
5565,0.0,1.0,4.3,447,65,54,1124,2000.0,5047
5566,0.0,1.0,4.3,757,48,40,1411,3000.0,5047
5567,1.0,1.0,4.2,2840,65,22,1010,800.0,3292
5568,0.0,0.0,3.9,2322,76,20,1591,700.0,5047
5569,0.0,1.0,4.1,1330,48,21,810,2100.0,5047
5570,0.0,0.0,4.3,1030,48,46,1114,1500.0,5047
5571,0.0,1.0,4.3,596,27,21,149,2500.0,5047
5572,1.0,1.0,4.4,488,76,5,1124,1900.0,544
5573,0.0,1.0,4.6,1429,48,37,1623,2200.0,5047
5574,1.0,1.0,4.3,2040,49,20,1627,1500.0,418
5575,1.0,1.0,4.1,860,65,20,1534,1400.0,5047
5576,0.0,1.0,4.3,668,65,20,1013,2000.0,5047
5577,0.0,1.0,4.4,194,65,5,125,1200.0,5047
5578,1.0,1.0,4.3,765,48,20,1494,1400.0,5047
5579,1.0,1.0,4.4,1842,48,20,1009,1500.0,3111
5580,1.0,0.0,4.3,2139,65,20,304,600.0,236
5581,0.0,1.0,4.3,2658,8,5,718,1300.0,5047
5582,1.0,1.0,3.9,1362,49,37,1156,2100.0,5047
5583,1.0,1.0,4.4,693,49,22,8,1700.0,2492
5584,0.0,0.0,4.5,3573,76,13,338,900.0,5047
5585,0.0,1.0,4.4,1190,8,20,1068,1100.0,5047
5586,0.0,1.0,4.4,1065,78,20,1325,1600.0,5047
5587,0.0,1.0,4.2,140,78,37,988,2500.0,5047
5588,0.0,1.0,4.2,240,8,57,31,1500.0,5047
5589,0.0,1.0,4.3,679,66,37,805,2500.0,5047
5590,0.0,0.0,4.3,1187,65,20,521,550.0,5047
5591,0.0,1.0,4.4,113,48,21,1225,1000.0,5047
5592,0.0,0.0,4.3,689,49,37,812,3000.0,5047
5593,0.0,1.0,4.3,286,76,5,1104,1200.0,5047
5594,1.0,1.0,4.3,500,48,21,558,1300.0,5047
5595,1.0,1.0,4.2,2272,76,21,815,1400.0,759
5596,0.0,1.0,4.4,561,48,37,965,4000.0,5047
5597,0.0,0.0,4.1,1007,65,20,1231,500.0,5047
5598,1.0,1.0,4.4,864,49,20,157,1800.0,5047
5599,0.0,1.0,4.2,1428,78,57,904,1300.0,5047
5600,0.0,0.0,4.3,458,48,25,173,1500.0,5047
5601,1.0,0.0,3.9,370,49,70,1121,200.0,849
5602,0.0,1.0,4.2,210,49,60,690,1000.0,5047
5603,0.0,1.0,4.4,190,49,37,1100,2000.0,5047
5604,0.0,0.0,4.3,688,48,20,1658,1500.0,5047
5605,0.0,1.0,4.2,332,48,21,1375,1000.0,5047
5606,0.0,1.0,4.5,550,78,20,1082,1800.0,5047
5607,1.0,1.0,4.4,714,66,20,1090,1000.0,5047
5608,0.0,0.0,4.1,530,14,20,576,500.0,5047
5609,1.0,1.0,4.2,982,78,21,913,1000.0,3884
5610,0.0,1.0,4.4,280,49,20,965,1500.0,5047
5611,0.0,1.0,4.6,116,66,20,521,1200.0,5047
5612,0.0,1.0,4.1,564,49,22,1349,2500.0,5047
5613,0.0,0.0,4.3,67,65,13,480,400.0,5047
5614,0.0,1.0,4.3,614,65,37,1326,3400.0,5047
5615,0.0,1.0,4.3,474,65,46,878,3000.0,5047
5616,0.0,0.0,4.0,53,66,37,143,2000.0,5047
5617,1.0,1.0,4.4,218,76,20,1529,850.0,5047
5618,1.0,0.0,4.3,904,78,20,1013,2000.0,5047
5619,0.0,0.0,4.2,164,78,13,499,750.0,5047
5620,1.0,1.0,4.3,61,8,20,1541,700.0,5037
5621,0.0,1.0,4.3,357,66,37,1375,3500.0,5047
5622,1.0,0.0,3.9,117,78,20,513,600.0,5047
5623,1.0,0.0,4.2,858,78,20,1655,1800.0,5047
5624,1.0,0.0,4.0,48,8,20,1019,1500.0,5047
5625,0.0,1.0,4.1,80,78,37,1015,3000.0,5047
5626,1.0,0.0,4.0,1098,78,20,1050,1300.0,5047
5627,0.0,1.0,4.2,2076,48,20,807,1500.0,5047
5628,1.0,0.0,4.1,115,66,13,169,700.0,801
5629,1.0,1.0,4.3,394,8,5,892,1600.0,708
5630,0.0,0.0,4.2,4428,8,26,12,1200.0,5047
5631,1.0,1.0,4.0,188,74,21,1361,1300.0,4509
5632,0.0,1.0,4.2,538,49,26,1404,1500.0,5047
5633,1.0,1.0,4.1,354,66,20,1549,1200.0,5047
5634,0.0,1.0,4.1,552,8,60,878,1100.0,5047
5635,1.0,0.0,4.0,164,66,21,1156,1700.0,2742
5636,1.0,1.0,4.3,225,49,5,122,2000.0,3274
5637,0.0,0.0,3.9,161,74,20,1196,500.0,5047
5638,0.0,0.0,4.1,768,65,20,1376,800.0,5047
5639,0.0,1.0,4.3,233,66,37,1013,4000.0,5047
5640,0.0,1.0,4.3,449,49,37,558,3000.0,5047
5641,0.0,0.0,4.0,949,8,57,1196,1100.0,5047
5642,0.0,0.0,3.9,378,65,4,1235,1000.0,5047
5643,1.0,0.0,4.1,1120,8,20,14,1500.0,4872
5644,1.0,0.0,4.3,569,78,13,407,700.0,3038
5645,0.0,1.0,4.1,608,49,27,624,2800.0,5047
5646,0.0,1.0,4.1,93,65,57,664,1000.0,5047
5647,0.0,1.0,4.3,326,66,20,1279,1200.0,5047
5648,1.0,0.0,4.2,121,48,21,1152,1000.0,3065
5649,1.0,1.0,4.1,765,78,21,29,1200.0,4450
5650,0.0,1.0,4.1,270,65,38,1156,4000.0,5047
5651,0.0,0.0,4.2,38,66,4,897,2000.0,5047
5652,0.0,1.0,4.4,424,65,38,521,3500.0,5047
5653,0.0,0.0,4.1,1543,48,57,760,1200.0,5047
5654,1.0,0.0,4.3,94,78,20,1088,550.0,1162
5655,1.0,0.0,4.0,113,49,20,972,1000.0,5047
5656,1.0,1.0,4.3,1048,48,20,981,1600.0,3870
5657,1.0,0.0,3.9,205,76,20,1235,500.0,1858
5658,0.0,0.0,4.2,697,76,62,1547,300.0,5047
5659,1.0,0.0,4.0,1205,8,8,663,2000.0,1484
5660,1.0,0.0,4.3,148,78,20,294,650.0,4571
5661,0.0,1.0,4.1,336,49,21,1050,1800.0,5047
5662,0.0,0.0,3.8,617,49,46,1254,3000.0,5047
5663,1.0,1.0,4.0,929,8,20,1491,800.0,1753
5664,0.0,0.0,3.9,183,78,20,1320,2200.0,5047
5665,0.0,0.0,4.1,388,48,13,332,1100.0,5047
5666,1.0,0.0,3.7,66,78,13,483,800.0,3697
5667,0.0,1.0,4.1,119,78,20,644,2000.0,5047
5668,0.0,0.0,4.2,618,8,13,369,500.0,5047
5669,1.0,0.0,4.2,174,14,20,1151,800.0,4924
5670,1.0,0.0,4.0,175,78,20,266,750.0,342
5671,0.0,0.0,2.0,396,8,46,878,1500.0,5047
5672,1.0,0.0,4.0,360,65,20,610,1000.0,4771
5673,1.0,0.0,3.9,366,65,20,1216,800.0,1204
5674,1.0,1.0,4.1,297,66,20,914,1000.0,491
5675,1.0,0.0,3.6,95,27,16,373,650.0,2270
5676,1.0,0.0,4.2,1765,76,20,625,750.0,635
5677,1.0,0.0,4.2,116,49,14,350,500.0,3360
5678,0.0,1.0,4.4,183,48,21,1013,1800.0,5047
5679,0.0,1.0,3.7,90,48,14,353,1000.0,5047
5680,1.0,0.0,4.1,54,65,20,931,400.0,5047
5681,1.0,0.0,4.0,108,74,20,1258,550.0,5047
5682,0.0,0.0,3.9,190,76,4,878,600.0,5047
5683,1.0,0.0,4.2,127,8,20,1654,700.0,4002
5684,0.0,0.0,4.0,224,65,20,1435,700.0,5047
5685,0.0,0.0,4.0,58,78,20,1095,2000.0,5047
5686,0.0,0.0,2.7,402,49,57,1196,1000.0,5047
5687,0.0,0.0,3.9,234,47,5,996,1000.0,5047
5688,0.0,1.0,4.2,176,66,37,624,3000.0,5047
5689,0.0,1.0,3.9,312,65,37,1347,2000.0,5047
5690,1.0,0.0,3.7,279,8,20,1272,800.0,3438
5691,1.0,0.0,3.7,110,74,20,1196,550.0,5047
5692,1.0,1.0,3.1,59,76,62,247,400.0,981
5693,1.0,0.0,3.8,72,8,13,343,650.0,4740
5694,1.0,0.0,3.9,205,8,20,1481,800.0,4795
5695,0.0,0.0,3.6,60,74,20,1423,450.0,5047
5696,0.0,0.0,2.5,433,14,20,602,650.0,5047
5697,0.0,0.0,4.0,102,66,20,521,550.0,5047
5698,0.0,0.0,4.1,104,48,19,471,1200.0,5047
5699,0.0,0.0,3.5,54,48,21,154,1800.0,5047
5700,1.0,0.0,3.9,462,78,16,340,800.0,480
5701,0.0,1.0,3.9,314,49,13,404,800.0,5047
5702,0.0,0.0,3.1,123,48,21,1304,1200.0,5047
5703,0.0,0.0,2.8,252,27,20,1196,1000.0,5047
5704,0.0,0.0,3.7,294,65,57,1296,1000.0,5047
5705,1.0,1.0,4.0,1022,8,20,1375,700.0,1914
5706,0.0,0.0,4.0,93,65,46,878,2000.0,5047
5707,1.0,0.0,4.2,382,78,13,1478,500.0,1720
5708,0.0,0.0,4.0,62,78,46,878,1500.0,5047
5709,1.0,0.0,3.8,59,14,69,853,300.0,3949
5710,1.0,0.0,2.9,50,8,62,1589,350.0,1782
5711,1.0,0.0,2.8,296,14,20,235,600.0,4330
5712,0.0,0.0,4.1,116,49,37,34,3000.0,5047
5713,0.0,0.0,4.0,162,8,62,617,400.0,5047
5714,0.0,1.0,3.9,100,65,20,1156,1900.0,5047
5715,1.0,0.0,3.9,87,78,20,1242,500.0,2588
5716,0.0,0.0,3.9,72,48,46,1621,2500.0,5047
5717,0.0,0.0,2.8,132,8,20,1440,650.0,5047
5718,0.0,0.0,3.9,136,76,20,984,800.0,5047
5719,0.0,0.0,4.1,168,49,37,521,2500.0,5047
5720,0.0,0.0,3.9,89,76,20,1393,1400.0,5047
5721,1.0,1.0,3.8,194,76,20,274,800.0,2031
5722,1.0,1.0,3.8,203,66,20,1258,1200.0,3596
5723,1.0,0.0,4.3,1133,27,13,438,800.0,5047
5724,1.0,0.0,3.8,96,78,13,420,600.0,5047
5725,0.0,1.0,4.0,195,49,47,1368,3000.0,5047
5726,1.0,0.0,4.1,118,66,20,640,1000.0,4471
5727,0.0,0.0,3.7,52,66,20,1423,550.0,5047
5728,1.0,0.0,3.8,37,78,20,213,400.0,1701
5729,1.0,1.0,3.8,81,78,20,604,800.0,4582
5730,0.0,1.0,3.6,277,76,21,56,800.0,5047
5731,1.0,0.0,3.6,42,78,20,1599,400.0,5047
5732,1.0,0.0,3.8,262,66,20,604,850.0,4730
5733,0.0,0.0,3.0,108,49,20,1304,800.0,5047
5734,0.0,0.0,3.7,145,66,22,571,1000.0,5047
5735,0.0,0.0,3.9,122,8,20,1016,500.0,5047
5736,1.0,0.0,3.9,158,27,20,608,1300.0,3393
5737,1.0,1.0,3.8,198,49,20,982,1600.0,5047
5738,0.0,1.0,4.2,271,49,37,994,3000.0,5047
5739,1.0,0.0,3.4,122,65,13,362,600.0,224
5740,0.0,0.0,4.2,115,78,22,1074,1000.0,5047
5741,0.0,1.0,3.8,108,78,4,1196,1400.0,5047
5742,0.0,0.0,3.7,57,76,20,1196,700.0,5047
5743,0.0,1.0,4.3,164,66,37,1009,3000.0,5047
5744,0.0,0.0,3.8,67,66,20,1547,500.0,5047
5745,0.0,1.0,3.9,106,8,20,585,1000.0,5047
5746,0.0,1.0,4.0,97,78,46,887,2400.0,5047
5747,0.0,0.0,3.7,125,8,20,609,600.0,5047
5748,0.0,1.0,4.2,258,49,21,1661,1500.0,5047
5749,0.0,0.0,4.0,209,65,20,558,500.0,5047
5750,1.0,1.0,2.2,406,49,20,1109,1000.0,4800
5751,0.0,0.0,3.9,40,8,20,617,500.0,5047
5752,0.0,0.0,3.6,104,8,13,404,800.0,5047
5753,1.0,1.0,3.9,96,8,21,1147,1300.0,4431
5754,0.0,0.0,3.9,119,27,21,1537,800.0,5047
5755,0.0,0.0,3.8,52,66,20,1314,1200.0,5047
5756,0.0,0.0,3.7,32,14,20,1335,800.0,5047
5757,1.0,0.0,4.0,133,65,12,1652,250.0,442
5758,0.0,0.0,2.2,48,65,20,1050,600.0,5047
5759,0.0,0.0,3.4,10,49,62,1209,350.0,5047
5760,1.0,0.0,3.6,118,66,20,521,500.0,1099
5761,1.0,0.0,3.7,68,8,20,1587,500.0,4595
5762,1.0,0.0,4.1,125,49,22,658,900.0,3687
5763,0.0,0.0,3.8,217,48,20,976,2000.0,5047
5764,1.0,0.0,3.8,260,49,13,332,700.0,5047
5765,0.0,0.0,3.7,82,49,37,965,2500.0,5047
5766,0.0,0.0,4.1,121,66,20,1196,600.0,5047
5767,1.0,0.0,4.0,868,48,62,1608,400.0,5047
5768,1.0,0.0,4.4,1093,48,1,179,600.0,5047
5769,1.0,0.0,4.1,1079,8,66,320,550.0,5047
5770,0.0,0.0,4.1,358,66,62,1181,400.0,5047
5771,0.0,0.0,3.6,223,14,62,1640,300.0,5047
5772,0.0,0.0,4.5,174,66,62,1407,250.0,5047
5773,1.0,0.0,3.9,104,78,62,1156,150.0,5047
5774,1.0,0.0,4.4,223,49,62,319,700.0,5047
5775,0.0,0.0,4.1,274,66,62,1547,150.0,5047
5776,0.0,0.0,4.0,1445,49,33,784,500.0,5047
5777,1.0,0.0,4.0,101,76,62,1023,150.0,5047
5778,0.0,0.0,4.0,103,66,62,78,300.0,5047
5779,1.0,0.0,4.3,285,76,62,330,500.0,5047
5780,1.0,0.0,4.1,205,78,62,1594,250.0,2705
5781,0.0,0.0,4.0,89,27,62,1568,300.0,5047
5782,1.0,0.0,3.8,192,8,62,322,450.0,5047
5783,1.0,0.0,3.9,117,49,62,1474,400.0,3135
5784,1.0,0.0,4.0,787,66,62,90,400.0,5047
5785,0.0,0.0,2.7,77,49,62,1235,500.0,5047
5786,0.0,0.0,3.9,75,14,62,1547,150.0,5047
5787,0.0,0.0,3.6,52,66,3,188,300.0,5047
5788,1.0,0.0,3.9,55,76,62,256,400.0,5047
5789,1.0,0.0,4.1,159,76,62,1451,300.0,5047
5790,1.0,0.0,3.8,106,65,62,1561,200.0,5047
5791,1.0,0.0,4.0,78,14,64,864,350.0,5047
5792,1.0,0.0,3.6,79,65,62,1552,500.0,5047
5793,1.0,0.0,3.9,454,65,62,270,400.0,1462
5794,0.0,0.0,3.0,33,14,62,1563,400.0,5047
5795,1.0,0.0,3.9,65,8,63,819,250.0,1114
5796,0.0,0.0,3.2,57,48,62,1531,350.0,5047
5797,0.0,0.0,4.0,336,8,62,1669,300.0,5047
5798,1.0,0.0,3.9,115,49,62,322,500.0,4082
5799,0.0,0.0,3.9,76,49,62,1547,200.0,5047
5800,1.0,0.0,3.9,645,14,62,323,600.0,3353
5801,1.0,0.0,3.9,107,48,62,1507,600.0,870
5802,0.0,0.0,3.7,70,78,62,1502,500.0,5047
5803,0.0,0.0,3.7,161,76,62,235,300.0,5047
5804,1.0,0.0,4.2,93,8,62,1561,300.0,5047
5805,1.0,0.0,3.9,252,65,62,1190,500.0,1029
5806,0.0,0.0,4.1,399,74,62,1178,300.0,5047
5807,0.0,0.0,3.4,8,8,62,1156,450.0,5047
5808,0.0,0.0,3.8,38,14,62,531,300.0,5047
5809,0.0,0.0,3.8,41,65,62,210,100.0,5047
5810,1.0,0.0,3.2,46,78,62,1156,300.0,2791
5811,1.0,0.0,3.8,113,65,30,681,500.0,2273
5812,1.0,1.0,4.7,4677,15,59,1458,1300.0,3372
5813,0.0,1.0,4.2,478,73,20,1130,800.0,5047
5814,0.0,1.0,4.4,2266,81,20,21,1100.0,5047
5815,1.0,1.0,4.1,614,15,20,47,1100.0,5047
5816,0.0,1.0,4.3,519,73,20,1013,1400.0,5047
5817,1.0,1.0,4.5,1623,15,20,1008,1300.0,5047
5818,0.0,0.0,4.1,484,61,20,1587,600.0,5047
5819,0.0,1.0,4.4,514,61,37,1678,3200.0,5047
5820,1.0,0.0,4.3,655,15,17,427,750.0,5047
5821,0.0,1.0,4.1,339,61,37,999,2500.0,5047
5822,1.0,0.0,4.2,133,15,20,162,1500.0,5047
5823,0.0,1.0,4.0,324,15,46,1397,1300.0,5047
5824,1.0,1.0,4.2,552,73,20,570,1200.0,2661
5825,1.0,0.0,4.1,153,81,13,455,300.0,5047
5826,0.0,1.0,4.4,309,61,37,1416,4000.0,5047
5827,1.0,1.0,4.2,475,15,20,1272,1700.0,5047
5828,1.0,1.0,4.3,860,15,22,659,1000.0,5047
5829,0.0,1.0,4.0,113,61,46,624,2500.0,5047
5830,1.0,0.0,4.2,740,15,13,406,750.0,2258
5831,0.0,0.0,3.9,169,20,20,92,600.0,5047
5832,1.0,1.0,4.0,378,15,20,1243,850.0,3641
5833,1.0,0.0,3.9,430,20,20,1140,550.0,5047
5834,1.0,0.0,4.1,391,15,20,544,600.0,4106
5835,1.0,0.0,3.8,207,15,20,1597,400.0,5047
5836,1.0,0.0,3.7,161,15,20,604,700.0,5047
5837,1.0,1.0,4.0,456,15,20,604,1000.0,4254
5838,0.0,0.0,4.1,211,20,3,188,200.0,5047
5839,1.0,0.0,3.9,255,20,20,1097,700.0,2185
5840,1.0,0.0,4.1,402,15,20,1378,750.0,4345
5841,1.0,0.0,2.8,109,73,20,616,500.0,1797
5842,1.0,0.0,3.3,200,15,20,521,700.0,4775
5843,0.0,1.0,3.9,297,73,13,455,750.0,5047
5844,1.0,1.0,3.8,91,15,20,1429,1800.0,1570
5845,0.0,1.0,3.8,73,73,4,723,1200.0,5047
5846,1.0,0.0,3.7,42,61,20,602,900.0,1213
5847,0.0,1.0,3.8,102,61,20,1570,1600.0,5047
5848,1.0,0.0,2.6,308,73,20,1145,700.0,1005
5849,0.0,0.0,4.0,107,15,62,1080,400.0,5047
5850,0.0,0.0,4.5,203,13,62,1547,150.0,5047
5851,1.0,0.0,3.9,134,81,20,1537,550.0,1159
5852,1.0,0.0,3.5,126,20,20,558,700.0,5047
5853,1.0,0.0,3.7,75,20,62,1156,300.0,5047
5854,1.0,0.0,3.3,261,73,20,1196,500.0,4340
5855,1.0,0.0,3.9,169,20,62,1399,600.0,5047
5856,0.0,0.0,3.2,41,13,62,1617,400.0,5047
5857,0.0,0.0,4.0,53,15,62,1112,400.0,5047
5858,0.0,0.0,4.0,44,81,13,487,1100.0,5047
5859,1.0,0.0,3.6,82,73,20,1196,500.0,5047
5860,0.0,0.0,3.9,49,20,62,854,400.0,5047
5861,0.0,0.0,2.7,52,20,20,1602,500.0,5047
5862,1.0,0.0,3.8,169,73,62,1416,250.0,5047
5863,1.0,0.0,3.8,89,20,62,868,250.0,5047
5864,0.0,0.0,2.9,46,73,20,1602,550.0,5047
5865,1.0,0.0,4.2,255,81,13,401,500.0,5047
5866,0.0,1.0,3.9,158,15,20,1446,1100.0,5047
5867,1.0,0.0,3.9,146,15,62,1476,600.0,5047
5868,1.0,0.0,2.8,142,20,3,181,300.0,1620
5869,0.0,1.0,4.4,194,65,5,125,1200.0,5047
5870,0.0,1.0,4.4,264,8,54,139,1500.0,5047
5871,1.0,1.0,4.0,2112,8,27,540,2000.0,5047
5872,1.0,0.0,4.3,1708,12,46,711,1300.0,5047
5873,0.0,0.0,4.3,2244,12,5,885,1100.0,5047
5874,0.0,0.0,4.2,1289,12,57,697,1100.0,5047
5875,0.0,1.0,3.9,681,12,21,1559,1200.0,5047
5876,1.0,1.0,4.0,933,12,21,22,1000.0,5047
5877,0.0,1.0,3.9,746,12,57,886,1500.0,5047
5878,0.0,1.0,4.4,4582,49,46,156,1700.0,5047
5879,0.0,1.0,4.2,3119,48,46,624,2500.0,5047
5880,0.0,0.0,4.7,3920,65,54,647,1500.0,5047
5881,0.0,1.0,4.5,8382,8,61,20,2000.0,5047
5882,0.0,1.0,4.4,864,48,37,148,3000.0,5047
5883,1.0,1.0,4.4,2229,48,39,1014,3000.0,5047
5884,0.0,1.0,4.5,5265,76,21,5,2500.0,5047
5885,0.0,0.0,4.4,2395,48,25,1124,1500.0,5047
5886,0.0,0.0,4.5,1576,8,21,1547,1500.0,5047
5887,0.0,1.0,4.2,2213,65,55,694,1700.0,5047
5888,1.0,1.0,4.6,1217,76,21,146,1700.0,1263
5889,0.0,0.0,4.3,609,76,60,671,1300.0,5047
5890,1.0,1.0,4.3,3485,48,61,646,1700.0,5047
5891,0.0,1.0,4.2,1427,49,60,667,1500.0,5047
5892,1.0,1.0,4.4,3656,48,23,1464,1300.0,5035
5893,0.0,1.0,4.4,2041,48,21,927,1200.0,5047
5894,0.0,1.0,4.3,447,65,54,1124,2000.0,5047
5895,0.0,0.0,4.3,1030,48,46,1114,1500.0,5047
5896,0.0,1.0,4.3,596,27,21,149,2500.0,5047
5897,1.0,1.0,4.4,488,76,5,1124,1900.0,544
5898,0.0,1.0,4.3,2658,8,5,718,1300.0,5047
5899,0.0,1.0,4.2,240,8,57,31,1500.0,5047
5900,0.0,1.0,4.4,113,48,21,1225,1000.0,5047
5901,0.0,1.0,4.3,286,76,5,1104,1200.0,5047
5902,1.0,1.0,4.2,2272,76,21,815,1400.0,5047
5903,0.0,1.0,4.2,1428,78,57,904,1300.0,5047
5904,0.0,1.0,4.2,210,49,60,690,1000.0,5047
5905,0.0,1.0,4.3,474,65,46,878,3000.0,5047
5906,1.0,1.0,4.3,394,8,5,892,1600.0,5047
5907,0.0,1.0,4.2,538,49,26,1404,1500.0,5047
5908,0.0,1.0,4.1,552,8,60,878,1100.0,5047
5909,0.0,0.0,4.0,949,8,57,1196,1100.0,5047
5910,0.0,0.0,3.9,378,65,4,1235,1000.0,5047
5911,0.0,1.0,4.1,608,49,27,624,2800.0,5047
5912,0.0,1.0,4.1,93,65,57,664,1000.0,5047
5913,0.0,0.0,4.2,38,66,4,897,2000.0,5047
5914,0.0,0.0,4.1,1543,48,57,760,1200.0,5047
5915,1.0,0.0,4.0,1205,8,8,663,2000.0,5047
5916,0.0,0.0,3.8,617,49,46,1254,3000.0,5047
5917,0.0,0.0,2.0,396,8,46,878,1500.0,5047
5918,0.0,0.0,3.9,190,76,4,878,600.0,5047
5919,0.0,0.0,2.7,402,49,57,1196,1000.0,5047
5920,0.0,0.0,3.9,234,47,5,996,1000.0,5047
5921,0.0,0.0,3.7,294,65,57,1296,1000.0,5047
5922,0.0,0.0,4.0,93,65,46,878,2000.0,5047
5923,0.0,0.0,4.0,62,78,46,878,1500.0,5047
5924,0.0,0.0,3.9,72,48,46,1621,2500.0,5047
5925,0.0,1.0,4.0,195,49,47,1368,3000.0,5047
5926,0.0,1.0,3.8,108,78,4,1196,1400.0,5047
5927,0.0,1.0,4.0,97,78,46,887,2400.0,5047
5928,0.0,1.0,4.2,258,49,21,1661,1500.0,5047
5929,1.0,1.0,4.7,4677,15,59,1458,1300.0,5047
5930,0.0,1.0,4.0,324,15,46,1397,1300.0,5047
5931,0.0,0.0,4.2,2022,73,26,26,1200.0,5047
5932,0.0,1.0,4.0,113,61,46,624,2500.0,5047
5933,0.0,1.0,3.8,73,73,4,723,1200.0,5047
5934,0.0,1.0,4.4,194,65,5,125,1200.0,5047
5935,1.0,1.0,4.4,1112,12,21,208,1200.0,5047
5936,0.0,0.0,4.3,2244,12,5,885,1100.0,5047
5937,0.0,0.0,4.2,1289,12,57,697,1100.0,5047
5938,0.0,1.0,3.9,681,12,21,1559,1200.0,5047
5939,1.0,1.0,4.0,933,12,21,22,1000.0,5047
5940,0.0,1.0,3.9,746,12,57,886,1500.0,5047
5941,0.0,1.0,4.5,8382,8,61,20,2000.0,5047
5942,0.0,1.0,4.5,5265,76,21,5,2500.0,5047
5943,0.0,0.0,4.5,1576,8,21,1547,1500.0,5047
5944,1.0,1.0,4.6,1217,76,21,146,1700.0,5047
5945,0.0,0.0,4.3,609,76,60,671,1300.0,5047
5946,1.0,1.0,4.3,3485,48,61,646,1700.0,5047
5947,0.0,1.0,4.2,1427,49,60,667,1500.0,5047
5948,0.0,1.0,4.4,2041,48,21,927,1200.0,5047
5949,0.0,1.0,4.1,1330,48,21,810,2100.0,5047
5950,0.0,1.0,4.3,596,27,21,149,2500.0,5047
5951,1.0,1.0,4.4,488,76,5,1124,1900.0,5047
5952,0.0,1.0,4.3,2658,8,5,718,1300.0,5047
5953,0.0,1.0,4.2,240,8,57,31,1500.0,5047
5954,0.0,1.0,4.4,113,48,21,1225,1000.0,5047
5955,0.0,1.0,4.3,286,76,5,1104,1200.0,5047
5956,1.0,1.0,4.3,500,48,21,558,1300.0,5047
5957,1.0,1.0,4.2,2272,76,21,815,1400.0,5047
5958,0.0,1.0,4.2,1428,78,57,904,1300.0,5047
5959,0.0,1.0,4.2,210,49,60,690,1000.0,5047
5960,0.0,1.0,4.2,332,48,21,1375,1000.0,5047
5961,1.0,1.0,4.2,982,78,21,913,1000.0,5047
5962,1.0,1.0,4.3,394,8,5,892,1600.0,5047
5963,0.0,0.0,4.2,4428,8,26,12,1200.0,5047
5964,1.0,1.0,4.0,188,74,21,1361,1300.0,5047
5965,0.0,1.0,4.2,538,49,26,1404,1500.0,5047
5966,0.0,1.0,4.1,552,8,60,878,1100.0,5047
5967,1.0,0.0,4.0,164,66,21,1156,1700.0,5047
5968,1.0,1.0,4.3,225,49,5,122,2000.0,5047
5969,0.0,0.0,4.0,949,8,57,1196,1100.0,5047
5970,0.0,0.0,3.9,378,65,4,1235,1000.0,5047
5971,0.0,1.0,4.1,93,65,57,664,1000.0,5047
5972,1.0,0.0,4.2,121,48,21,1152,1000.0,5047
5973,1.0,1.0,4.1,765,78,21,29,1200.0,5047
5974,0.0,1.0,4.1,270,65,38,1156,4000.0,5047
5975,0.0,0.0,4.2,38,66,4,897,2000.0,5047
5976,0.0,1.0,4.4,424,65,38,521,3500.0,5047
5977,0.0,0.0,4.1,1543,48,57,760,1200.0,5047
5978,1.0,0.0,4.0,1205,8,8,663,2000.0,5047
5979,0.0,1.0,4.1,336,49,21,1050,1800.0,5047
5980,0.0,1.0,4.4,183,48,21,1013,1800.0,5047
5981,0.0,0.0,3.9,190,76,4,878,600.0,5047
5982,0.0,0.0,2.7,402,49,57,1196,1000.0,5047
5983,0.0,0.0,3.9,234,47,5,996,1000.0,5047
5984,0.0,0.0,3.5,54,48,21,154,1800.0,5047
5985,0.0,0.0,3.1,123,48,21,1304,1200.0,5047
5986,0.0,0.0,3.7,294,65,57,1296,1000.0,5047
5987,0.0,1.0,4.0,195,49,47,1368,3000.0,5047
5988,0.0,1.0,3.6,277,76,21,56,800.0,5047
5989,0.0,1.0,3.8,108,78,4,1196,1400.0,5047
5990,0.0,1.0,4.2,258,49,21,1661,1500.0,5047
5991,1.0,1.0,3.9,96,8,21,1147,1300.0,5047
5992,1.0,1.0,4.7,4677,15,59,1458,1300.0,5047
5993,0.0,1.0,3.8,73,73,4,723,1200.0,5047
5994,0.0,1.0,3.7,177,19,20,635,1200.0,5047
5995,0.0,1.0,4.7,524,19,20,174,1500.0,5047
5996,0.0,1.0,4.4,808,19,60,715,1200.0,5047
5997,0.0,1.0,4.3,1147,19,20,1325,1600.0,5047
5998,1.0,1.0,4.5,860,19,22,1468,600.0,5047
5999,1.0,0.0,4.2,882,19,20,745,1100.0,5047
6000,0.0,1.0,4.1,268,19,37,1168,3000.0,5047
6001,0.0,1.0,3.9,285,19,37,1320,2200.0,5047
6002,0.0,0.0,3.8,115,19,20,539,1200.0,5047
6003,0.0,1.0,4.0,415,19,20,759,1400.0,5047
6004,1.0,1.0,3.9,418,19,20,1538,800.0,5047
6005,1.0,1.0,3.7,266,19,37,1419,2000.0,5047
6006,1.0,1.0,3.2,426,19,20,1226,900.0,5047
6007,0.0,1.0,2.5,118,19,20,1222,850.0,5047
6008,0.0,0.0,3.5,43,19,20,1293,800.0,5047
6009,0.0,1.0,3.7,74,19,21,545,1500.0,5047
6010,1.0,1.0,4.5,860,19,22,1468,600.0,5047
6011,1.0,0.0,4.1,351,19,13,505,700.0,5047
6012,1.0,0.0,3.9,176,19,62,366,650.0,5047
6013,1.0,0.0,3.2,79,19,13,359,500.0,5047
6014,1.0,0.0,3.8,159,19,13,426,400.0,5047
6015,1.0,0.0,3.1,64,19,13,332,600.0,5047
6016,1.0,0.0,3.8,101,19,3,193,600.0,5047
6017,1.0,0.0,3.0,119,19,13,440,700.0,5047
6018,1.0,0.0,3.7,56,19,14,354,400.0,5047
6019,0.0,0.0,4.0,134,19,17,427,400.0,5047
6020,0.0,0.0,3.9,117,19,13,389,700.0,5047
6021,1.0,0.0,4.0,65,19,9,229,200.0,5047
6022,1.0,0.0,3.0,546,75,29,923,450.0,5047
6023,1.0,0.0,3.7,152,19,12,217,200.0,1980
6024,1.0,0.0,3.9,505,19,62,1438,250.0,5047
6025,1.0,0.0,3.4,83,19,62,1193,300.0,5047
6026,1.0,0.0,3.8,234,19,62,1235,400.0,5047
6027,1.0,0.0,3.2,234,19,72,1516,500.0,3918
6028,1.0,1.0,4.0,960,19,62,1196,500.0,5047
6029,1.0,0.0,4.2,564,19,72,1392,500.0,1890
6030,1.0,0.0,3.6,216,19,20,1258,500.0,5047
6031,1.0,0.0,4.1,150,19,62,826,200.0,5047
6032,1.0,0.0,3.1,1365,19,20,121,700.0,3041
6033,1.0,0.0,3.8,560,19,62,323,600.0,5047
6034,1.0,1.0,4.5,860,19,22,1468,600.0,5047
6035,1.0,0.0,4.0,231,19,29,856,300.0,1859
6036,1.0,0.0,3.7,945,19,62,237,500.0,5047
6037,1.0,0.0,4.0,2043,19,20,294,800.0,5047
6038,1.0,0.0,3.6,539,19,20,281,800.0,4620
6039,1.0,0.0,4.0,117,19,62,513,300.0,5047
6040,1.0,0.0,3.6,332,19,62,1196,250.0,5047
6041,1.0,0.0,4.0,138,24,29,1190,500.0,5047
6042,1.0,0.0,4.1,351,19,13,505,700.0,5047
6043,1.0,0.0,3.7,570,19,62,1196,300.0,5047
6044,1.0,0.0,4.1,349,19,29,235,650.0,1998
6045,1.0,0.0,4.0,593,19,62,940,400.0,5047
6046,1.0,0.0,3.9,682,19,62,322,450.0,5047
6047,1.0,1.0,3.8,490,19,20,243,500.0,589
6048,1.0,0.0,3.2,231,19,62,1330,400.0,5047
6049,1.0,0.0,3.8,571,19,20,1037,600.0,5047
6050,1.0,0.0,3.8,62,19,62,1547,200.0,5047
6051,1.0,0.0,3.6,88,19,62,1209,400.0,5047
6052,1.0,0.0,3.4,52,19,41,43,500.0,5047
6053,1.0,0.0,3.8,237,19,62,945,400.0,5047
6054,1.0,0.0,4.0,159,19,62,200,400.0,5047
6055,1.0,0.0,3.7,130,19,62,567,400.0,5047
6056,1.0,0.0,3.2,120,19,62,1474,750.0,5047
6057,1.0,0.0,3.8,270,19,62,1474,500.0,5047
6058,1.0,0.0,3.5,73,19,62,1156,400.0,5047
6059,1.0,0.0,3.4,275,19,62,574,450.0,5047
6060,1.0,0.0,3.8,478,19,62,1199,400.0,4350
6061,1.0,0.0,2.9,78,19,62,1628,150.0,888
6062,1.0,0.0,4.1,209,19,11,214,400.0,5047
6063,1.0,0.0,4.0,371,19,29,821,450.0,5047
6064,1.0,0.0,3.7,95,19,62,551,400.0,5047
6065,1.0,0.0,3.4,173,19,20,97,650.0,5047
6066,1.0,1.0,4.2,1134,19,20,1319,800.0,5047
6067,1.0,0.0,4.0,262,19,62,1594,250.0,5047
6068,1.0,0.0,3.7,522,19,20,46,450.0,5047
6069,1.0,0.0,4.1,93,19,29,1113,600.0,5047
6070,1.0,0.0,3.3,211,19,20,1237,550.0,5047
6071,1.0,0.0,3.8,307,19,62,553,250.0,5047
6072,1.0,0.0,4.0,407,19,68,1455,250.0,5047
6073,1.0,1.0,4.3,1386,19,20,1246,900.0,5047
6074,1.0,0.0,4.0,55,24,29,1465,750.0,5047
6075,1.0,0.0,3.6,98,19,20,1203,700.0,5047
6076,1.0,0.0,3.1,273,19,62,1473,400.0,5047
6077,1.0,0.0,3.9,81,19,29,181,500.0,5047
6078,1.0,0.0,4.0,162,19,62,1629,300.0,5047
6079,1.0,0.0,3.2,79,19,13,359,500.0,5047
6080,1.0,0.0,4.0,426,19,62,1630,150.0,5047
6081,1.0,0.0,3.9,678,19,20,292,800.0,5047
6082,1.0,0.0,3.7,294,19,20,1255,500.0,5047
6083,1.0,0.0,3.6,399,19,20,1169,700.0,5047
6084,1.0,1.0,3.9,418,19,20,1538,800.0,5047
6085,1.0,0.0,3.8,514,19,20,599,750.0,5047
6086,1.0,0.0,3.7,255,19,62,1285,350.0,5047
6087,1.0,0.0,3.7,110,19,62,870,400.0,5047
6088,1.0,0.0,3.2,75,19,13,436,900.0,5047
6089,1.0,0.0,3.9,176,19,45,84,300.0,5047
6090,1.0,0.0,4.0,92,19,62,1571,400.0,5047
6091,1.0,0.0,3.5,148,19,20,1364,700.0,5047
6092,1.0,1.0,3.2,426,19,20,1226,900.0,5047
6093,1.0,0.0,3.6,75,19,62,1219,350.0,2041
6094,1.0,0.0,3.9,93,19,20,679,400.0,2357
6095,1.0,0.0,3.7,100,19,20,78,700.0,5047
6096,1.0,0.0,3.6,163,19,20,1251,500.0,5047
6097,1.0,0.0,3.2,63,19,20,564,400.0,5047
6098,1.0,0.0,3.7,214,19,62,1547,300.0,5047
6099,1.0,0.0,3.6,453,19,20,1156,600.0,5047
6100,1.0,0.0,3.0,61,19,20,197,600.0,5047
6101,1.0,0.0,3.2,153,19,20,60,450.0,3324
6102,1.0,1.0,4.2,800,19,20,1156,750.0,5047
6103,1.0,0.0,3.8,159,19,13,426,400.0,5047
6104,1.0,0.0,3.8,101,19,3,193,600.0,5047
6105,1.0,0.0,3.9,163,19,35,787,250.0,5047
6106,1.0,0.0,3.9,176,19,62,366,650.0,5047
6107,1.0,0.0,3.9,56,19,62,38,600.0,5047
6108,1.0,0.0,3.7,45,19,43,1196,500.0,5047
6109,1.0,0.0,3.7,54,19,30,956,450.0,5047
6110,1.0,0.0,3.1,352,19,20,1599,400.0,5047
6111,1.0,0.0,2.8,297,19,62,1219,600.0,5047
6112,1.0,1.0,3.9,72,19,20,1196,600.0,5047
6113,1.0,1.0,4.0,537,19,5,1403,1500.0,5047
6114,0.0,1.0,4.3,1249,19,60,734,1200.0,5047
6115,1.0,0.0,3.8,108,19,62,817,400.0,5047
6116,1.0,0.0,3.7,56,19,14,354,400.0,5047
6117,1.0,0.0,3.1,127,19,0,181,500.0,5047
6118,1.0,0.0,2.7,477,19,62,1474,400.0,3126
6119,1.0,0.0,3.6,55,19,41,1335,400.0,5047
6120,0.0,1.0,3.8,473,19,20,50,650.0,5047
6121,1.0,0.0,3.9,417,19,62,1589,400.0,5047
6122,1.0,0.0,3.0,60,19,30,188,500.0,5047
6123,1.0,0.0,2.9,380,19,20,1437,1000.0,5047
6124,1.0,0.0,3.8,49,19,4,1457,1200.0,5047
6125,1.0,0.0,3.0,119,19,13,440,700.0,5047
6126,1.0,1.0,3.4,184,19,21,594,900.0,5047
6127,0.0,0.0,4.0,67,19,30,956,200.0,5047
6128,0.0,0.0,3.6,74,19,20,1196,500.0,5047
6129,1.0,0.0,4.2,882,19,20,745,1100.0,5047
6130,0.0,0.0,3.0,57,19,20,1197,1000.0,5047
6131,0.0,0.0,3.1,83,19,20,1196,700.0,5047
6132,0.0,0.0,3.6,196,19,20,43,600.0,5047
6133,0.0,1.0,3.7,74,19,21,545,1500.0,5047
6134,0.0,0.0,4.0,134,19,17,427,400.0,5047
6135,0.0,0.0,3.7,38,19,20,1196,500.0,5047
6136,0.0,0.0,3.9,117,19,13,389,700.0,5047
6137,0.0,0.0,3.7,56,19,20,1587,500.0,5047
6138,0.0,0.0,2.9,126,19,62,1616,350.0,5047
6139,0.0,0.0,2.4,142,19,20,1156,450.0,5047
6140,0.0,0.0,3.9,90,19,29,757,400.0,5047
6141,0.0,0.0,3.5,42,19,62,1156,400.0,5047
6142,0.0,0.0,2.9,95,19,20,521,500.0,5047
6143,0.0,0.0,3.8,57,19,62,1196,500.0,5047
6144,1.0,0.0,3.1,64,19,13,332,600.0,5047
6145,1.0,1.0,3.7,266,19,37,1419,2000.0,5047
6146,1.0,1.0,4.5,863,19,22,1468,600.0,5047
6147,0.0,0.0,4.0,67,19,30,956,200.0,5047
6148,0.0,0.0,2.8,124,19,66,1455,250.0,5047
6149,1.0,0.0,3.1,273,19,62,1473,400.0,5047
6150,1.0,0.0,3.7,54,19,30,956,450.0,5047
6151,1.0,0.0,4.1,209,19,11,214,400.0,5047
6152,1.0,0.0,3.0,60,19,30,188,500.0,5047
6153,1.0,0.0,3.8,101,19,3,193,600.0,5047
6154,1.0,0.0,3.7,56,19,14,354,400.0,5047
6155,1.0,0.0,3.9,163,19,35,787,250.0,5047
6156,0.0,0.0,4.0,135,19,17,427,400.0,5047
6157,1.0,0.0,2.6,64,19,3,187,400.0,5047
6158,0.0,0.0,3.9,117,19,13,389,700.0,5047
6159,1.0,0.0,3.1,127,19,0,181,500.0,5047
6160,1.0,0.0,3.9,81,19,29,181,500.0,5047
6161,0.0,1.0,4.7,544,19,20,174,1500.0,5047
6162,0.0,1.0,3.7,177,19,20,635,1200.0,5047
6163,0.0,1.0,4.4,809,19,60,715,1200.0,5047
6164,0.0,1.0,4.3,1265,19,60,734,1200.0,5047
6165,0.0,1.0,4.3,1147,19,20,1325,1600.0,5047
6166,1.0,1.0,4.5,863,19,22,1468,600.0,5047
6167,1.0,0.0,4.2,882,19,20,745,1100.0,5047
6168,1.0,1.0,4.0,537,19,5,1403,1500.0,5047
6169,1.0,1.0,4.3,1387,19,20,1246,900.0,5047
6170,1.0,1.0,4.2,1137,19,20,1319,800.0,5047
6171,0.0,1.0,4.3,169,19,4,1301,1400.0,5047
6172,1.0,0.0,4.0,1369,19,20,282,600.0,5047
6173,0.0,1.0,3.8,473,19,20,50,650.0,5047
6174,1.0,0.0,4.1,354,19,13,505,700.0,5047
6175,1.0,0.0,4.0,2043,19,20,294,800.0,5047
6176,0.0,1.0,4.1,268,19,37,1168,3000.0,5047
6177,0.0,1.0,4.3,385,19,20,1545,1500.0,5047
6178,0.0,1.0,3.6,180,19,60,718,1300.0,5047
6179,0.0,1.0,3.9,285,19,37,1320,2200.0,5047
6180,1.0,0.0,3.9,407,19,62,67,450.0,5047
6181,1.0,0.0,3.2,79,19,13,359,500.0,5047
6182,1.0,0.0,3.7,294,19,20,1255,500.0,5047
6183,1.0,0.0,3.9,678,19,20,292,800.0,5047
6184,1.0,0.0,3.8,571,19,20,1037,600.0,5047
6185,0.0,0.0,3.8,115,19,20,539,1200.0,5047
6186,0.0,1.0,4.0,415,19,20,759,1400.0,5047
6187,1.0,0.0,3.9,94,19,20,679,400.0,5047
6188,1.0,0.0,3.6,98,19,20,1203,700.0,5047
6189,1.0,1.0,3.9,418,19,20,1538,800.0,5047
6190,0.0,0.0,3.6,213,19,20,1599,400.0,5047
6191,1.0,0.0,3.8,523,19,20,46,450.0,5047
6192,1.0,1.0,3.7,267,19,37,1419,2000.0,5047
6193,1.0,0.0,3.7,159,19,13,426,400.0,5047
6194,1.0,1.0,3.9,72,19,20,1196,600.0,5047
6195,0.0,0.0,4.1,163,19,4,878,1200.0,5047
6196,1.0,0.0,3.1,1365,19,20,121,700.0,5047
6197,1.0,0.0,3.1,64,19,13,332,600.0,5047
6198,1.0,0.0,3.8,478,19,62,1199,400.0,5047
6199,0.0,0.0,3.6,74,19,20,1196,500.0,5047
6200,1.0,0.0,3.6,453,19,20,1156,600.0,5047
6201,1.0,1.0,3.2,426,19,20,1226,900.0,5047
6202,1.0,1.0,4.2,800,19,20,1156,750.0,5047
6203,1.0,0.0,3.5,148,19,20,1364,700.0,5047
6204,0.0,1.0,4.0,119,19,46,885,2500.0,5047
6205,0.0,1.0,4.0,54,19,37,620,2200.0,5047
6206,1.0,0.0,3.7,101,19,20,78,700.0,5047
6207,1.0,1.0,3.4,183,19,21,594,900.0,5047
6208,0.0,0.0,3.8,76,19,46,878,1500.0,5047
6209,1.0,0.0,3.4,173,19,20,97,650.0,5047
6210,1.0,0.0,3.8,514,19,20,599,750.0,5047
6211,1.0,0.0,3.9,419,19,62,1589,400.0,5047
6212,1.0,0.0,2.9,380,19,20,1437,1000.0,5047
6213,1.0,0.0,3.0,119,19,13,440,700.0,5047
6214,1.0,1.0,3.6,778,19,20,604,850.0,5047
6215,0.0,1.0,3.6,116,19,4,635,1200.0,5047
6216,1.0,0.0,3.2,154,19,20,60,450.0,5047
6217,0.0,1.0,4.0,63,19,37,965,2500.0,5047
6218,0.0,1.0,2.5,118,19,20,1222,850.0,5047
6219,1.0,0.0,3.7,70,19,20,1196,500.0,5047
6220,0.0,0.0,3.8,47,19,20,235,500.0,5047
6221,0.0,0.0,3.0,57,19,20,1197,1000.0,5047
6222,0.0,0.0,3.1,83,19,20,1196,700.0,5047
6223,1.0,0.0,3.7,56,19,14,354,400.0,5047
6224,1.0,0.0,3.0,61,19,20,197,600.0,5047
6225,0.0,1.0,4.1,410,19,4,898,1500.0,5047
6226,0.0,0.0,3.5,43,19,20,1293,800.0,5047
6227,1.0,0.0,3.6,399,19,20,1169,700.0,5047
6228,0.0,0.0,3.6,196,19,20,43,600.0,5047
6229,1.0,0.0,3.0,291,19,20,1196,550.0,5047
6230,0.0,1.0,3.7,74,19,21,545,1500.0,5047
6231,0.0,0.0,4.0,135,19,17,427,400.0,5047
6232,1.0,0.0,3.6,539,19,20,281,800.0,5047
6233,0.0,0.0,3.7,38,19,20,1196,500.0,5047
6234,0.0,0.0,3.9,117,19,13,389,700.0,5047
6235,1.0,0.0,3.6,216,19,20,1258,500.0,5047
6236,0.0,0.0,3.7,56,19,20,1587,500.0,5047
6237,1.0,1.0,3.8,490,19,20,243,500.0,5047
6238,1.0,0.0,3.9,176,19,45,84,300.0,5047
6239,0.0,0.0,2.4,142,19,20,1156,450.0,5047
6240,0.0,0.0,2.9,95,19,20,521,500.0,5047
6241,1.0,0.0,3.3,211,19,20,1237,550.0,5047
6242,1.0,0.0,3.2,63,19,20,564,400.0,5047
6243,1.0,0.0,3.6,163,19,20,1251,500.0,5047
6244,1.0,0.0,3.5,73,19,62,1156,400.0,5047
6245,1.0,0.0,4.0,92,19,62,1571,400.0,5047
6246,0.0,0.0,4.0,170,19,62,1267,350.0,5047
6247,1.0,0.0,3.6,55,19,41,1335,400.0,5047
6248,1.0,0.0,3.9,177,19,62,366,650.0,5047
6249,1.0,0.0,3.8,237,19,62,945,400.0,5047
6250,1.0,0.0,4.0,262,19,62,1594,250.0,5047
6251,1.0,0.0,4.0,117,19,62,513,300.0,5047
6252,1.0,0.0,4.0,130,19,62,1494,400.0,5047
6253,1.0,0.0,3.9,505,19,62,1438,250.0,5047
6254,1.0,0.0,4.0,145,19,30,959,400.0,5047
6255,0.0,0.0,2.8,124,19,66,1455,250.0,5047
6256,1.0,0.0,3.1,273,19,62,1473,400.0,5047
6257,1.0,0.0,4.0,506,19,62,1190,500.0,5047
6258,1.0,0.0,3.5,154,19,62,322,450.0,5047
6259,1.0,0.0,3.7,110,19,62,870,400.0,5047
6260,1.0,0.0,3.7,123,19,62,322,500.0,5047
6261,1.0,0.0,4.0,162,19,62,1629,300.0,5047
6262,0.0,0.0,3.9,57,19,62,1547,200.0,5047
6263,1.0,0.0,3.7,257,19,62,1285,350.0,5047
6264,1.0,0.0,3.7,131,19,62,567,400.0,5047
6265,1.0,0.0,4.0,159,19,62,200,400.0,5047
6266,0.0,0.0,3.8,76,19,62,1373,300.0,5047
6267,1.0,0.0,3.4,275,19,62,574,450.0,5047
6268,1.0,0.0,4.0,427,19,62,1630,150.0,5047
6269,1.0,0.0,3.8,101,19,3,193,600.0,5047
6270,1.0,0.0,3.2,231,19,62,1330,400.0,5047
6271,1.0,0.0,3.8,108,19,62,817,400.0,5047
6272,1.0,0.0,3.4,83,19,62,1193,300.0,5047
6273,1.0,0.0,3.8,234,19,62,1235,400.0,5047
6274,1.0,0.0,3.7,214,19,62,1547,300.0,5047
6275,1.0,0.0,3.8,560,19,62,323,600.0,5047
6276,1.0,0.0,3.6,88,19,62,1209,400.0,5047
6277,1.0,0.0,2.8,297,19,62,1219,600.0,5047
6278,1.0,0.0,2.7,195,19,62,1465,750.0,5047
6279,1.0,0.0,3.6,98,19,41,1670,400.0,5047
6280,1.0,0.0,3.7,45,19,43,1196,500.0,5047
6281,1.0,0.0,3.4,52,19,41,43,500.0,5047
6282,1.0,0.0,3.8,307,19,62,553,250.0,5047
6283,0.0,0.0,2.9,126,19,62,1616,350.0,5047
6284,0.0,0.0,3.5,42,19,62,1156,400.0,5047
6285,0.0,0.0,3.8,57,19,62,1196,500.0,5047
6286,1.0,0.0,3.7,95,19,62,551,400.0,5047
6287,1.0,0.0,3.6,75,19,62,1219,350.0,5047
6288,1.0,0.0,3.6,60,19,62,1156,500.0,5047
6289,1.0,0.0,3.6,332,19,62,1196,250.0,5047
6290,1.0,0.0,3.7,570,19,62,1196,300.0,5047
6291,0.0,1.0,4.3,1265,19,60,734,1200.0,5047
6292,0.0,1.0,4.4,809,19,60,715,1200.0,5047
6293,0.0,1.0,3.6,116,19,4,635,1200.0,5047
6294,1.0,1.0,4.0,537,19,5,1403,1500.0,5047
6295,0.0,1.0,4.3,169,19,4,1301,1400.0,5047
6296,0.0,1.0,3.6,180,19,60,718,1300.0,5047
6297,0.0,0.0,4.1,163,19,4,878,1200.0,5047
6298,0.0,1.0,4.0,119,19,46,885,2500.0,5047
6299,1.0,1.0,3.4,183,19,21,594,900.0,717
6300,0.0,0.0,3.8,76,19,46,878,1500.0,5047
6301,0.0,1.0,4.1,410,19,4,898,1500.0,5047
6302,0.0,1.0,3.6,116,19,4,635,1200.0,5047
6303,0.0,1.0,4.4,809,19,60,715,1200.0,5047
6304,0.0,1.0,4.3,1265,19,60,734,1200.0,5047
6305,1.0,1.0,4.0,537,19,5,1403,1500.0,5047
6306,0.0,1.0,4.3,169,19,4,1301,1400.0,5047
6307,0.0,1.0,3.6,180,19,60,718,1300.0,5047
6308,0.0,0.0,4.1,163,19,4,878,1200.0,5047
6309,1.0,0.0,3.8,49,19,4,1457,1200.0,3747
6310,1.0,1.0,3.4,183,19,21,594,900.0,717
6311,0.0,1.0,4.1,410,19,4,898,1500.0,5047
6312,0.0,1.0,3.7,74,19,21,545,1500.0,5047
6313,1.0,0.0,4.1,1864,20,20,1402,750.0,5047
6314,1.0,1.0,4.0,188,74,21,1361,1300.0,4510
6315,0.0,1.0,4.3,153,78,37,18,2800.0,5047
6316,0.0,1.0,4.0,324,15,46,1397,1300.0,5047
6317,1.0,1.0,4.2,475,15,20,1272,1700.0,5047
6318,0.0,0.0,3.9,183,78,20,1320,2200.0,5047
6319,1.0,1.0,3.8,91,15,20,1429,1800.0,5047
6320,1.0,1.0,3.8,198,49,20,982,1600.0,5047
6321,0.0,1.0,3.9,158,15,20,1446,1100.0,5047
6322,0.0,0.0,3.9,62,20,13,392,1100.0,5047
6323,0.0,0.0,4.1,147,20,63,350,700.0,5047
6324,1.0,0.0,3.8,362,20,13,383,700.0,448
6325,1.0,0.0,4.1,252,20,1,177,350.0,4110
6326,0.0,0.0,2.9,45,20,13,383,600.0,5047
6327,1.0,1.0,4.7,4678,15,59,1458,1300.0,2764
6328,1.0,1.0,4.3,2671,49,13,406,1200.0,385
6329,1.0,0.0,4.3,654,15,17,427,750.0,3422
6330,0.0,0.0,4.2,164,78,13,499,750.0,5047
6331,1.0,0.0,4.3,570,78,13,407,700.0,4894
6332,1.0,0.0,4.1,153,81,13,455,300.0,408
6333,1.0,1.0,4.3,860,15,22,659,1000.0,2141
6334,1.0,0.0,4.2,740,15,13,406,750.0,2258
6335,1.0,0.0,3.9,462,78,16,340,800.0,480
6336,1.0,1.0,4.1,1852,78,13,459,650.0,3762
6337,1.0,0.0,4.3,1133,27,13,438,800.0,2971
6338,1.0,0.0,3.6,95,27,16,373,650.0,2270
6339,0.0,0.0,4.0,47,78,13,461,750.0,5047
6340,1.0,0.0,3.7,66,78,13,483,800.0,5047
6341,1.0,0.0,4.2,432,78,14,482,700.0,458
6342,0.0,0.0,4.2,115,78,22,1074,1000.0,5047
6343,1.0,0.0,4.2,255,81,13,401,500.0,3947
6344,1.0,0.0,4.2,382,78,13,1478,500.0,1720
6345,0.0,1.0,3.9,315,49,13,404,800.0,5047
6346,1.0,0.0,3.8,37,78,20,213,400.0,5047
6347,0.0,0.0,4.0,44,81,13,487,1100.0,5047
6348,1.0,0.0,3.8,96,78,13,420,600.0,2505
6349,0.0,0.0,3.9,61,2,13,436,450.0,5047
6350,1.0,0.0,4.5,857,26,29,930,500.0,1463
6351,1.0,0.0,3.6,531,57,29,923,450.0,12
6352,1.0,0.0,4.3,285,76,62,330,500.0,4980
6353,1.0,0.0,4.0,1393,26,62,323,600.0,1472
6354,1.0,0.0,4.0,2692,60,20,1402,750.0,5047
6355,1.0,0.0,4.1,474,26,62,235,300.0,578
6356,1.0,0.0,3.7,117,35,62,84,300.0,2817
6357,1.0,0.0,3.7,154,60,20,1156,600.0,5047
6358,1.0,0.0,4.4,1413,35,62,1115,300.0,2144
6359,1.0,0.0,3.9,169,20,62,1399,600.0,1366
6360,1.0,0.0,4.2,128,81,29,235,650.0,1992
6361,1.0,0.0,3.9,58,26,29,1113,600.0,4010
6362,1.0,0.0,3.4,71,81,72,1156,200.0,1238
6363,1.0,0.0,3.8,61,31,62,1156,400.0,5047
6364,1.0,0.0,4.0,1074,26,62,866,350.0,4360
6365,1.0,0.0,3.3,238,60,62,1196,400.0,5047
6366,1.0,0.0,3.9,418,35,20,1524,800.0,2894
6367,1.0,0.0,3.8,97,81,29,1465,750.0,1445
6368,1.0,0.0,3.8,89,20,62,868,250.0,4680
6369,1.0,0.0,2.9,119,35,72,267,500.0,5047
6370,1.0,1.0,4.2,1751,26,20,254,750.0,5047
6371,1.0,0.0,4.1,3248,26,20,294,800.0,989
6372,1.0,1.0,4.4,691,26,20,1531,1000.0,5047
6373,1.0,0.0,3.8,104,81,29,1190,500.0,1021
6374,1.0,0.0,3.3,73,59,29,1470,750.0,5047
6375,1.0,0.0,2.7,67,59,62,106,400.0,4035
6376,1.0,0.0,4.0,1080,8,66,320,550.0,31
6377,1.0,0.0,3.0,58,20,72,1268,400.0,5047
6378,1.0,0.0,4.1,735,26,20,1156,950.0,5047
6379,1.0,0.0,3.6,206,15,62,322,400.0,2627
6380,1.0,0.0,4.1,389,26,62,1110,600.0,4890
6381,1.0,0.0,4.4,635,65,30,956,400.0,4565
6382,1.0,0.0,4.3,331,23,62,322,300.0,2224
6383,1.0,0.0,4.1,1447,20,20,111,800.0,2652
6384,1.0,0.0,3.9,104,78,62,1156,150.0,5047
6385,1.0,0.0,4.1,58,26,70,1121,200.0,2866
6386,1.0,0.0,3.3,302,20,20,1474,750.0,2342
6387,1.0,0.0,4.1,205,78,62,1594,250.0,2707
6388,1.0,0.0,3.7,75,20,62,1156,300.0,5047
6389,1.0,1.0,4.4,2867,20,20,109,750.0,5047
6390,1.0,0.0,3.7,89,20,62,1145,400.0,4355
6391,1.0,0.0,3.8,229,20,20,1196,500.0,5047
6392,1.0,0.0,3.7,93,35,62,1058,400.0,3817
6393,1.0,0.0,4.0,154,26,20,1272,700.0,5047
6394,1.0,0.0,2.6,227,2,62,1002,600.0,901
6395,1.0,0.0,3.9,239,26,20,1216,800.0,1460
6396,1.0,1.0,4.1,229,35,20,1065,550.0,5047
6397,1.0,0.0,4.3,148,78,20,294,650.0,4570
6398,1.0,1.0,3.1,59,76,62,247,400.0,881
6399,1.0,0.0,3.9,186,35,62,558,500.0,5047
6400,1.0,1.0,4.3,378,26,20,1656,1200.0,4899
6401,1.0,0.0,3.7,42,61,20,602,900.0,1213
6402,1.0,1.0,4.3,1434,35,20,1625,1500.0,3864
6403,1.0,0.0,4.1,298,26,20,579,800.0,1338
6404,1.0,0.0,4.2,975,26,20,596,1100.0,5047
6405,1.0,0.0,4.2,382,78,13,1478,500.0,1720
6406,1.0,1.0,4.3,765,48,20,1494,1400.0,5047
6407,1.0,1.0,4.1,1852,78,13,459,650.0,3762
6408,1.0,0.0,3.6,68,60,20,309,450.0,5047
6409,1.0,0.0,4.9,1743,8,30,767,400.0,5047
6410,1.0,1.0,4.4,3657,48,23,1464,1300.0,5036
6411,1.0,1.0,3.8,194,76,20,274,800.0,2029
6412,1.0,0.0,4.0,265,26,64,649,700.0,5007
6413,1.0,0.0,4.0,176,78,20,266,750.0,975
6414,1.0,1.0,4.2,4734,12,20,1206,1500.0,5047
6415,1.0,0.0,3.6,54,20,20,611,600.0,5047
6416,1.0,0.0,3.9,190,35,20,1058,600.0,586
6417,1.0,0.0,3.8,127,35,62,851,400.0,1754
6418,1.0,0.0,4.6,2496,48,20,809,1600.0,2574
6419,1.0,0.0,3.9,59,26,0,175,500.0,495
6420,1.0,0.0,3.8,151,2,62,1476,500.0,3487
6421,0.0,0.0,3.9,135,20,20,286,600.0,5047
6422,1.0,0.0,4.1,198,26,20,1544,650.0,4255
6423,1.0,0.0,4.0,47,66,30,773,300.0,1606
6424,1.0,0.0,4.2,175,14,20,1151,800.0,4924
6425,1.0,0.0,3.9,107,48,62,1507,600.0,870
6426,1.0,1.0,4.5,1401,12,21,558,1700.0,5047
6427,1.0,1.0,4.3,2671,49,13,406,1200.0,385
6428,1.0,1.0,4.7,4678,15,59,1458,1300.0,2764
6429,1.0,0.0,3.9,306,20,20,609,500.0,41
6430,1.0,0.0,3.9,132,20,62,119,400.0,482
6431,1.0,0.0,3.9,851,20,20,1145,700.0,735
6432,1.0,0.0,4.0,85,65,35,442,400.0,1638
6433,1.0,0.0,4.2,5308,26,1,179,600.0,4527
6434,1.0,1.0,4.3,397,8,5,892,1600.0,708
6435,1.0,0.0,3.9,258,26,20,1277,650.0,5047
6436,1.0,0.0,4.3,570,78,13,407,700.0,4894
6437,1.0,0.0,3.9,200,26,62,1552,400.0,5047
6438,1.0,0.0,3.9,54,14,11,778,400.0,2860
6439,1.0,0.0,4.0,29,0,0,181,500.0,1614
6440,1.0,0.0,3.5,62,20,62,1002,300.0,3466
6441,1.0,0.0,3.1,112,20,20,521,1000.0,1156
6442,1.0,1.0,4.3,2040,49,20,1627,1500.0,418
6443,1.0,0.0,4.0,90,20,72,827,650.0,1792
6444,1.0,1.0,4.5,1623,15,20,1008,1300.0,931
6445,1.0,0.0,3.9,443,20,20,296,600.0,5047
6446,1.0,1.0,4.4,1112,12,21,208,1200.0,5047
6447,1.0,0.0,3.9,40,35,62,315,550.0,2188
6448,1.0,0.0,3.8,173,21,62,235,300.0,5047
6449,1.0,0.0,4.1,391,15,20,544,600.0,5047
6450,1.0,1.0,4.1,617,15,20,47,1100.0,998
6451,1.0,0.0,3.9,67,12,10,511,500.0,714
6452,1.0,0.0,4.2,227,26,20,1654,800.0,4456
6453,1.0,0.0,3.7,123,8,43,1670,400.0,4987
6454,1.0,0.0,4.1,69,20,20,1156,700.0,2807
6455,1.0,0.0,4.0,558,26,20,1277,900.0,5047
6456,1.0,0.0,4.3,116,76,30,789,400.0,4481
6457,1.0,0.0,2.4,48,34,62,832,450.0,1937
6458,1.0,0.0,3.9,87,78,20,1242,500.0,2589
6459,1.0,0.0,3.9,1838,26,20,1451,900.0,2333
6460,1.0,0.0,4.4,216,8,41,773,450.0,3008
6461,1.0,0.0,3.8,62,76,20,1589,400.0,122
6462,1.0,0.0,3.6,76,35,62,1061,450.0,2376
6463,1.0,0.0,3.7,131,26,62,1589,40.0,115
6464,1.0,0.0,4.0,209,35,62,1150,550.0,4159
6465,1.0,0.0,3.8,49,35,62,1597,300.0,3173
6466,1.0,1.0,4.4,2230,48,39,1014,3000.0,3394
6467,1.0,0.0,3.1,163,12,62,825,350.0,3267
6468,1.0,0.0,4.1,382,35,20,557,700.0,5047
6469,1.0,0.0,4.0,73,20,0,175,250.0,5047
6470,1.0,0.0,4.3,184,26,62,366,650.0,2518
6471,1.0,0.0,2.7,283,26,20,521,700.0,5047
6472,1.0,0.0,4.0,48,26,62,1514,200.0,1699
6473,1.0,0.0,3.9,194,20,20,610,800.0,5047
6474,1.0,0.0,4.0,289,26,30,767,300.0,15
6475,1.0,0.0,3.4,334,26,20,82,550.0,3889
6476,1.0,0.0,4.0,69,26,20,517,750.0,5047
6477,1.0,1.0,4.1,452,12,20,1156,600.0,5047
6478,1.0,0.0,3.9,85,26,13,835,450.0,2261
6479,1.0,0.0,3.8,83,26,32,225,100.0,2149
6480,1.0,0.0,2.6,125,26,62,616,500.0,1178
6481,1.0,0.0,4.0,78,14,64,864,350.0,4199
6482,1.0,0.0,3.9,117,78,20,513,600.0,5047
6483,1.0,1.0,4.3,500,48,21,558,1300.0,5047
6484,1.0,1.0,4.6,1219,76,21,146,1700.0,5047
6485,1.0,0.0,4.2,131,8,30,956,180.0,3369
6486,1.0,1.0,4.2,475,15,20,1272,1700.0,5047
6487,1.0,0.0,2.8,296,14,20,235,600.0,4122
6488,1.0,1.0,3.9,1362,49,37,1156,2100.0,5047
6489,1.0,0.0,3.9,218,35,20,68,600.0,5047
6490,1.0,0.0,3.9,255,20,20,1097,700.0,5047
6491,1.0,0.0,3.2,46,78,62,1156,300.0,5047
6492,1.0,0.0,3.9,149,20,30,956,500.0,2814
6493,1.0,0.0,4.0,719,35,13,374,1000.0,5047
6494,1.0,0.0,3.8,201,21,20,558,550.0,5047
6495,1.0,0.0,4.3,904,78,20,1013,2000.0,5047
6496,1.0,0.0,3.4,63,2,20,1197,500.0,2450
6497,1.0,0.0,4.2,133,15,20,162,1500.0,5047
6498,1.0,0.0,3.7,87,2,62,521,450.0,1173
6499,1.0,0.0,4.3,7546,12,46,33,1500.0,1528
6500,1.0,1.0,4.0,1022,8,20,1375,700.0,1914
6501,1.0,0.0,3.7,288,20,62,1474,400.0,3144
6502,1.0,0.0,4.1,402,15,20,1378,750.0,5047
6503,1.0,0.0,4.0,1098,78,20,1050,1300.0,5047
6504,1.0,1.0,4.3,688,26,20,1088,1000.0,5047
6505,1.0,0.0,3.0,566,26,20,1599,400.0,5047
6506,1.0,1.0,4.2,2924,12,20,970,1000.0,5047
6507,1.0,0.0,4.3,1380,20,20,1088,700.0,5047
6508,1.0,0.0,4.0,105,20,20,1260,500.0,3352
6509,1.0,1.0,4.3,2840,65,22,1010,800.0,3292
6510,1.0,0.0,4.3,1707,12,46,711,1300.0,3237
6511,1.0,0.0,3.9,205,76,20,1235,500.0,1857
6512,1.0,0.0,4.2,1766,76,20,625,750.0,635
6513,1.0,0.0,4.2,255,81,13,401,500.0,3947
6514,1.0,1.0,3.9,96,8,21,1147,1300.0,4431
6515,1.0,0.0,3.9,450,20,20,104,700.0,3264
6516,1.0,0.0,3.5,86,60,20,565,500.0,1293
6517,1.0,0.0,3.5,126,20,20,558,700.0,5047
6518,1.0,0.0,4.3,654,15,17,427,750.0,3422
6519,1.0,1.0,4.1,836,35,13,474,800.0,1386
6520,1.0,1.0,4.2,982,78,21,913,1000.0,3884
6521,1.0,1.0,4.0,1913,49,20,1663,2100.0,5047
6522,1.0,0.0,3.9,119,20,20,673,1000.0,5047
6523,1.0,0.0,3.7,184,8,62,322,500.0,4080
6524,1.0,1.0,4.4,487,76,5,1124,1900.0,545
6525,1.0,0.0,3.9,148,8,41,182,450.0,4552
6526,1.0,0.0,4.1,42,12,30,789,150.0,2609
6527,1.0,0.0,3.8,47,2,70,1121,150.0,2772
6528,1.0,0.0,3.0,110,26,20,51,700.0,5047
6529,1.0,0.0,3.8,31,2,41,773,300.0,509
6530,1.0,1.0,4.0,2112,8,27,540,2000.0,3651
6531,1.0,0.0,3.8,207,15,20,1597,400.0,4721
6532,1.0,1.0,4.3,860,15,22,659,1000.0,2141
6533,1.0,0.0,4.0,781,12,20,42,650.0,5047
6534,1.0,0.0,3.9,224,12,20,1342,950.0,3990
6535,1.0,0.0,3.9,49,61,32,214,150.0,766
6536,1.0,0.0,4.0,80,20,30,773,500.0,5025
6537,1.0,0.0,3.9,84,26,30,963,300.0,5047
6538,1.0,1.0,4.2,2273,76,21,815,1400.0,759
6539,1.0,1.0,4.0,929,8,20,1491,800.0,5047
6540,1.0,1.0,4.1,765,78,21,29,1200.0,4450
6541,1.0,1.0,4.0,456,15,20,604,1000.0,5047
6542,1.0,0.0,4.0,113,49,20,972,1000.0,3481
6543,1.0,0.0,4.1,110,26,68,1121,150.0,3281
6544,1.0,0.0,4.1,461,12,13,345,700.0,391
6545,1.0,0.0,4.2,740,15,13,406,750.0,2258
6546,1.0,1.0,4.4,1842,48,20,1009,1500.0,3117
6547,1.0,0.0,4.2,231,48,2,194,300.0,3064
6548,1.0,0.0,3.8,106,65,62,1561,200.0,4618
6549,1.0,1.0,4.3,63,8,20,1541,700.0,5038
6550,1.0,0.0,3.7,66,78,13,483,800.0,5047
6551,1.0,0.0,3.9,201,12,62,861,250.0,275
6552,1.0,1.0,4.4,864,49,20,157,1800.0,5047
6553,1.0,0.0,3.8,111,15,30,188,500.0,2282
6554,1.0,0.0,3.7,73,65,30,773,350.0,514
6555,1.0,0.0,4.0,48,8,20,1019,1500.0,5047
6556,1.0,0.0,4.4,319,12,20,1375,800.0,5047
6557,1.0,0.0,4.2,121,48,21,1152,1000.0,1345
6558,1.0,0.0,3.9,51,26,62,1652,200.0,4270
6559,1.0,0.0,3.9,134,81,20,1537,550.0,1524
6560,1.0,0.0,2.8,56,81,62,1617,400.0,4539
6561,1.0,0.0,4.2,392,26,13,401,500.0,2579
6562,1.0,0.0,3.5,62,12,62,266,400.0,5047
6563,0.0,0.0,3.8,149,15,12,1652,250.0,5047
6564,1.0,1.0,4.0,933,12,21,22,1000.0,2600
6565,1.0,1.0,4.2,854,12,20,1534,1400.0,5047
6566,1.0,0.0,4.0,868,48,62,1608,400.0,678
6567,1.0,0.0,3.9,205,8,20,1481,800.0,4577
6568,1.0,0.0,4.4,223,49,62,319,700.0,4473
6569,1.0,0.0,3.5,98,26,20,1209,600.0,2336
6570,1.0,0.0,4.1,183,48,30,767,550.0,520
6571,0.0,0.0,4.0,169,20,20,92,600.0,5047
6572,1.0,0.0,2.9,50,8,62,1589,350.0,3153
6573,1.0,0.0,4.1,1120,8,20,14,1500.0,4872
6574,1.0,1.0,4.3,3135,49,20,1416,1500.0,5047
6575,0.0,0.0,3.7,58,20,62,566,500.0,5047
6576,1.0,0.0,3.7,81,20,62,1571,200.0,3502
6577,1.0,0.0,3.6,91,26,20,1283,550.0,51
6578,1.0,0.0,4.4,68,48,62,789,300.0,208
6579,0.0,1.0,4.0,608,20,20,760,1100.0,5047
6580,1.0,1.0,4.4,218,76,20,1529,850.0,5047
6581,1.0,0.0,3.8,37,78,20,213,400.0,5047
6582,1.0,0.0,3.9,43,26,62,1547,150.0,1972
6583,0.0,0.0,3.9,221,20,20,604,850.0,5047
6584,1.0,0.0,3.7,161,15,20,604,700.0,5047
6585,1.0,0.0,3.8,59,14,69,853,300.0,3949
6586,1.0,0.0,4.2,858,78,20,1655,1800.0,5047
6587,0.0,0.0,3.7,32,14,20,1335,800.0,5047
6588,1.0,1.0,3.8,91,15,20,1429,1800.0,5047
6589,0.0,0.0,3.6,196,20,20,1156,600.0,5047
6590,1.0,1.0,4.1,297,66,20,914,1000.0,487
6591,1.0,0.0,3.7,279,8,20,1272,800.0,3438
6592,1.0,0.0,4.0,1207,8,8,663,2000.0,1484
6593,1.0,0.0,4.0,72,35,20,1088,400.0,5047
6594,1.0,0.0,4.2,34,15,30,787,300.0,5047
6595,1.0,0.0,3.4,50,12,20,1234,600.0,2047
6596,1.0,1.0,3.7,59,26,20,521,1500.0,4873
6597,1.0,0.0,3.8,137,26,21,1196,750.0,727
6598,1.0,1.0,2.2,406,49,20,1109,1000.0,4800
6599,0.0,0.0,4.0,580,20,60,723,1500.0,5047
6600,1.0,0.0,3.8,260,49,13,332,700.0,2578
6601,1.0,0.0,3.9,55,76,62,256,400.0,1217
6602,0.0,0.0,4.1,147,20,63,350,700.0,5047
6603,1.0,0.0,3.7,58,26,29,936,300.0,1711
6604,1.0,0.0,4.2,1208,26,13,451,600.0,2322
6605,1.0,0.0,4.1,153,81,13,455,300.0,408
6606,1.0,0.0,4.1,125,49,22,658,900.0,3687
6607,0.0,0.0,3.9,49,20,62,854,400.0,5047
6608,1.0,0.0,4.0,134,12,62,821,450.0,1507
6609,1.0,0.0,3.6,95,27,16,373,650.0,2270
6610,0.0,0.0,3.8,56,20,45,521,500.0,5047
6611,1.0,1.0,3.8,81,78,20,604,800.0,5047
6612,1.0,0.0,3.9,462,78,16,340,800.0,480
6613,1.0,1.0,4.3,226,49,5,122,2000.0,3274
6614,1.0,1.0,4.3,950,12,13,385,750.0,2255
6615,1.0,1.0,4.3,3485,48,61,646,1700.0,5047
6616,1.0,0.0,4.2,432,78,14,482,700.0,458
6617,1.0,1.0,4.0,378,15,20,1243,850.0,5047
6618,0.0,0.0,3.8,61,20,26,554,1000.0,5047
6619,1.0,0.0,3.8,72,8,13,343,650.0,4741
6620,1.0,0.0,2.1,254,26,29,1386,500.0,5047
6621,1.0,0.0,3.4,122,65,13,362,600.0,224
6622,0.0,0.0,2.7,52,20,20,1602,500.0,5047
6623,1.0,0.0,3.9,65,8,63,819,250.0,1114
6624,1.0,0.0,3.8,66,26,62,1571,200.0,1746
6625,1.0,0.0,4.0,68,12,30,767,250.0,2213
6626,0.0,0.0,4.2,142,20,0,175,500.0,5047
6627,1.0,0.0,3.9,371,49,70,1121,200.0,850
6628,1.0,0.0,4.1,252,20,1,177,350.0,4110
6629,0.0,0.0,4.3,241,20,0,181,100.0,5047
6630,1.0,1.0,3.8,298,26,20,1222,1200.0,2592
6631,1.0,0.0,3.9,431,20,20,1140,550.0,5047
6632,0.0,0.0,3.3,41,20,72,235,600.0,5047
6633,0.0,0.0,3.8,41,20,0,175,500.0,5047
6634,1.0,0.0,4.3,783,20,62,1156,300.0,5047
6635,1.0,0.0,3.8,362,20,13,383,700.0,448
6636,1.0,0.0,4.1,162,76,62,1451,300.0,5047
6637,1.0,0.0,4.2,93,8,62,1561,300.0,5047
6638,1.0,0.0,4.2,1876,26,13,383,800.0,2923
6639,0.0,0.0,3.8,263,26,72,518,700.0,5047
6640,0.0,0.0,2.5,90,26,62,235,300.0,5047
6641,0.0,0.0,3.6,104,8,13,404,800.0,5047
6642,0.0,0.0,3.9,53,14,72,181,1200.0,5047
6643,0.0,0.0,3.8,41,2,0,175,400.0,5047
6644,1.0,0.0,3.8,96,78,13,420,600.0,5047
6645,1.0,0.0,2.8,142,20,3,181,300.0,1620
6646,1.0,1.0,4.2,1347,26,20,1071,1700.0,5047
6647,1.0,0.0,3.7,110,74,20,1196,550.0,5047
6648,1.0,1.0,4.0,188,74,21,1361,1300.0,4510
6649,1.0,0.0,3.8,77,26,62,65,250.0,5047
6650,0.0,1.0,4.4,2266,81,20,21,1100.0,5047
6651,0.0,0.0,4.2,164,78,13,499,750.0,5047
6652,1.0,0.0,4.3,1133,27,13,438,800.0,2971
6653,0.0,0.0,4.0,47,78,13,461,750.0,5047
6654,0.0,0.0,4.1,407,14,20,1277,700.0,5047
6655,0.0,0.0,4.0,53,15,62,1112,400.0,5047
6656,0.0,0.0,3.7,61,15,62,868,200.0,5047
6657,0.0,1.0,3.9,158,15,20,1446,1100.0,5047
6658,0.0,0.0,4.1,399,74,62,1178,300.0,5047
6659,0.0,0.0,3.4,27,49,62,1371,300.0,5047
6660,1.0,0.0,3.8,51,2,41,1547,300.0,5047
6661,1.0,0.0,4.1,179,20,29,824,400.0,5047
6662,1.0,0.0,3.7,68,8,20,1587,500.0,3414
6663,1.0,0.0,4.0,128,35,62,118,600.0,5047
6664,1.0,1.0,3.8,198,49,20,982,1600.0,5047
6665,1.0,0.0,3.5,140,12,20,1156,600.0,3601
6666,0.0,0.0,4.1,211,20,3,188,200.0,5047
6667,0.0,0.0,4.3,346,20,0,188,150.0,5047
6668,0.0,0.0,4.1,219,20,30,956,400.0,5047
6669,0.0,0.0,4.0,102,20,62,1547,150.0,5047
6670,0.0,0.0,4.1,147,20,63,350,700.0,5047
6671,0.0,0.0,4.2,142,20,0,175,500.0,5047
6672,0.0,0.0,4.3,241,20,0,181,100.0,5047
6673,1.0,0.0,3.9,149,20,30,956,500.0,2814
6674,1.0,0.0,3.7,54,20,30,767,300.0,2298
6675,1.0,0.0,4.0,73,20,0,175,250.0,1624
6676,0.0,0.0,4.2,267,20,35,956,250.0,5047
6677,1.0,0.0,4.1,252,20,1,177,350.0,4110
6678,1.0,0.0,4.0,80,20,30,773,500.0,5025
6679,0.0,0.0,3.8,41,20,0,175,500.0,5047
6680,1.0,0.0,2.8,142,20,3,181,300.0,1620
6681,0.0,0.0,3.6,223,14,62,1640,300.0,5047
6682,1.0,0.0,4.0,78,14,64,864,350.0,4198
6683,1.0,0.0,3.8,59,14,69,853,300.0,3949
6684,1.0,0.0,3.9,54,14,11,778,400.0,2860
6685,1.0,0.0,3.9,73,74,32,214,150.0,4307
6686,1.0,1.0,4.7,4678,15,59,1458,1300.0,2764
6687,1.0,0.0,4.8,392,81,30,767,400.0,5047
6688,1.0,0.0,4.3,654,15,17,427,750.0,3422
6689,1.0,0.0,4.3,570,78,13,407,700.0,4894
6690,1.0,0.0,4.2,432,78,14,482,700.0,458
6691,0.0,0.0,4.0,98,78,30,175,400.0,5047
6692,1.0,0.0,4.2,255,81,13,401,500.0,3947
6693,0.0,0.0,3.8,41,2,0,175,400.0,5047
6694,1.0,0.0,3.8,31,2,41,773,300.0,509
6695,1.0,0.0,4.2,34,15,30,787,300.0,5047
6696,0.0,0.0,3.4,27,49,62,1371,300.0,5047
6697,0.0,1.0,4.3,267,20,20,1133,700.0,5047
6698,0.0,0.0,3.9,135,20,20,286,600.0,5047
6699,1.0,1.0,4.4,2867,20,20,109,750.0,5047
6700,1.0,0.0,4.1,1447,20,20,111,800.0,2652
6701,1.0,0.0,4.1,69,20,20,1156,700.0,2807
6702,1.0,0.0,4.3,1380,20,20,1088,700.0,3998
6703,1.0,0.0,3.9,851,20,20,1145,700.0,735
6704,1.0,0.0,3.9,443,20,20,296,600.0,3303
6705,0.0,0.0,3.9,62,20,13,392,1100.0,5047
6706,1.0,0.0,3.9,431,20,20,1140,550.0,5047
6707,0.0,0.0,4.0,169,20,20,92,600.0,5047
6708,0.0,1.0,4.0,608,20,20,760,1100.0,5047
6709,0.0,0.0,4.0,580,20,60,723,1500.0,5047
6710,1.0,0.0,3.9,194,20,20,610,800.0,1480
6711,0.0,0.0,3.9,221,20,20,604,850.0,5047
6712,1.0,0.0,3.9,255,20,20,1097,700.0,2184
6713,0.0,0.0,3.6,196,20,20,1156,600.0,5047
6714,1.0,0.0,4.1,1864,20,20,1402,750.0,5047
6715,1.0,0.0,4.0,105,20,20,1260,500.0,5047
6716,1.0,0.0,3.9,119,20,20,673,1000.0,5047
6717,1.0,0.0,3.8,229,20,20,1196,500.0,5047
6718,1.0,0.0,3.9,306,20,20,609,500.0,5047
6719,1.0,0.0,3.9,450,20,20,104,700.0,5047
6720,1.0,0.0,3.8,362,20,13,383,700.0,5047
6721,1.0,0.0,3.6,54,20,20,611,600.0,5047
6722,1.0,0.0,3.5,126,20,20,558,700.0,1976
6723,0.0,0.0,3.8,61,20,26,554,1000.0,5047
6724,1.0,0.0,3.5,62,20,62,1002,300.0,3466
6725,0.0,0.0,2.7,52,20,20,1602,500.0,5047
6726,0.0,0.0,3.7,40,20,20,1589,1000.0,5047
6727,1.0,0.0,3.3,302,20,20,1474,750.0,2342
6728,0.0,0.0,2.9,45,20,13,383,600.0,5047
6729,1.0,0.0,3.1,112,20,20,521,1000.0,1156
6730,0.0,0.0,4.1,211,20,3,188,200.0,5047
6731,1.0,0.0,4.3,783,20,62,1156,300.0,5047
6732,0.0,0.0,3.7,58,20,62,566,500.0,5047
6733,1.0,0.0,3.7,75,20,62,1156,300.0,73
6734,1.0,0.0,3.9,169,20,62,1399,600.0,5047
6735,1.0,0.0,3.9,132,20,62,119,400.0,483
6736,1.0,0.0,3.7,288,20,62,1474,400.0,3144
6737,0.0,0.0,4.0,102,20,62,1547,150.0,5047
6738,0.0,0.0,4.1,147,20,63,350,700.0,5047
6739,0.0,0.0,3.9,49,20,62,854,400.0,5047
6740,1.0,0.0,3.3,263,20,62,322,400.0,673
6741,1.0,0.0,3.7,81,20,62,1571,200.0,3502
6742,1.0,0.0,3.8,89,20,62,868,250.0,4680
6743,0.0,0.0,4.1,38,20,62,1190,500.0,5047
6744,1.0,0.0,2.8,142,20,3,181,300.0,5047
6745,0.0,0.0,3.6,74,20,62,1507,600.0,5047
6746,0.0,0.0,4.1,530,14,20,576,500.0,5047
6747,0.0,0.0,3.9,161,74,20,1196,500.0,5047
6748,1.0,1.0,4.0,188,74,21,1361,1300.0,4510
6749,1.0,0.0,4.2,175,14,20,1151,800.0,4924
6750,1.0,0.0,4.0,108,74,20,1258,550.0,5047
6751,1.0,0.0,3.7,110,74,20,1196,550.0,5047
6752,0.0,0.0,3.6,60,74,20,1423,450.0,5047
6753,1.0,0.0,2.9,238,74,20,1216,800.0,4332
6754,0.0,0.0,2.5,433,14,20,602,650.0,5047
6755,0.0,0.0,4.1,407,14,20,1277,700.0,5047
6756,1.0,0.0,3.8,59,14,69,853,300.0,5047
6757,1.0,0.0,2.8,296,14,20,235,600.0,4121
6758,0.0,0.0,3.7,32,14,20,1335,800.0,5047
6759,0.0,0.0,3.6,223,14,62,1640,300.0,5047
6760,0.0,0.0,3.9,75,14,62,1547,150.0,5047
6761,1.0,0.0,3.9,645,14,62,323,600.0,3353
6762,1.0,0.0,4.0,78,14,64,864,350.0,4198
6763,0.0,0.0,3.0,33,14,62,1563,400.0,5047
6764,1.0,0.0,2.7,92,14,62,322,500.0,5047
6765,0.0,0.0,4.1,399,74,62,1178,300.0,5047
6766,0.0,0.0,3.8,38,14,62,531,300.0,5047
6767,1.0,1.0,4.7,4678,15,59,1458,1300.0,5047
6768,0.0,1.0,4.3,153,78,37,18,2800.0,5047
6769,1.0,1.0,4.3,2671,49,13,406,1200.0,5047
6770,0.0,1.0,4.1,2047,27,20,1375,1600.0,5047
6771,0.0,1.0,4.2,170,12,20,1580,1000.0,5047
6772,0.0,1.0,4.3,597,27,21,149,2500.0,5047
6773,0.0,1.0,4.2,141,78,37,988,2500.0,5047
6774,0.0,1.0,4.4,2266,81,20,21,1100.0,5047
6775,1.0,1.0,4.1,617,15,20,47,1100.0,5047
6776,0.0,1.0,4.2,1428,78,57,898,1300.0,5047
6777,1.0,1.0,4.5,1623,15,20,1008,1300.0,5047
6778,1.0,0.0,3.9,117,78,20,513,600.0,5047
6779,1.0,1.0,4.2,982,78,21,913,1000.0,5047
6780,1.0,0.0,4.0,1098,78,20,1050,1300.0,5047
6781,1.0,0.0,4.3,654,15,17,427,750.0,5047
6782,0.0,1.0,4.5,550,78,20,1082,1800.0,5047
6783,0.0,0.0,4.2,164,78,13,499,750.0,5047
6784,1.0,0.0,4.3,570,78,13,407,700.0,5047
6785,1.0,0.0,4.2,858,78,20,1655,1800.0,5047
6786,0.0,1.0,4.1,80,78,37,1015,3000.0,5047
6787,0.0,1.0,4.0,324,15,46,1397,1300.0,5047
6788,1.0,1.0,4.2,475,15,20,1272,1700.0,5047
6789,1.0,0.0,4.1,153,81,13,455,300.0,5047
6790,1.0,0.0,4.1,391,15,20,544,600.0,5047
6791,1.0,1.0,4.1,765,78,21,29,1200.0,5047
6792,1.0,1.0,4.3,860,15,22,659,1000.0,5047
6793,1.0,0.0,4.2,740,15,13,406,750.0,5047
6794,1.0,0.0,4.3,148,78,20,294,650.0,5047
6795,1.0,0.0,4.3,904,78,20,1013,2000.0,5047
6796,0.0,1.0,3.9,49,78,37,1156,3000.0,5047
6797,1.0,1.0,4.3,226,49,5,122,2000.0,5047
6798,1.0,0.0,4.0,176,78,20,266,750.0,5047
6799,1.0,0.0,3.9,462,78,16,340,800.0,5047
6800,1.0,1.0,4.1,1852,78,13,459,650.0,5047
6801,1.0,0.0,4.3,1133,27,13,438,800.0,5047
6802,0.0,0.0,3.9,183,78,20,1320,2200.0,5047
6803,1.0,0.0,3.6,95,27,16,373,650.0,5047
6804,1.0,1.0,4.0,378,15,20,1243,850.0,5047
6805,1.0,0.0,3.7,66,78,13,483,800.0,5047
6806,1.0,0.0,4.2,432,78,14,482,700.0,5047
6807,1.0,0.0,3.7,161,15,20,604,700.0,5047
6808,0.0,0.0,4.2,115,78,22,1074,1000.0,5047
6809,0.0,0.0,2.7,402,49,57,1196,1000.0,5047
6810,1.0,0.0,3.3,200,15,20,521,700.0,5047
6811,1.0,0.0,4.1,402,15,20,1378,750.0,5047
6812,1.0,1.0,3.8,91,15,20,1429,1800.0,5047
6813,1.0,0.0,3.4,63,2,20,1197,500.0,5047
6814,1.0,0.0,3.8,207,15,20,1597,400.0,5047
6815,1.0,0.0,3.9,87,78,20,1242,500.0,5047
6816,1.0,1.0,3.8,198,49,20,982,1600.0,5047
6817,1.0,0.0,4.2,255,81,13,401,500.0,5047
6818,1.0,0.0,3.9,104,78,62,1156,150.0,5047
6819,1.0,0.0,3.5,86,60,20,565,500.0,5047
6820,0.0,0.0,4.0,107,15,62,1080,400.0,5047
6821,0.0,0.0,4.0,62,78,46,878,1500.0,5047
6822,1.0,0.0,3.6,42,78,20,1599,400.0,5047
6823,1.0,0.0,4.1,205,78,62,1594,250.0,5047
6824,1.0,0.0,4.2,382,78,13,1478,500.0,5047
6825,1.0,0.0,3.9,134,81,20,1537,550.0,5047
6826,1.0,1.0,3.8,81,78,20,604,800.0,5047
6827,0.0,1.0,3.9,315,49,13,404,800.0,5047
6828,1.0,0.0,3.8,37,78,20,213,400.0,5047
6829,1.0,0.0,3.8,51,2,41,1547,300.0,5047
6830,0.0,0.0,4.0,53,15,62,1112,400.0,5047
6831,0.0,0.0,4.0,44,81,13,487,1100.0,5047
6832,1.0,0.0,3.8,96,78,13,420,600.0,5047
6833,0.0,0.0,3.7,61,15,62,868,200.0,5047
6834,0.0,0.0,3.9,61,2,13,436,450.0,5047
6835,0.0,1.0,3.9,158,15,20,1446,1100.0,5047
6836,0.0,0.0,3.8,149,15,12,1652,250.0,5047
6837,1.0,0.0,3.2,46,78,62,1156,300.0,5047
6838,0.0,0.0,3.9,119,27,21,1537,800.0,5047
6839,1.0,0.0,2.8,40,2,41,1670,400.0,5047
6840,1.0,0.0,2.8,56,81,62,1617,400.0,5047
6841,0.0,0.0,4.0,580,20,60,723,1500.0,5047
6842,1.0,1.0,4.7,4678,15,59,1458,1300.0,5047
6843,0.0,1.0,4.3,597,27,21,149,2500.0,5047
6844,0.0,1.0,4.2,1428,78,57,898,1300.0,5047
6845,0.0,1.0,4.0,324,15,46,1397,1300.0,5047
6846,0.0,0.0,2.7,402,49,57,1196,1000.0,5047
6847,0.0,0.0,4.0,62,78,46,878,1500.0,5047
6848,0.0,0.0,4.0,580,20,60,723,1500.0,5047
6849,0.0,0.0,3.8,61,20,26,554,1000.0,5047
6850,1.0,1.0,4.0,188,74,21,1361,1300.0,5047
6851,1.0,1.0,4.7,4678,15,59,1458,1300.0,5047
6852,0.0,1.0,4.3,597,27,21,149,2500.0,5047
6853,0.0,1.0,4.2,1428,78,57,898,1300.0,5047
6854,1.0,1.0,4.2,982,78,21,913,1000.0,5047
6855,1.0,1.0,4.1,765,78,21,29,1200.0,5047
6856,1.0,1.0,4.3,226,49,5,122,2000.0,5047
6857,0.0,0.0,2.7,402,49,57,1196,1000.0,5047
6858,1.0,1.0,4.4,4108,71,21,1527,1400.0,5047
6859,1.0,1.0,4.2,1873,22,49,889,1500.0,4454
6860,1.0,1.0,4.2,1148,22,20,1018,1800.0,435
6861,1.0,1.0,4.4,3764,22,22,1468,600.0,198
6862,1.0,0.0,4.5,188,22,20,1076,1200.0,4020
6863,1.0,0.0,4.3,790,22,20,168,1000.0,5047
6864,1.0,0.0,3.7,829,22,20,1079,850.0,5047
6865,1.0,0.0,3.9,3831,22,20,1402,750.0,5047
6866,1.0,0.0,3.3,292,22,20,208,600.0,2203
6867,1.0,1.0,3.9,224,22,20,1285,800.0,2456
6868,0.0,0.0,3.9,371,22,20,1587,400.0,5047
6869,0.0,1.0,4.4,366,40,18,334,1000.0,5047
6870,0.0,1.0,4.7,3614,38,20,1325,1600.0,5047
6871,0.0,1.0,4.6,174,71,5,910,1500.0,5047
6872,1.0,1.0,4.3,715,71,20,1002,1500.0,5047
6873,1.0,1.0,3.2,426,19,20,1226,900.0,5047
6874,0.0,1.0,3.0,74,7,20,137,1200.0,5047
6875,0.0,0.0,3.7,51,7,4,895,1500.0,5047
6876,0.0,1.0,3.9,52,71,46,766,1900.0,5047
6877,1.0,0.0,4.4,788,22,13,375,700.0,5047
6878,1.0,1.0,4.2,859,22,16,510,800.0,5047
6879,1.0,1.0,4.4,3764,22,22,1468,600.0,198
6880,0.0,0.0,4.6,1580,22,13,336,750.0,5047
6881,1.0,1.0,4.0,82,22,17,431,500.0,5047
6882,1.0,0.0,4.3,1101,22,13,419,700.0,5047
6883,0.0,0.0,4.3,112,22,22,159,800.0,5047
6884,1.0,1.0,4.1,733,22,13,405,1200.0,5047
6885,1.0,0.0,4.2,140,22,13,383,800.0,5047
6886,1.0,1.0,4.1,720,22,13,418,950.0,4026
6887,1.0,0.0,4.0,128,22,13,459,650.0,5047
6888,1.0,0.0,4.1,439,22,13,394,750.0,4748
6889,1.0,0.0,4.0,77,22,13,359,300.0,1950
6890,1.0,0.0,4.1,564,22,13,348,600.0,1087
6891,1.0,1.0,3.8,499,22,16,391,700.0,5047
6892,1.0,1.0,4.0,803,22,13,462,700.0,5047
6893,1.0,0.0,3.9,205,22,14,356,600.0,5047
6894,1.0,0.0,3.9,44,22,13,432,300.0,1643
6895,1.0,0.0,3.6,484,22,16,476,700.0,5047
6896,1.0,0.0,3.8,204,22,1,657,600.0,5047
6897,1.0,1.0,3.9,202,22,13,492,500.0,5047
6898,0.0,0.0,2.6,49,22,13,436,450.0,5047
6899,1.0,0.0,3.1,101,22,13,466,650.0,5047
6900,1.0,1.0,4.0,390,22,16,421,1300.0,5047
6901,0.0,0.0,3.9,56,22,13,503,350.0,5047
6902,0.0,0.0,2.5,113,22,13,332,550.0,5047
6903,1.0,0.0,3.7,59,22,13,443,600.0,5047
6904,0.0,0.0,3.8,63,22,13,468,1000.0,5047
6905,1.0,0.0,3.9,92,22,12,1652,250.0,5047
6906,0.0,0.0,3.7,85,22,13,458,500.0,5047
6907,1.0,1.0,4.1,1847,38,13,343,600.0,5047
6908,1.0,1.0,4.4,190,40,13,332,1000.0,5047
6909,1.0,0.0,3.7,455,22,72,1196,400.0,2449
6910,1.0,0.0,4.1,723,43,29,1477,700.0,3119
6911,1.0,0.0,4.1,373,38,72,1181,500.0,1882
6912,1.0,0.0,3.9,184,22,20,568,600.0,3566
6913,1.0,0.0,3.7,503,38,29,1423,500.0,3929
6914,1.0,0.0,3.7,46,71,29,282,600.0,5047
6915,1.0,0.0,4.1,209,41,62,749,400.0,3088
6916,1.0,0.0,4.0,195,43,29,1657,500.0,4736
6917,1.0,0.0,3.0,238,26,29,1465,500.0,899
6918,1.0,0.0,4.1,292,43,62,328,600.0,1813
6919,1.0,0.0,4.0,353,71,29,1209,500.0,2249
6920,1.0,0.0,3.5,435,38,29,1429,500.0,1803
6921,1.0,0.0,3.9,227,38,29,1429,450.0,3664
6922,1.0,0.0,3.9,95,38,62,1327,350.0,3539
6923,1.0,0.0,4.5,1181,0,29,930,500.0,5047
6924,1.0,0.0,3.7,173,22,72,257,400.0,3334
6925,1.0,0.0,4.0,57,22,72,1518,250.0,4538
6926,1.0,0.0,4.0,317,22,12,1652,250.0,5047
6927,1.0,0.0,4.0,88,22,72,1056,400.0,2109
6928,1.0,1.0,3.4,410,22,20,1375,750.0,2045
6929,1.0,0.0,4.0,987,22,20,238,800.0,2873
6930,1.0,0.0,4.0,99,22,29,235,650.0,5047
6931,1.0,0.0,4.0,371,19,29,821,450.0,4659
6932,1.0,0.0,4.5,143,22,30,773,400.0,445
6933,1.0,0.0,3.9,125,22,20,301,600.0,4605
6934,1.0,0.0,2.3,298,7,62,286,450.0,1180
6935,1.0,0.0,4.1,397,22,30,956,450.0,613
6936,1.0,0.0,4.6,118,38,30,773,300.0,319
6937,1.0,0.0,4.0,67,38,29,1190,500.0,1621
6938,1.0,0.0,3.8,510,22,62,322,500.0,5047
6939,1.0,0.0,3.9,230,22,30,789,500.0,1631
6940,1.0,0.0,3.9,46,22,30,211,400.0,1692
6941,1.0,1.0,3.8,189,71,20,98,800.0,5047
6942,1.0,0.0,3.3,910,38,62,1177,250.0,5047
6943,1.0,0.0,3.8,376,6,29,1156,600.0,3669
6944,1.0,0.0,4.0,188,38,29,171,300.0,2508
6945,1.0,0.0,4.2,460,22,72,1392,500.0,1892
6946,1.0,1.0,4.4,3764,22,22,1468,600.0,5047
6947,1.0,0.0,4.1,439,22,13,394,750.0,4748
6948,1.0,0.0,2.7,332,71,62,1474,400.0,3137
6949,1.0,0.0,3.9,231,38,29,1106,400.0,1708
6950,1.0,0.0,3.6,133,22,72,285,300.0,5047
6951,1.0,0.0,3.8,77,22,13,436,650.0,790
6952,1.0,0.0,3.6,218,22,62,252,400.0,5047
6953,1.0,0.0,3.7,57,22,72,1156,400.0,5047
6954,1.0,0.0,4.2,214,6,30,959,400.0,5047
6955,1.0,1.0,4.1,671,40,20,605,900.0,5047
6956,1.0,0.0,3.1,247,22,72,273,200.0,1849
6957,1.0,0.0,4.4,568,22,29,1184,400.0,5047
6958,1.0,0.0,3.9,307,38,29,1156,450.0,5047
6959,1.0,0.0,4.2,217,22,29,1465,600.0,4169
6960,0.0,1.0,4.0,1551,22,20,1156,750.0,5047
6961,1.0,0.0,3.6,176,22,29,259,400.0,5047
6962,0.0,0.0,4.0,917,22,20,1156,800.0,5047
6963,0.0,0.0,4.0,1829,22,20,1156,800.0,5047
6964,0.0,1.0,3.8,320,22,20,948,800.0,5047
6965,0.0,0.0,4.0,649,22,20,754,750.0,5047
6966,0.0,0.0,4.1,110,22,62,1112,400.0,5047
6967,1.0,0.0,4.3,278,22,62,1547,150.0,5047
6968,1.0,0.0,4.0,988,22,20,1156,500.0,5047
6969,1.0,0.0,4.1,352,22,62,323,600.0,5047
6970,0.0,0.0,3.9,338,22,20,1196,500.0,5047
6971,0.0,0.0,4.5,194,22,30,956,200.0,5047
6972,1.0,0.0,4.0,200,22,29,1465,750.0,5047
6973,1.0,0.0,4.1,564,22,13,348,600.0,5047
6974,1.0,0.0,4.1,498,41,62,1003,600.0,5047
6975,0.0,0.0,3.6,289,22,20,43,500.0,5047
6976,1.0,0.0,3.7,439,22,72,282,550.0,5047
6977,0.0,0.0,4.0,60,22,62,96,400.0,5047
6978,1.0,0.0,3.8,170,22,62,591,400.0,5047
6979,0.0,0.0,4.1,104,22,30,769,300.0,5047
6980,1.0,0.0,3.9,117,22,20,303,900.0,5047
6981,0.0,0.0,3.7,446,22,62,1597,400.0,5047
6982,0.0,0.0,3.7,532,22,20,1597,250.0,5047
6983,1.0,0.0,3.9,330,38,20,604,600.0,5047
6984,0.0,0.0,2.9,304,22,20,517,650.0,5047
6985,0.0,0.0,3.6,217,22,62,868,300.0,5047
6986,0.0,0.0,3.6,95,22,20,64,800.0,5047
6987,1.0,0.0,3.9,113,22,62,323,600.0,1085
6988,1.0,1.0,4.3,342,41,62,790,450.0,4036
6989,0.0,0.0,3.5,40,22,62,1002,700.0,5047
6990,0.0,0.0,2.6,91,22,62,1547,200.0,5047
6991,1.0,0.0,3.9,296,41,72,1156,400.0,5047
6992,1.0,0.0,4.1,314,38,72,933,650.0,5047
6993,1.0,0.0,3.9,44,22,13,432,300.0,5047
6994,0.0,0.0,2.6,56,22,29,293,500.0,5047
6995,0.0,0.0,3.9,56,22,13,503,350.0,5047
6996,1.0,0.0,4.2,581,22,20,1300,550.0,5047
6997,1.0,0.0,4.0,77,22,13,359,300.0,1951
6998,0.0,0.0,3.6,51,22,72,1121,150.0,5047
6999,0.0,0.0,3.9,152,22,72,1588,400.0,5047
7000,0.0,0.0,3.7,41,22,62,42,500.0,5047
7001,1.0,0.0,4.0,176,22,62,1644,100.0,5047
7002,0.0,0.0,3.9,89,22,62,866,300.0,5047
7003,0.0,0.0,2.8,114,22,62,282,500.0,5047
7004,0.0,0.0,3.9,30,75,44,1664,400.0,5047
7005,1.0,0.0,4.0,153,22,0,181,500.0,5047
7006,0.0,0.0,3.5,136,22,20,1196,600.0,5047
7007,1.0,0.0,3.8,109,71,71,1547,200.0,5047
7008,1.0,0.0,3.5,147,22,29,235,350.0,5047
7009,1.0,0.0,3.9,582,37,29,923,450.0,5047
7010,0.0,0.0,2.8,227,22,62,266,500.0,5047
7011,1.0,0.0,3.9,459,22,62,262,600.0,5047
7012,1.0,0.0,3.3,292,22,20,208,600.0,5047
7013,1.0,0.0,3.8,834,71,29,271,650.0,5047
7014,1.0,0.0,3.9,148,22,69,1121,200.0,5047
7015,1.0,0.0,4.3,287,41,29,1156,400.0,5047
7016,0.0,0.0,3.7,68,22,64,217,400.0,5047
7017,1.0,0.0,3.6,621,22,62,322,400.0,5047
7018,1.0,0.0,3.9,783,22,62,1196,300.0,5047
7019,1.0,0.0,4.0,897,6,20,266,750.0,340
7020,1.0,1.0,4.2,859,22,16,510,800.0,5047
7021,1.0,0.0,4.1,119,22,62,1578,200.0,5047
7022,1.0,0.0,3.9,78,22,62,84,300.0,5047
7023,1.0,1.0,4.1,1339,22,20,1375,800.0,2973
7024,1.0,0.0,3.9,75,6,2,181,500.0,5047
7025,1.0,1.0,4.4,1401,71,54,894,1500.0,5047
7026,1.0,1.0,4.2,7221,71,56,705,1400.0,5047
7027,1.0,0.0,3.8,347,22,62,1156,300.0,5047
7028,1.0,0.0,4.3,561,71,33,955,500.0,2852
7029,1.0,0.0,3.9,60,22,62,1336,400.0,5047
7030,1.0,0.0,3.9,372,6,20,280,550.0,5047
7031,1.0,0.0,3.1,570,22,62,1641,300.0,5047
7032,1.0,0.0,3.1,266,22,20,517,550.0,5047
7033,1.0,1.0,4.4,4108,71,21,1527,1400.0,5047
7034,1.0,0.0,3.8,241,6,62,1597,200.0,5047
7035,1.0,0.0,4.0,434,22,20,1258,600.0,5047
7036,1.0,0.0,3.9,100,22,30,956,450.0,5047
7037,1.0,0.0,4.1,248,71,20,615,800.0,5047
7038,1.0,0.0,3.9,181,22,29,609,600.0,5047
7039,1.0,0.0,3.9,121,38,62,1209,400.0,5047
7040,1.0,1.0,4.5,125,71,20,1081,700.0,5047
7041,1.0,0.0,4.0,154,6,69,1121,400.0,5047
7042,1.0,0.0,3.9,340,22,62,1582,400.0,5047
7043,1.0,0.0,4.2,807,6,26,800,1700.0,5047
7044,0.0,1.0,4.5,1506,71,57,707,1900.0,5047
7045,1.0,0.0,4.3,492,6,2,185,500.0,5047
7046,1.0,0.0,3.8,77,22,62,1460,350.0,5047
7047,1.0,0.0,4.3,324,22,30,956,180.0,5047
7048,1.0,0.0,4.1,61,22,45,817,200.0,5047
7049,1.0,1.0,4.4,2389,41,20,1083,1000.0,5047
7050,1.0,1.0,4.0,1510,40,13,383,900.0,5047
7051,1.0,0.0,3.8,83,22,62,578,400.0,5047
7052,1.0,0.0,4.4,280,71,29,1340,400.0,5047
7053,1.0,0.0,4.5,206,22,30,956,400.0,5047
7054,1.0,0.0,3.9,467,0,20,112,550.0,5047
7055,1.0,0.0,4.1,841,22,62,1595,300.0,5047
7056,1.0,0.0,3.9,668,22,20,292,800.0,5047
7057,1.0,0.0,3.9,106,22,62,1547,150.0,5047
7058,1.0,0.0,3.6,44,71,13,417,600.0,5047
7059,1.0,0.0,3.7,434,41,62,1423,400.0,5047
7060,1.0,0.0,4.1,778,38,13,383,700.0,5047
7061,1.0,1.0,4.4,893,71,20,1065,1400.0,5047
7062,1.0,0.0,3.2,61,71,62,1327,250.0,5047
7063,1.0,0.0,3.8,44,71,62,962,200.0,5047
7064,1.0,0.0,4.3,189,41,0,181,400.0,5047
7065,1.0,0.0,3.8,331,22,62,1156,350.0,5047
7066,1.0,0.0,4.0,754,24,62,1156,250.0,5047
7067,1.0,1.0,4.1,326,71,26,3,1200.0,5047
7068,1.0,0.0,2.6,156,71,20,1354,700.0,5047
7069,1.0,1.0,4.1,3030,6,20,1398,1000.0,5047
7070,1.0,0.0,3.8,174,22,62,1475,400.0,5047
7071,1.0,0.0,4.0,128,22,13,459,650.0,5047
7072,1.0,0.0,3.8,140,22,30,789,500.0,5047
7073,1.0,1.0,4.0,82,22,17,431,500.0,5047
7074,1.0,0.0,4.3,790,22,20,168,1000.0,5047
7075,1.0,0.0,3.9,50,22,62,197,450.0,5047
7076,1.0,0.0,4.0,60,6,9,217,600.0,5047
7077,1.0,0.0,3.0,111,6,62,1501,400.0,5047
7078,1.0,1.0,4.0,344,6,13,374,1000.0,5047
7079,1.0,0.0,4.2,140,22,13,383,800.0,5047
7080,1.0,1.0,3.8,1166,22,20,1057,600.0,5047
7081,1.0,1.0,3.9,601,22,20,1092,1000.0,5047
7082,1.0,0.0,4.0,572,38,20,208,600.0,5047
7083,1.0,0.0,3.7,95,38,62,1156,150.0,5047
7084,1.0,0.0,4.1,57,38,12,1023,200.0,5047
7085,1.0,0.0,3.7,59,22,13,443,600.0,5047
7086,1.0,0.0,3.6,121,22,20,1558,550.0,5047
7087,1.0,0.0,3.7,93,22,0,181,350.0,5047
7088,1.0,0.0,3.6,51,6,29,42,400.0,5047
7089,0.0,0.0,4.0,65,38,62,565,350.0,5047
7090,1.0,0.0,3.8,273,7,20,70,550.0,5047
7091,1.0,0.0,3.9,226,38,72,1196,250.0,5047
7092,1.0,0.0,4.0,326,22,29,1637,200.0,5047
7093,1.0,0.0,4.2,70,22,62,1467,400.0,5047
7094,1.0,0.0,3.8,258,22,20,1553,550.0,5047
7095,1.0,0.0,3.2,204,71,20,1185,500.0,5047
7096,1.0,0.0,4.1,671,22,62,1002,450.0,5047
7097,1.0,1.0,3.9,880,22,20,1156,1000.0,5047
7098,1.0,0.0,3.3,213,71,20,1197,600.0,5047
7099,1.0,0.0,3.6,82,38,62,1505,400.0,5047
7100,1.0,0.0,3.7,76,22,20,565,700.0,5047
7101,1.0,1.0,4.0,558,22,20,1375,1000.0,5047
7102,1.0,0.0,4.2,162,22,62,235,300.0,5047
7103,1.0,0.0,3.8,231,38,13,394,600.0,5047
7104,1.0,0.0,2.8,261,22,20,1040,700.0,5047
7105,1.0,0.0,3.9,450,22,20,1209,550.0,5047
7106,1.0,0.0,3.8,82,71,0,181,300.0,5047
7107,1.0,0.0,3.6,59,22,29,1339,300.0,5047
7108,1.0,1.0,3.9,224,22,20,1285,800.0,5047
7109,1.0,0.0,4.0,157,22,0,181,300.0,5047
7110,1.0,1.0,3.9,533,22,20,76,900.0,5047
7111,1.0,0.0,4.1,270,38,62,132,500.0,5047
7112,1.0,0.0,4.5,2068,22,20,1626,1200.0,5047
7113,1.0,0.0,3.7,160,71,20,1033,500.0,5047
7114,1.0,0.0,3.1,452,22,62,1474,750.0,5047
7115,1.0,0.0,3.7,83,22,62,265,350.0,5047
7116,1.0,1.0,4.4,2206,6,5,1227,1400.0,5047
7117,1.0,1.0,4.2,767,41,20,1272,1700.0,5047
7118,1.0,0.0,3.8,135,71,20,1589,400.0,5047
7119,1.0,0.0,3.9,163,22,62,1597,300.0,5047
7120,1.0,1.0,4.0,402,22,20,1555,800.0,5047
7121,1.0,0.0,3.4,301,22,72,287,400.0,5047
7122,1.0,1.0,4.1,720,22,13,418,950.0,5047
7123,1.0,0.0,3.9,356,22,20,1267,450.0,5047
7124,1.0,0.0,3.6,96,38,62,1039,300.0,5047
7125,1.0,1.0,4.1,1059,22,21,992,1200.0,5047
7126,1.0,1.0,3.9,392,6,4,282,1500.0,5047
7127,1.0,0.0,3.6,95,38,62,1335,300.0,5047
7128,1.0,0.0,4.2,425,38,62,266,250.0,5047
7129,1.0,0.0,3.1,82,22,62,1156,200.0,5047
7130,1.0,0.0,3.6,484,22,16,476,700.0,5047
7131,1.0,0.0,4.3,895,71,13,464,600.0,5047
7132,1.0,0.0,3.3,84,6,62,1628,200.0,5047
7133,1.0,0.0,3.5,117,22,20,58,600.0,5047
7134,1.0,0.0,3.8,240,7,20,42,800.0,5047
7135,1.0,0.0,4.0,533,6,62,1196,300.0,5047
7136,1.0,0.0,4.2,166,41,13,427,700.0,5047
7137,1.0,1.0,3.9,46,22,62,1631,300.0,5047
7138,1.0,1.0,3.9,161,22,24,1296,900.0,5047
7139,1.0,0.0,3.9,400,22,20,604,850.0,5047
7140,1.0,0.0,4.0,768,22,62,1247,500.0,5047
7141,1.0,1.0,4.1,252,41,20,1149,750.0,5047
7142,1.0,0.0,4.1,131,22,20,1156,650.0,5047
7143,1.0,0.0,2.9,89,6,62,873,350.0,5047
7144,1.0,0.0,3.7,141,22,20,54,500.0,5047
7145,1.0,0.0,4.0,164,22,62,86,500.0,5047
7146,1.0,0.0,3.8,81,6,62,1156,300.0,5047
7147,1.0,0.0,3.8,178,38,20,1335,800.0,5047
7148,1.0,0.0,3.7,69,0,29,83,400.0,5047
7149,1.0,0.0,3.2,51,22,29,1196,600.0,5047
7150,1.0,0.0,3.9,236,22,62,1381,400.0,5047
7151,1.0,0.0,3.0,137,75,71,1341,650.0,5047
7152,1.0,0.0,4.0,92,22,30,949,100.0,5047
7153,1.0,0.0,3.7,86,22,20,609,500.0,5047
7154,1.0,0.0,2.9,827,71,20,113,800.0,5047
7155,1.0,0.0,3.8,59,22,62,1547,200.0,5047
7156,1.0,1.0,4.2,1148,22,20,1018,1800.0,5047
7157,1.0,0.0,3.7,62,22,62,64,500.0,5047
7158,1.0,0.0,2.7,140,22,62,1156,250.0,5047
7159,1.0,1.0,4.3,715,71,20,1002,1500.0,5047
7160,1.0,0.0,4.0,57,6,30,956,300.0,5047
7161,1.0,0.0,3.2,135,71,62,258,400.0,5047
7162,1.0,0.0,3.6,144,22,62,1547,150.0,5047
7163,1.0,0.0,3.9,92,22,12,1652,250.0,5047
7164,1.0,0.0,3.6,65,7,20,591,400.0,5047
7165,1.0,0.0,3.7,53,41,13,473,450.0,5047
7166,1.0,0.0,4.3,169,41,30,773,450.0,5047
7167,1.0,0.0,2.3,235,6,20,1156,800.0,5047
7168,1.0,0.0,3.9,432,71,29,1181,450.0,5047
7169,1.0,1.0,3.5,59,22,20,1279,700.0,5047
7170,1.0,0.0,3.8,88,22,20,638,600.0,5047
7171,1.0,0.0,3.1,101,22,13,466,650.0,5047
7172,1.0,0.0,3.7,90,22,0,181,400.0,5047
7173,1.0,0.0,3.7,182,6,62,1445,400.0,5047
7174,1.0,0.0,3.1,35,22,72,1156,300.0,5047
7175,1.0,0.0,3.8,34,22,63,186,350.0,5047
7176,1.0,0.0,3.8,80,22,62,1465,800.0,5047
7177,1.0,1.0,3.9,202,22,13,492,500.0,5047
7178,1.0,0.0,3.9,88,22,62,817,250.0,5047
7179,1.0,0.0,3.8,212,22,29,38,600.0,5047
7180,1.0,0.0,4.0,120,22,12,217,400.0,5047
7181,1.0,1.0,4.0,127,22,20,1390,900.0,5047
7182,1.0,0.0,3.2,68,22,20,1619,400.0,5047
7183,1.0,0.0,3.1,53,38,62,817,100.0,5047
7184,1.0,0.0,3.8,93,38,62,217,250.0,5047
7185,1.0,0.0,3.8,89,22,62,1235,400.0,5047
7186,0.0,0.0,3.7,40,22,62,1632,150.0,5047
7187,1.0,1.0,4.0,390,22,16,421,1300.0,5047
7188,1.0,1.0,3.8,499,22,16,391,700.0,5047
7189,1.0,1.0,3.7,111,22,20,1196,800.0,5047
7190,1.0,0.0,3.4,179,22,62,1638,300.0,5047
7191,1.0,0.0,3.0,39,22,20,1156,450.0,5047
7192,1.0,0.0,3.9,75,22,30,956,500.0,5047
7193,1.0,0.0,2.8,137,38,62,1156,500.0,5047
7194,1.0,0.0,3.8,61,22,62,108,400.0,5047
7195,1.0,0.0,4.1,93,22,20,989,700.0,5047
7196,1.0,0.0,4.1,129,22,30,773,350.0,5047
7197,1.0,0.0,4.0,75,38,0,181,500.0,5047
7198,1.0,0.0,4.0,108,6,13,450,400.0,5047
7199,1.0,0.0,3.2,44,71,62,1476,600.0,5047
7200,1.0,0.0,3.7,34,6,29,1267,450.0,5047
7201,1.0,0.0,3.9,48,22,62,821,400.0,5047
7202,1.0,0.0,3.7,122,22,62,1285,300.0,5047
7203,1.0,0.0,3.8,38,38,20,1156,400.0,5047
7204,1.0,0.0,2.4,318,38,20,1381,600.0,5047
7205,1.0,0.0,3.7,483,41,20,761,800.0,5047
7206,1.0,0.0,2.9,317,71,62,1356,500.0,5047
7207,1.0,0.0,3.5,165,22,20,68,700.0,5047
7208,1.0,0.0,3.4,212,22,20,1258,800.0,5047
7209,1.0,0.0,3.8,190,22,62,1573,250.0,5047
7210,1.0,0.0,4.1,111,6,30,769,600.0,5047
7211,1.0,0.0,4.2,1022,22,30,773,500.0,5047
7212,1.0,1.0,4.1,1694,6,21,1156,1100.0,5047
7213,1.0,1.0,3.2,426,19,20,1226,900.0,5047
7214,1.0,0.0,3.8,133,6,62,817,200.0,5047
7215,1.0,0.0,3.9,1245,22,21,1102,1400.0,5047
7216,1.0,0.0,3.8,283,22,62,286,400.0,5047
7217,1.0,0.0,2.8,188,22,20,1196,400.0,5047
7218,1.0,0.0,3.8,211,22,62,1027,200.0,5047
7219,1.0,0.0,3.1,248,22,20,521,500.0,5047
7220,1.0,0.0,4.0,251,6,62,1156,250.0,5047
7221,1.0,0.0,3.8,93,38,20,1253,550.0,5047
7222,1.0,0.0,4.0,492,22,20,528,800.0,5047
7223,1.0,0.0,3.5,323,38,62,1077,500.0,5047
7224,1.0,0.0,2.9,243,71,62,1268,300.0,5047
7225,1.0,0.0,3.0,255,7,20,286,550.0,5047
7226,1.0,0.0,3.0,289,6,20,1476,500.0,5047
7227,1.0,0.0,3.9,261,22,62,1218,400.0,5047
7228,1.0,0.0,3.1,131,22,62,1218,400.0,5047
7229,1.0,0.0,3.8,36,22,29,932,500.0,5047
7230,1.0,0.0,4.0,64,22,20,1591,300.0,5047
7231,1.0,0.0,2.6,76,6,20,117,800.0,5047
7232,1.0,1.0,3.9,43,71,62,305,500.0,5047
7233,1.0,0.0,4.0,54,22,62,1134,500.0,5047
7234,1.0,0.0,4.0,457,38,20,1156,550.0,5047
7235,1.0,0.0,3.9,36,71,29,1156,400.0,5047
7236,1.0,0.0,3.9,368,22,20,50,550.0,5047
7237,1.0,0.0,3.5,694,6,20,1523,600.0,5047
7238,1.0,0.0,2.8,484,22,20,1599,400.0,5047
7239,1.0,1.0,4.2,1170,41,57,883,1300.0,5047
7240,1.0,0.0,3.5,234,22,62,1600,400.0,5047
7241,1.0,0.0,4.5,196,22,20,1076,1200.0,5047
7242,1.0,0.0,3.7,130,38,21,624,1200.0,5047
7243,1.0,0.0,4.0,76,38,62,1511,300.0,5047
7244,1.0,0.0,4.2,78,22,20,268,400.0,5047
7245,1.0,0.0,3.9,54,22,64,316,250.0,5047
7246,1.0,1.0,4.1,1847,38,13,343,600.0,5047
7247,1.0,0.0,3.9,46,22,66,650,300.0,5047
7248,1.0,0.0,4.1,888,40,13,395,800.0,5047
7249,1.0,0.0,3.9,716,22,20,977,1000.0,5047
7250,1.0,0.0,4.0,136,71,13,332,500.0,5047
7251,0.0,0.0,4.2,1383,22,21,742,1100.0,5047
7252,1.0,0.0,3.8,192,22,62,1644,250.0,5047
7253,1.0,1.0,4.1,733,22,13,405,1200.0,5047
7254,1.0,0.0,3.9,150,22,30,773,300.0,5047
7255,1.0,1.0,4.5,247,41,20,1008,1300.0,5047
7256,1.0,0.0,3.9,205,22,14,356,600.0,5047
7257,1.0,1.0,4.4,190,40,13,332,1000.0,5047
7258,1.0,0.0,3.7,197,22,62,1571,400.0,5047
7259,1.0,0.0,4.3,1099,22,62,1673,450.0,5047
7260,1.0,1.0,4.2,1004,6,20,722,1200.0,5047
7261,1.0,0.0,3.9,70,22,69,1121,200.0,5047
7262,1.0,0.0,3.7,310,22,20,197,600.0,5047
7263,1.0,0.0,3.9,170,22,29,1156,400.0,5047
7264,1.0,0.0,4.3,1101,22,13,419,700.0,5047
7265,1.0,0.0,4.0,136,22,20,625,750.0,5047
7266,1.0,1.0,4.1,1324,22,20,1319,800.0,5047
7267,1.0,0.0,4.2,258,71,20,1451,700.0,5047
7268,1.0,1.0,3.8,157,6,20,527,600.0,5047
7269,1.0,0.0,4.1,60,39,13,451,600.0,5047
7270,1.0,0.0,4.4,1288,22,62,1156,400.0,5047
7271,1.0,0.0,3.7,829,22,20,1079,850.0,5047
7272,1.0,0.0,4.3,219,38,62,1075,300.0,5047
7273,1.0,0.0,4.4,792,22,13,375,700.0,5047
7274,1.0,1.0,4.4,1799,41,20,1678,1000.0,5047
7275,1.0,0.0,4.1,163,22,30,767,400.0,5047
7276,1.0,0.0,4.3,372,22,20,30,700.0,5047
7277,1.0,0.0,3.7,94,22,62,1181,400.0,5047
7278,1.0,0.0,3.9,337,22,62,1196,500.0,5047
7279,1.0,1.0,4.0,535,22,20,1156,600.0,5047
7280,1.0,0.0,4.0,603,22,20,124,800.0,5047
7281,1.0,0.0,4.0,74,6,17,433,600.0,5047
7282,1.0,0.0,4.0,236,6,20,1156,950.0,5047
7283,1.0,1.0,4.0,942,71,57,669,1300.0,5047
7284,1.0,1.0,4.0,803,22,13,462,700.0,5047
7285,1.0,1.0,4.5,1878,38,21,1430,1200.0,5047
7286,1.0,0.0,4.2,236,71,62,220,150.0,5047
7287,1.0,0.0,3.8,46,71,20,1540,600.0,5047
7288,1.0,0.0,2.4,438,22,20,521,1000.0,5047
7289,1.0,1.0,4.0,281,41,21,801,1500.0,5047
7290,1.0,1.0,4.2,1884,22,49,889,1500.0,5047
7291,1.0,0.0,3.9,450,22,20,1209,550.0,5047
7292,1.0,1.0,4.0,150,39,20,706,1100.0,5047
7293,0.0,0.0,3.8,196,38,29,838,500.0,5047
7294,1.0,1.0,4.2,860,22,16,510,800.0,5047
7295,1.0,1.0,4.4,3764,22,22,1468,600.0,5047
7296,1.0,0.0,4.3,229,22,0,181,500.0,5047
7297,1.0,1.0,4.0,82,22,17,431,500.0,5047
7298,0.0,0.0,4.4,790,22,30,956,400.0,5047
7299,1.0,0.0,4.2,141,22,13,383,800.0,5047
7300,1.0,0.0,4.5,144,22,30,773,400.0,5047
7301,1.0,1.0,4.1,720,22,13,418,950.0,5047
7302,0.0,0.0,4.5,194,22,30,956,200.0,5047
7303,1.0,0.0,4.1,130,22,30,773,350.0,5047
7304,1.0,0.0,3.8,151,22,70,1121,400.0,5047
7305,1.0,0.0,4.0,221,22,30,959,400.0,5047
7306,1.0,0.0,3.9,46,22,66,650,300.0,5047
7307,1.0,0.0,4.0,158,22,0,181,300.0,5047
7308,1.0,0.0,3.9,46,22,30,211,400.0,5047
7309,1.0,0.0,3.8,139,22,30,789,500.0,5047
7310,1.0,0.0,3.9,205,22,14,356,600.0,5047
7311,0.0,0.0,3.9,331,22,68,1642,400.0,5047
7312,1.0,0.0,3.9,44,22,13,432,300.0,5047
7313,1.0,0.0,4.1,163,22,30,767,400.0,5047
7314,1.0,0.0,3.9,102,22,30,956,450.0,5047
7315,0.0,0.0,4.1,116,22,62,1640,200.0,5047
7316,0.0,0.0,3.9,53,22,0,175,100.0,5047
7317,0.0,0.0,4.1,106,22,30,769,300.0,5047
7318,1.0,0.0,3.8,204,22,1,657,600.0,5047
7319,1.0,0.0,3.7,93,22,0,181,350.0,5047
7320,1.0,0.0,4.3,324,22,30,956,180.0,5047
7321,1.0,0.0,4.2,1022,22,30,773,500.0,5047
7322,1.0,0.0,3.9,75,22,30,956,500.0,5047
7323,1.0,0.0,3.6,154,22,0,181,400.0,5047
7324,0.0,0.0,2.6,56,22,29,293,500.0,5047
7325,0.0,0.0,3.9,56,22,13,503,350.0,5047
7326,1.0,0.0,4.0,153,22,0,181,500.0,5047
7327,1.0,0.0,4.0,92,22,30,949,100.0,5047
7328,0.0,0.0,3.6,51,22,72,1121,150.0,5047
7329,1.0,0.0,3.7,175,22,72,257,400.0,5047
7330,1.0,0.0,4.1,398,22,30,956,450.0,5047
7331,1.0,0.0,3.8,34,22,63,186,350.0,5047
7332,0.0,0.0,4.0,104,22,30,767,300.0,5047
7333,0.0,0.0,3.8,63,22,13,468,1000.0,5047
7334,1.0,0.0,4.0,48,22,29,181,500.0,5047
7335,0.0,0.0,3.7,31,22,62,797,150.0,5047
7336,1.0,0.0,3.9,230,22,30,789,500.0,5047
7337,1.0,0.0,3.9,150,22,30,773,300.0,5047
7338,1.0,0.0,3.7,90,22,0,181,400.0,5047
7339,1.0,1.0,4.1,1847,38,13,343,600.0,5047
7340,1.0,0.0,4.1,314,38,72,933,650.0,5047
7341,1.0,0.0,4.5,634,6,29,930,500.0,5047
7342,1.0,0.0,4.0,75,38,0,181,500.0,5047
7343,0.0,1.0,3.0,74,7,20,137,1200.0,5047
7344,1.0,1.0,4.0,82,22,17,431,500.0,5047
7345,0.0,0.0,4.3,116,22,22,159,800.0,5047
7346,0.0,1.0,4.7,6745,22,21,641,1000.0,5047
7347,1.0,0.0,4.4,792,22,13,375,700.0,5047
7348,1.0,1.0,4.2,1884,22,49,889,1500.0,5047
7349,1.0,1.0,4.3,797,22,5,141,1500.0,5047
7350,0.0,1.0,4.7,3573,22,4,643,1000.0,5047
7351,1.0,1.0,4.2,1149,22,20,1018,1800.0,5047
7352,1.0,1.0,4.4,3764,22,22,1468,600.0,5047
7353,0.0,1.0,4.6,766,22,46,542,1200.0,5047
7354,0.0,1.0,4.6,634,22,7,686,850.0,5047
7355,0.0,1.0,4.3,331,22,5,1312,1400.0,5047
7356,1.0,0.0,4.5,196,22,20,1076,1200.0,5047
7357,1.0,0.0,4.3,790,22,20,168,1000.0,5047
7358,1.0,0.0,4.2,583,22,20,1300,550.0,5047
7359,0.0,0.0,4.6,1582,22,13,336,750.0,5047
7360,0.0,0.0,4.2,1383,22,21,742,1100.0,5047
7361,1.0,1.0,4.1,1324,22,20,1319,800.0,5047
7362,1.0,0.0,4.5,2069,22,20,1626,1200.0,5047
7363,1.0,0.0,4.3,1101,22,13,419,700.0,5047
7364,0.0,1.0,4.1,1372,22,5,729,900.0,5047
7365,1.0,1.0,4.0,558,22,20,1375,1000.0,5047
7366,1.0,0.0,3.9,125,22,20,301,600.0,5047
7367,0.0,1.0,3.9,1554,22,20,1156,750.0,5047
7368,0.0,1.0,4.1,512,22,21,1125,1200.0,5047
7369,0.0,0.0,4.0,917,22,20,1156,800.0,5047
7370,0.0,0.0,4.0,1829,22,20,1156,800.0,5047
7371,1.0,0.0,3.9,400,22,20,604,850.0,5047
7372,1.0,0.0,4.3,372,22,20,30,700.0,5047
7373,1.0,1.0,4.1,733,22,13,405,1200.0,5047
7374,1.0,0.0,4.0,437,22,20,1258,600.0,5047
7375,1.0,0.0,4.2,141,22,13,383,800.0,5047
7376,1.0,0.0,3.7,829,22,20,1079,850.0,5047
7377,1.0,0.0,3.9,148,22,69,1121,200.0,5047
7378,0.0,1.0,3.8,320,22,20,948,800.0,5047
7379,0.0,0.0,4.0,648,22,20,754,750.0,5047
7380,1.0,1.0,4.0,403,22,20,1555,800.0,5047
7381,1.0,1.0,4.1,720,22,13,418,950.0,5047
7382,1.0,0.0,4.1,93,22,20,989,700.0,5047
7383,1.0,1.0,4.1,1060,22,21,992,1200.0,5047
7384,1.0,1.0,3.8,1166,22,20,1057,600.0,5047
7385,1.0,1.0,4.1,1338,22,20,1375,800.0,5047
7386,1.0,1.0,3.9,161,22,24,1296,900.0,5047
7387,1.0,1.0,4.0,535,22,20,1156,600.0,5047
7388,1.0,0.0,4.0,128,22,13,459,650.0,5047
7389,1.0,1.0,3.9,602,22,20,1092,1000.0,5047
7390,1.0,1.0,3.9,880,22,20,1156,1000.0,5047
7391,1.0,0.0,3.8,151,22,70,1121,400.0,5047
7392,1.0,0.0,3.9,368,22,20,50,550.0,5047
7393,1.0,0.0,4.1,439,22,13,394,750.0,5047
7394,1.0,0.0,4.2,78,22,20,268,400.0,5047
7395,1.0,0.0,4.0,603,22,20,124,800.0,5047
7396,0.0,0.0,3.9,338,22,20,1196,500.0,5047
7397,1.0,0.0,4.0,987,22,20,1156,500.0,5047
7398,1.0,1.0,3.7,112,22,20,1196,800.0,5047
7399,1.0,0.0,4.0,492,22,20,528,800.0,5047
7400,1.0,0.0,4.1,564,22,13,348,600.0,5047
7401,1.0,0.0,4.0,988,22,20,238,800.0,5047
7402,1.0,0.0,3.9,1245,22,21,1102,1400.0,5047
7403,1.0,1.0,3.8,499,22,16,391,700.0,5047
7404,1.0,0.0,3.8,115,22,20,1335,800.0,5047
7405,1.0,0.0,3.9,117,22,20,303,900.0,5047
7406,1.0,1.0,4.0,803,22,13,462,700.0,5047
7407,1.0,0.0,3.9,3833,22,20,1402,750.0,5047
7408,1.0,0.0,2.9,361,22,20,1197,450.0,5047
7409,1.0,0.0,3.9,44,22,13,432,300.0,5047
7410,1.0,0.0,3.6,484,22,16,476,700.0,5047
7411,1.0,0.0,4.1,131,22,20,1156,650.0,5047
7412,0.0,0.0,3.8,157,22,47,694,1300.0,5047
7413,1.0,0.0,3.3,292,22,20,208,600.0,5047
7414,0.0,0.0,3.6,289,22,20,43,500.0,5047
7415,1.0,1.0,3.9,224,22,20,1285,800.0,5047
7416,1.0,0.0,3.7,86,22,20,609,500.0,5047
7417,1.0,0.0,3.9,185,22,20,568,600.0,5047
7418,1.0,1.0,3.5,59,22,20,1279,700.0,5047
7419,1.0,0.0,2.8,484,22,20,1599,400.0,5047
7420,1.0,1.0,3.9,202,22,13,492,500.0,5047
7421,1.0,0.0,3.6,777,22,20,604,500.0,5047
7422,1.0,0.0,3.6,121,22,20,1558,550.0,5047
7423,1.0,0.0,3.9,668,22,20,292,800.0,5047
7424,1.0,0.0,3.9,716,22,20,977,1000.0,5047
7425,0.0,0.0,2.6,49,22,13,436,450.0,5047
7426,0.0,0.0,3.9,371,22,20,1587,400.0,5047
7427,0.0,0.0,3.7,532,22,20,1597,250.0,5047
7428,0.0,0.0,2.9,304,22,20,517,650.0,5047
7429,1.0,0.0,3.1,266,22,20,517,550.0,5047
7430,1.0,0.0,3.5,166,22,20,68,700.0,5047
7431,1.0,0.0,3.4,212,22,20,1258,800.0,5047
7432,1.0,0.0,3.9,450,22,20,1209,550.0,5047
7433,0.0,0.0,3.6,95,22,20,64,800.0,5047
7434,1.0,0.0,3.2,68,22,20,1619,400.0,5047
7435,1.0,0.0,2.8,188,22,20,1196,400.0,5047
7436,1.0,0.0,3.7,141,22,20,54,500.0,5047
7437,1.0,0.0,2.8,261,22,20,1040,700.0,5047
7438,1.0,0.0,3.1,102,22,13,466,650.0,5047
7439,1.0,1.0,4.0,390,22,16,421,1300.0,5047
7440,1.0,0.0,3.8,258,22,20,1553,550.0,5047
7441,0.0,0.0,2.5,113,22,13,332,550.0,5047
7442,1.0,0.0,4.0,136,22,20,625,750.0,5047
7443,1.0,0.0,3.7,59,22,13,443,600.0,5047
7444,1.0,0.0,3.7,76,22,20,565,700.0,5047
7445,1.0,0.0,3.9,337,22,62,1196,500.0,5047
7446,1.0,1.0,3.4,411,22,20,1375,750.0,5047
7447,1.0,1.0,4.0,127,22,20,1390,900.0,5047
7448,0.0,0.0,3.8,63,22,13,468,1000.0,5047
7449,1.0,0.0,3.9,92,22,12,1652,250.0,5047
7450,1.0,0.0,3.5,117,22,20,58,600.0,5047
7451,1.0,0.0,4.0,64,22,20,1591,300.0,5047
7452,0.0,0.0,3.7,38,22,20,693,600.0,5047
7453,1.0,0.0,3.0,39,22,20,1156,450.0,5047
7454,0.0,0.0,3.5,136,22,20,1196,600.0,5047
7455,1.0,0.0,3.9,356,22,20,1267,450.0,5047
7456,1.0,1.0,3.9,533,22,20,76,900.0,5047
7457,1.0,0.0,3.1,248,22,20,521,500.0,5047
7458,1.0,0.0,2.4,438,22,20,521,1000.0,5047
7459,1.0,0.0,3.8,88,22,20,638,600.0,5047
7460,0.0,0.0,3.7,86,22,13,458,500.0,5047
7461,1.0,0.0,3.7,310,22,20,197,600.0,5047
7462,1.0,0.0,4.4,1288,22,62,1156,400.0,5047
7463,1.0,0.0,4.2,70,22,62,1467,400.0,5047
7464,1.0,0.0,4.3,1099,22,62,1673,450.0,5047
7465,1.0,0.0,4.0,54,22,62,1134,500.0,5047
7466,1.0,0.0,3.6,218,22,62,252,400.0,5047
7467,1.0,1.0,3.9,46,22,62,1631,300.0,5047
7468,1.0,0.0,3.9,54,22,64,316,250.0,5047
7469,1.0,0.0,3.6,622,22,62,322,400.0,5047
7470,1.0,0.0,4.0,769,22,62,1247,500.0,5047
7471,0.0,0.0,4.4,222,22,62,1547,150.0,5047
7472,1.0,0.0,3.7,94,22,62,1181,400.0,5047
7473,1.0,0.0,4.1,842,22,62,1595,300.0,5047
7474,1.0,0.0,3.9,60,22,62,1336,400.0,5047
7475,0.0,0.0,4.1,110,22,62,1112,400.0,5047
7476,1.0,0.0,3.9,355,22,62,1190,500.0,5047
7477,1.0,0.0,4.2,162,22,62,235,300.0,5047
7478,1.0,0.0,4.0,221,22,30,959,400.0,5047
7479,1.0,0.0,3.9,46,22,66,650,300.0,5047
7480,1.0,0.0,3.8,331,22,62,1156,350.0,5047
7481,1.0,0.0,3.8,77,22,62,1460,350.0,5047
7482,1.0,0.0,3.9,48,22,62,821,400.0,5047
7483,1.0,0.0,3.1,282,22,62,1356,500.0,5047
7484,1.0,0.0,3.9,236,22,62,1381,400.0,5047
7485,1.0,0.0,3.9,783,22,62,1196,300.0,5047
7486,1.0,0.0,3.9,106,22,62,1547,150.0,4113
7487,0.0,0.0,3.9,331,22,68,1642,400.0,5047
7488,1.0,0.0,3.9,460,22,62,262,600.0,5047
7489,1.0,0.0,3.8,83,22,62,578,400.0,5047
7490,1.0,0.0,3.8,510,22,62,322,500.0,5047
7491,1.0,0.0,3.9,113,22,62,323,600.0,5047
7492,1.0,0.0,3.9,261,22,62,1218,400.0,5047
7493,1.0,0.0,3.8,278,22,62,235,200.0,5047
7494,1.0,0.0,3.5,234,22,62,1600,400.0,2689
7495,1.0,0.0,3.8,251,22,62,1474,400.0,5047
7496,1.0,0.0,3.9,163,22,62,1597,300.0,5047
7497,0.0,0.0,4.1,116,22,62,1640,200.0,5047
7498,0.0,0.0,2.8,227,22,62,266,500.0,5047
7499,1.0,0.0,4.1,672,22,62,1002,450.0,5047
7500,1.0,0.0,4.0,164,22,62,86,500.0,5047
7501,1.0,0.0,3.9,340,22,62,1582,400.0,5047
7502,1.0,0.0,3.9,50,22,62,197,450.0,5047
7503,1.0,0.0,3.8,61,22,62,108,400.0,5047
7504,0.0,0.0,4.0,60,22,62,96,400.0,5047
7505,1.0,0.0,3.9,88,22,62,817,250.0,5047
7506,1.0,0.0,3.8,190,22,62,1573,250.0,686
7507,1.0,0.0,3.1,382,22,62,1507,600.0,5047
7508,0.0,0.0,3.9,689,22,62,877,300.0,5047
7509,1.0,0.0,3.8,63,22,62,64,500.0,5047
7510,1.0,0.0,3.8,90,22,62,1235,400.0,153
7511,1.0,0.0,3.8,204,22,1,657,600.0,5047
7512,1.0,0.0,4.1,119,22,62,1578,200.0,5047
7513,0.0,0.0,3.8,184,22,62,1156,250.0,5047
7514,1.0,0.0,3.2,571,22,62,1641,300.0,5047
7515,1.0,0.0,3.7,197,22,62,1571,400.0,2704
7516,1.0,0.0,3.8,283,22,62,286,400.0,5047
7517,0.0,0.0,3.7,446,22,62,1597,400.0,5047
7518,1.0,0.0,3.1,131,22,62,1218,400.0,5047
7519,1.0,0.0,3.6,123,22,62,1285,300.0,5047
7520,1.0,0.0,3.8,347,22,62,1156,300.0,5047
7521,1.0,0.0,3.1,452,22,62,1474,750.0,5047
7522,1.0,0.0,3.4,179,22,62,1638,300.0,5047
7523,0.0,0.0,3.6,218,22,62,868,300.0,5047
7524,0.0,0.0,3.5,40,22,62,1002,700.0,5047
7525,0.0,0.0,2.6,91,22,62,1547,200.0,5047
7526,1.0,0.0,3.8,171,22,62,591,400.0,2699
7527,1.0,0.0,3.8,80,22,62,1465,800.0,5047
7528,1.0,0.0,3.8,211,22,62,1027,200.0,5047
7529,0.0,0.0,3.7,40,22,62,1632,150.0,5047
7530,1.0,0.0,3.7,83,22,62,265,350.0,5047
7531,1.0,0.0,2.7,140,22,62,1156,250.0,5047
7532,0.0,0.0,3.7,41,22,62,42,500.0,5047
7533,0.0,0.0,3.6,155,22,62,1199,500.0,5047
7534,0.0,0.0,3.9,89,22,62,866,300.0,5047
7535,0.0,0.0,2.8,114,22,62,282,500.0,5047
7536,1.0,0.0,3.8,174,22,62,1475,400.0,5047
7537,1.0,0.0,3.8,59,22,62,1547,200.0,156
7538,0.0,0.0,3.7,68,22,64,217,400.0,5047
7539,1.0,0.0,3.8,192,22,62,1644,250.0,5047
7540,1.0,1.0,4.3,4108,71,21,1527,1400.0,5047
7541,0.0,1.0,4.5,1508,71,57,707,1900.0,5047
7542,0.0,1.0,4.4,366,40,18,334,1000.0,5047
7543,0.0,1.0,4.7,3614,38,20,1325,1600.0,5047
7544,0.0,1.0,4.6,178,71,5,910,1500.0,5047
7545,1.0,1.0,4.1,1847,38,13,343,600.0,5047
7546,1.0,1.0,4.3,715,71,20,1002,1500.0,5047
7547,1.0,1.0,4.4,190,40,13,332,1000.0,5047
7548,0.0,1.0,4.1,238,71,37,764,2000.0,5047
7549,1.0,0.0,4.2,258,71,20,1451,700.0,5047
7550,1.0,0.0,3.9,374,38,20,266,750.0,5047
7551,1.0,1.0,4.1,326,71,26,3,1200.0,5047
7552,1.0,0.0,3.8,240,7,20,42,800.0,5047
7553,1.0,0.0,3.8,272,7,20,70,550.0,5047
7554,1.0,0.0,3.8,93,38,20,1253,550.0,5047
7555,1.0,1.0,3.2,427,19,20,1226,900.0,5047
7556,1.0,0.0,4.0,754,24,62,1156,250.0,5047
7557,1.0,0.0,3.0,255,7,20,286,550.0,5047
7558,0.0,1.0,3.0,74,7,20,137,1200.0,5047
7559,1.0,0.0,3.9,121,38,62,1209,400.0,5047
7560,0.0,0.0,3.7,51,7,4,895,1500.0,5047
7561,1.0,0.0,4.0,269,38,62,1207,450.0,5047
7562,1.0,0.0,3.6,95,38,62,1335,300.0,5047
7563,1.0,0.0,2.8,137,38,62,1156,500.0,5047
7564,0.0,1.0,3.9,52,71,46,766,1900.0,5047
7565,1.0,0.0,3.9,95,38,62,1327,350.0,288
7566,1.0,0.0,3.6,96,38,62,1039,300.0,5047
7567,1.0,0.0,3.3,910,38,62,1177,250.0,5047
7568,1.0,0.0,2.6,473,0,62,1002,600.0,5047
7569,0.0,0.0,3.7,46,38,62,1587,300.0,5047
7570,0.0,0.0,4.0,65,38,62,565,350.0,5047
7571,1.0,0.0,3.1,53,38,62,817,100.0,5047
7572,1.0,0.0,2.3,298,7,62,286,450.0,5047
7573,0.0,1.0,4.7,3573,22,4,643,1000.0,5047
7574,0.0,1.0,4.7,6745,22,21,641,1000.0,5047
7575,1.0,1.0,4.2,1884,22,49,889,1500.0,5047
7576,1.0,1.0,4.3,797,22,5,141,1500.0,5047
7577,0.0,1.0,4.6,634,22,7,686,850.0,5047
7578,0.0,1.0,4.3,331,22,5,1312,1400.0,5047
7579,0.0,0.0,4.2,1383,22,21,742,1100.0,5047
7580,0.0,1.0,4.1,1372,22,5,729,900.0,5047
7581,0.0,1.0,4.5,1508,71,57,707,1900.0,5047
7582,0.0,1.0,4.4,366,40,18,334,1000.0,5047
7583,1.0,1.0,4.1,326,71,26,3,1200.0,5047
7584,0.0,0.0,3.7,51,7,4,895,1500.0,5047
7585,0.0,1.0,4.7,3573,22,4,643,1000.0,5047
7586,0.0,1.0,4.6,634,22,7,686,850.0,5047
7587,0.0,1.0,4.7,6745,22,21,641,1000.0,5047
7588,1.0,1.0,4.3,797,22,5,141,1500.0,5047
7589,0.0,1.0,4.3,331,22,5,1312,1400.0,5047
7590,0.0,0.0,4.2,1383,22,21,742,1100.0,5047
7591,0.0,1.0,4.1,1372,22,5,729,900.0,5047
7592,0.0,1.0,4.1,512,22,21,1125,1200.0,5047
7593,1.0,1.0,4.1,1060,22,21,992,1200.0,5047
7594,1.0,0.0,3.9,1245,22,21,1102,1400.0,5047
7595,0.0,0.0,3.8,157,22,47,694,1300.0,5047
7596,1.0,1.0,4.3,4108,71,21,1527,1400.0,5047
7597,0.0,1.0,4.5,1508,71,57,707,1900.0,5047
7598,0.0,1.0,4.6,178,71,5,910,1500.0,5047
7599,1.0,1.0,4.1,326,71,26,3,1200.0,5047
7600,0.0,0.0,3.7,51,7,4,895,1500.0,5047
7601,0.0,1.0,4.0,773,26,25,1141,1000.0,5047
7602,1.0,1.0,3.9,847,26,20,1174,1200.0,5047
7603,0.0,1.0,4.7,9021,58,61,16,1800.0,5047
7604,0.0,1.0,4.7,7152,26,20,1325,1600.0,5047
7605,0.0,1.0,4.3,3586,26,49,626,2100.0,5047
7606,1.0,1.0,4.1,840,26,20,1222,1200.0,2493
7607,1.0,1.0,4.4,1507,26,20,558,1700.0,4457
7608,1.0,1.0,4.3,3275,26,20,1006,1400.0,2602
7609,1.0,1.0,4.4,1414,26,21,1156,1100.0,3937
7610,1.0,1.0,4.5,1614,26,20,1008,1300.0,927
7611,0.0,1.0,4.1,1224,26,20,1560,800.0,5047
7612,1.0,1.0,3.9,1432,26,20,1156,1000.0,3901
7613,0.0,0.0,4.3,1651,26,16,410,1300.0,5047
7614,1.0,0.0,4.2,8176,26,20,1402,750.0,4418
7615,1.0,1.0,4.4,79,26,20,133,1600.0,973
7616,1.0,0.0,4.0,555,26,20,1277,900.0,2486
7617,1.0,1.0,4.2,1345,26,20,1071,1700.0,5047
7618,0.0,1.0,4.3,504,26,20,1547,1100.0,5047
7619,1.0,1.0,4.1,80,26,20,1181,1200.0,195
7620,1.0,1.0,4.0,1013,26,20,1156,1200.0,3299
7621,0.0,0.0,3.9,434,26,20,1547,400.0,5047
7622,1.0,1.0,3.6,592,26,20,245,850.0,4250
7623,1.0,1.0,3.8,297,26,20,1222,1200.0,3293
7624,1.0,1.0,4.2,217,16,20,808,1500.0,4293
7625,0.0,0.0,4.0,115,16,21,1305,1700.0,5047
7626,1.0,0.0,2.9,319,16,20,1252,1000.0,747
7627,0.0,0.0,3.4,46,16,20,1156,1100.0,5047
7628,0.0,1.0,4.2,589,58,37,1344,3500.0,5047
7629,0.0,0.0,4.6,979,49,37,1654,3000.0,5047
7630,1.0,1.0,4.0,1904,49,20,1663,2100.0,808
7631,0.0,1.0,4.3,145,78,37,18,2800.0,5047
7632,0.0,1.0,4.0,420,58,37,718,2200.0,5047
7633,0.0,0.0,4.3,687,49,37,812,3000.0,5047
7634,1.0,1.0,4.0,419,58,21,546,1400.0,4630
7635,0.0,1.0,4.2,405,58,20,84,1500.0,5047
7636,0.0,1.0,4.2,271,49,37,994,3000.0,5047
7637,1.0,1.0,4.3,1235,26,14,390,1000.0,370
7638,0.0,0.0,4.6,1308,26,16,338,900.0,5047
7639,0.0,0.0,4.4,1095,26,17,427,800.0,5047
7640,1.0,0.0,4.2,5295,26,1,179,600.0,4525
7641,1.0,0.0,4.2,1852,26,13,383,800.0,2773
7642,1.0,0.0,4.6,1687,26,33,781,900.0,3965
7643,1.0,1.0,4.3,4644,26,22,1468,600.0,2240
7644,1.0,0.0,4.3,1269,26,16,456,1000.0,2614
7645,1.0,0.0,4.2,1203,26,13,451,600.0,4482
7646,0.0,0.0,4.3,1651,26,16,410,1300.0,5047
7647,0.0,0.0,4.5,197,26,13,359,600.0,5047
7648,1.0,0.0,4.4,105,26,13,509,200.0,845
7649,1.0,0.0,4.2,391,26,13,401,500.0,2580
7650,1.0,0.0,4.5,2687,26,33,954,550.0,1537
7651,1.0,0.0,4.3,391,26,13,341,700.0,1967
7652,0.0,0.0,4.2,311,26,13,399,800.0,5047
7653,1.0,0.0,4.3,153,26,13,448,600.0,683
7654,1.0,1.0,3.9,1380,26,13,455,900.0,5047
7655,1.0,1.0,4.3,766,26,22,659,1000.0,3223
7656,0.0,0.0,4.2,583,26,13,427,700.0,5047
7657,1.0,0.0,4.3,371,26,30,1634,400.0,2082
7658,0.0,0.0,4.2,858,26,13,332,600.0,5047
7659,0.0,0.0,4.0,861,26,33,771,800.0,5047
7660,1.0,0.0,4.3,420,26,33,779,400.0,2187
7661,1.0,1.0,4.0,144,26,13,463,700.0,892
7662,1.0,0.0,4.0,399,26,13,459,650.0,1350
7663,1.0,0.0,4.1,1141,26,16,415,500.0,2403
7664,0.0,0.0,4.2,583,26,13,427,700.0,5047
7665,1.0,0.0,3.9,84,26,13,835,450.0,2231
7666,1.0,1.0,4.0,209,26,13,475,800.0,2265
7667,1.0,0.0,3.9,660,26,13,511,500.0,3829
7668,1.0,0.0,4.3,184,26,62,366,650.0,313
7669,1.0,1.0,4.0,339,26,62,654,800.0,5041
7670,0.0,1.0,4.1,287,26,13,332,850.0,5047
7671,1.0,0.0,4.1,332,26,22,662,800.0,1046
7672,1.0,0.0,4.1,137,26,13,347,750.0,2183
7673,0.0,0.0,2.9,539,26,33,780,500.0,5047
7674,1.0,0.0,4.1,114,26,14,350,450.0,4057
7675,0.0,0.0,3.4,90,26,13,383,500.0,5047
7676,1.0,0.0,3.8,71,26,13,332,500.0,2009
7677,0.0,0.0,3.9,155,26,13,383,700.0,5047
7678,0.0,0.0,3.8,209,26,13,436,500.0,5047
7679,0.0,0.0,4.0,97,26,16,1506,1100.0,5047
7680,1.0,0.0,3.7,72,26,13,436,900.0,789
7681,0.0,0.0,3.9,49,26,13,332,200.0,5047
7682,1.0,0.0,2.8,185,26,13,401,500.0,5047
7683,0.0,0.0,3.7,69,26,13,383,700.0,5047
7684,1.0,0.0,2.4,127,26,13,439,600.0,1063
7685,1.0,0.0,2.9,48,26,1,177,500.0,5047
7686,0.0,0.0,4.0,134,26,17,430,600.0,5047
7687,1.0,0.0,3.0,59,26,13,479,500.0,5047
7688,0.0,1.0,3.9,1717,16,48,750,1600.0,5047
7689,0.0,0.0,4.0,282,31,13,332,500.0,5047
7690,1.0,1.0,4.4,688,49,22,8,1700.0,214
7691,0.0,1.0,4.1,563,49,22,1349,2500.0,5047
7692,1.0,0.0,4.2,430,78,14,481,700.0,5047
7693,1.0,0.0,3.8,135,58,33,785,700.0,3428
7694,1.0,0.0,3.8,259,49,13,332,700.0,5047
7695,1.0,0.0,4.4,845,26,29,930,500.0,5047
7696,1.0,0.0,4.2,770,26,62,1591,300.0,5047
7697,1.0,0.0,4.0,450,26,62,1638,300.0,5047
7698,1.0,0.0,4.0,472,26,62,235,300.0,5047
7699,1.0,0.0,4.4,105,26,13,509,200.0,5047
7700,1.0,0.0,3.8,138,58,20,238,800.0,5047
7701,1.0,0.0,4.3,314,26,72,1392,500.0,5047
7702,1.0,0.0,3.9,224,31,20,53,600.0,5047
7703,1.0,0.0,3.9,302,16,62,1063,300.0,5047
7704,1.0,0.0,4.0,1391,26,62,323,600.0,5047
7705,1.0,0.0,4.2,241,31,62,1407,400.0,5047
7706,1.0,0.0,3.9,639,58,20,1196,400.0,5047
7707,1.0,0.0,3.8,1082,26,29,142,450.0,5047
7708,1.0,0.0,4.1,81,26,62,1156,150.0,5047
7709,1.0,0.0,3.8,61,31,62,1156,400.0,5047
7710,1.0,0.0,3.4,351,18,62,1196,350.0,5047
7711,1.0,0.0,3.4,148,31,62,1589,350.0,5047
7712,1.0,0.0,4.3,78,26,30,773,400.0,5047
7713,1.0,0.0,4.2,380,78,13,1478,500.0,5047
7714,1.0,0.0,3.9,418,31,62,1196,200.0,5047
7715,1.0,0.0,4.7,2139,26,30,956,400.0,5047
7716,1.0,0.0,4.0,85,58,29,235,650.0,5047
7717,1.0,0.0,4.2,1327,31,62,330,500.0,5047
7718,1.0,0.0,2.7,67,59,62,1248,400.0,5047
7719,1.0,0.0,3.9,924,26,62,1335,300.0,5047
7720,1.0,1.0,4.0,1129,26,20,1156,1000.0,5047
7721,1.0,0.0,4.1,551,77,62,1581,350.0,5047
7722,1.0,0.0,3.9,43,26,62,1547,150.0,5047
7723,1.0,0.0,4.0,50,26,62,1652,200.0,5047
7724,1.0,0.0,3.8,189,10,20,943,800.0,5047
7725,1.0,0.0,4.1,1122,16,29,271,650.0,5047
7726,1.0,0.0,4.3,289,26,20,255,800.0,5047
7727,1.0,0.0,3.8,140,26,62,266,400.0,5047
7728,1.0,0.0,4.1,3238,26,20,294,800.0,5047
7729,1.0,0.0,3.2,393,58,62,1196,400.0,5047
7730,1.0,0.0,3.1,282,31,20,604,850.0,5047
7731,1.0,0.0,3.8,259,31,20,1542,600.0,5047
7732,1.0,0.0,3.9,83,10,62,1156,300.0,5047
7733,1.0,0.0,4.3,888,16,29,181,500.0,5047
7734,1.0,1.0,3.4,257,31,20,1380,500.0,5047
7735,1.0,0.0,3.9,1615,58,20,286,550.0,5047
7736,1.0,0.0,3.6,133,26,51,308,250.0,5047
7737,1.0,0.0,4.0,1078,8,66,320,550.0,5047
7738,1.0,1.0,4.2,1745,26,20,254,750.0,5047
7739,1.0,0.0,3.9,327,58,62,322,400.0,5047
7740,1.0,1.0,4.0,210,26,13,475,800.0,5047
7741,1.0,0.0,3.9,521,77,20,57,600.0,5047
7742,1.0,0.0,4.1,204,78,62,1594,250.0,5047
7743,1.0,0.0,2.8,211,58,29,1469,300.0,1075
7744,1.0,0.0,3.9,99,78,62,1156,150.0,5047
7745,1.0,1.0,4.2,2015,58,20,165,1000.0,5047
7746,1.0,0.0,4.1,730,26,20,1156,950.0,5047
7747,1.0,0.0,3.2,49,26,62,855,250.0,5047
7748,1.0,0.0,4.1,57,26,70,1121,200.0,5047
7749,1.0,0.0,3.9,138,31,20,1176,600.0,5047
7750,1.0,1.0,4.5,3219,26,20,1156,1200.0,5047
7751,1.0,1.0,4.1,522,26,20,619,800.0,5047
7752,1.0,0.0,4.3,146,78,20,294,650.0,5047
7753,1.0,0.0,3.9,456,16,20,1219,600.0,5047
7754,1.0,0.0,3.9,238,26,20,1216,800.0,5047
7755,1.0,0.0,4.0,153,26,20,1272,700.0,5047
7756,1.0,0.0,4.4,457,26,29,926,500.0,5047
7757,0.0,0.0,4.6,1313,26,16,338,900.0,5047
7758,1.0,0.0,3.8,135,58,33,785,700.0,5047
7759,1.0,0.0,3.9,59,26,29,1113,600.0,5047
7760,1.0,0.0,3.9,82,26,62,329,500.0,5047
7761,1.0,0.0,3.8,426,31,20,49,500.0,5047
7762,1.0,0.0,4.0,173,33,29,1156,450.0,5047
7763,1.0,0.0,3.9,190,26,29,918,600.0,5047
7764,1.0,0.0,4.3,1210,26,20,1488,1200.0,5047
7765,1.0,0.0,4.3,127,26,30,767,300.0,5047
7766,1.0,0.0,3.7,443,58,20,1563,400.0,5047
7767,1.0,0.0,3.7,833,26,20,1474,750.0,5047
7768,1.0,0.0,4.2,444,26,20,1530,700.0,5047
7769,1.0,0.0,3.2,574,31,20,515,600.0,5047
7770,1.0,0.0,3.8,221,18,20,558,400.0,5047
7771,1.0,1.0,4.6,5421,26,20,809,1600.0,5047
7772,1.0,0.0,4.2,387,26,62,1110,600.0,5047
7773,1.0,0.0,3.1,39,26,29,1513,400.0,5047
7774,1.0,1.0,4.3,367,26,20,1656,1200.0,5047
7775,1.0,0.0,4.0,401,26,13,459,650.0,5047
7776,1.0,0.0,4.0,261,58,69,1121,400.0,5047
7777,1.0,0.0,3.9,661,26,13,511,500.0,5047
7778,1.0,0.0,3.7,106,10,62,1507,600.0,5047
7779,1.0,0.0,4.1,259,26,30,773,300.0,5047
7780,1.0,1.0,4.1,243,26,20,1033,800.0,5047
7781,1.0,0.0,3.8,185,31,62,817,150.0,5047
7782,1.0,0.0,4.2,734,26,30,767,300.0,5047
7783,1.0,0.0,4.6,3760,26,21,160,1200.0,5047
7784,1.0,0.0,4.1,293,26,20,579,800.0,5047
7785,1.0,0.0,4.4,535,58,29,769,600.0,5047
7786,1.0,0.0,4.6,1689,26,33,781,900.0,5047
7787,1.0,0.0,3.9,160,58,62,1589,40.0,5047
7788,1.0,0.0,3.6,67,26,29,1386,300.0,5047
7789,1.0,0.0,4.0,682,31,20,266,750.0,5047
7790,1.0,0.0,3.9,199,26,62,1552,400.0,5047
7791,1.0,0.0,4.2,175,26,12,1652,250.0,5047
7792,1.0,0.0,3.9,647,31,20,609,500.0,5047
7793,1.0,0.0,4.0,264,26,64,649,700.0,5047
7794,1.0,0.0,4.1,198,26,20,1544,650.0,5047
7795,1.0,0.0,3.9,56,26,0,175,500.0,5047
7796,1.0,1.0,3.9,53,26,62,284,350.0,5047
7797,1.0,0.0,4.4,154,26,13,448,600.0,5047
7798,1.0,0.0,3.3,59,31,20,1533,750.0,5047
7799,1.0,0.0,3.0,64,16,30,794,200.0,5047
7800,1.0,0.0,4.2,5299,26,1,179,600.0,5047
7801,1.0,0.0,4.0,567,26,11,778,400.0,5047
7802,1.0,0.0,4.7,1594,26,20,127,1500.0,5047
7803,1.0,0.0,4.4,580,77,62,908,450.0,5047
7804,1.0,0.0,3.9,257,26,20,1277,650.0,5047
7805,1.0,0.0,4.0,213,31,9,225,100.0,5047
7806,1.0,0.0,3.9,97,18,62,202,500.0,5047
7807,1.0,0.0,3.0,235,26,29,1465,500.0,5047
7808,1.0,0.0,4.0,528,18,29,314,350.0,5047
7809,0.0,0.0,4.1,1075,26,20,1452,800.0,5047
7810,1.0,0.0,4.1,128,31,9,228,250.0,5047
7811,1.0,0.0,3.9,140,26,29,1190,500.0,5047
7812,1.0,0.0,3.7,270,26,29,1296,500.0,5047
7813,1.0,1.0,4.5,1619,26,20,1008,1300.0,5047
7814,0.0,0.0,4.2,1926,26,20,43,850.0,5047
7815,1.0,0.0,4.3,3848,26,57,4,1400.0,5047
7816,1.0,0.0,4.3,566,78,13,407,700.0,5047
7817,1.0,0.0,4.2,171,14,20,1151,800.0,5047
7818,1.0,0.0,3.4,334,26,20,82,550.0,5047
7819,1.0,0.0,4.2,1204,26,13,451,600.0,5047
7820,1.0,0.0,4.0,359,65,20,610,1000.0,5047
7821,1.0,1.0,4.4,1420,26,21,1156,1100.0,5047
7822,1.0,1.0,4.3,2654,49,13,406,1200.0,5047
7823,1.0,1.0,4.3,2039,49,20,1627,1500.0,5047
7824,1.0,0.0,3.2,166,16,62,1476,600.0,5047
7825,1.0,0.0,3.9,388,26,62,322,500.0,5047
7826,1.0,0.0,2.9,319,16,20,1252,1000.0,5047
7827,1.0,1.0,4.1,840,26,20,1222,1200.0,5047
7828,1.0,0.0,4.0,556,26,20,1277,900.0,5047
7829,1.0,1.0,4.3,389,8,5,892,1600.0,5047
7830,1.0,0.0,3.8,55,26,72,1327,500.0,5047
7831,1.0,0.0,3.5,60,20,62,1002,300.0,5047
7832,1.0,0.0,4.2,624,26,30,767,300.0,5047
7833,1.0,0.0,4.1,496,31,62,588,300.0,5047
7834,1.0,0.0,4.1,1145,26,16,415,500.0,5047
7835,1.0,0.0,4.4,1865,26,20,1124,1800.0,5047
7836,1.0,0.0,3.7,72,26,13,436,900.0,5047
7837,1.0,0.0,3.9,120,31,62,1636,250.0,5047
7838,1.0,0.0,3.7,257,31,62,295,450.0,5047
7839,1.0,1.0,4.0,1021,8,20,1375,700.0,5047
7840,1.0,1.0,4.0,340,26,62,654,800.0,5047
7841,1.0,1.0,3.6,592,26,20,245,850.0,5047
7842,1.0,0.0,3.9,117,49,62,1474,800.0,5047
7843,1.0,0.0,3.3,214,31,62,1156,450.0,5047
7844,1.0,0.0,4.2,125,8,20,1654,700.0,5047
7845,1.0,0.0,4.5,2686,26,33,954,550.0,5047
7846,1.0,0.0,3.9,87,78,20,1242,500.0,5047
7847,1.0,0.0,2.8,94,26,20,610,600.0,5047
7848,0.0,1.0,4.2,902,26,21,50,800.0,5047
7849,1.0,0.0,3.0,564,26,20,1608,200.0,5047
7850,1.0,0.0,3.9,137,31,62,1648,300.0,5047
7851,1.0,0.0,4.2,970,26,20,596,1100.0,5047
7852,1.0,0.0,3.9,148,8,41,182,450.0,5047
7853,1.0,0.0,3.0,159,31,20,1547,400.0,5047
7854,1.0,0.0,3.6,179,31,62,1192,350.0,5047
7855,1.0,0.0,3.9,543,26,20,1375,800.0,5047
7856,1.0,0.0,2.6,124,26,62,616,500.0,5047
7857,1.0,0.0,4.9,1735,8,30,767,400.0,5047
7858,1.0,0.0,4.0,69,26,20,517,750.0,5047
7859,1.0,0.0,3.3,63,2,20,1197,500.0,5047
7860,1.0,0.0,3.8,1837,26,20,1451,900.0,5047
7861,1.0,0.0,4.3,183,26,62,366,650.0,5047
7862,1.0,0.0,3.9,123,26,35,1121,400.0,5047
7863,1.0,1.0,4.1,1827,26,21,1012,1100.0,5047
7864,1.0,1.0,4.4,2558,26,20,158,1600.0,5047
7865,1.0,0.0,3.9,117,78,20,513,600.0,5047
7866,0.0,0.0,4.2,807,26,20,49,900.0,5047
7867,1.0,0.0,3.6,228,26,62,1156,350.0,5047
7868,1.0,0.0,4.1,332,26,22,662,800.0,5047
7869,1.0,0.0,4.0,1095,78,20,1050,1300.0,5047
7870,1.0,0.0,3.9,205,8,20,1481,800.0,5047
7871,1.0,0.0,4.0,289,26,30,767,300.0,5047
7872,1.0,0.0,4.3,374,26,30,1634,400.0,5047
7873,1.0,0.0,4.1,167,26,9,215,400.0,5047
7874,1.0,0.0,3.1,54,26,29,624,500.0,5047
7875,1.0,1.0,4.0,930,8,20,1491,800.0,5047
7876,1.0,0.0,4.3,420,26,33,779,400.0,5047
7877,1.0,0.0,3.6,216,77,20,1436,550.0,5047
7878,0.0,1.0,4.2,172,26,49,717,1500.0,5047
7879,1.0,0.0,2.9,229,31,66,1455,250.0,5047
7880,1.0,0.0,4.1,110,26,68,1121,150.0,5047
7881,1.0,0.0,4.0,71,26,30,767,400.0,5047
7882,1.0,0.0,3.9,324,58,20,558,600.0,5047
7883,0.0,0.0,3.8,768,26,20,517,650.0,5047
7884,1.0,0.0,4.0,106,58,29,1465,750.0,5047
7885,1.0,0.0,4.1,146,31,20,1181,800.0,5047
7886,1.0,1.0,4.3,1236,26,14,390,1000.0,5047
7887,1.0,1.0,4.1,1473,26,20,14,1500.0,5047
7888,1.0,0.0,4.0,84,26,13,835,450.0,5047
7889,1.0,0.0,3.6,38,26,62,1156,350.0,5047
7890,1.0,0.0,2.7,283,26,20,521,700.0,5047
7891,1.0,0.0,3.9,77,16,32,773,300.0,5047
7892,1.0,0.0,4.2,216,26,30,791,500.0,5047
7893,1.0,0.0,3.8,31,2,41,773,300.0,5047
7894,1.0,1.0,3.9,1360,49,37,1156,2100.0,5047
7895,1.0,1.0,3.9,96,8,21,1147,1300.0,5047
7896,1.0,0.0,4.2,131,8,30,956,180.0,5047
7897,1.0,0.0,2.7,71,59,62,1670,400.0,5047
7898,1.0,0.0,3.0,143,16,62,242,200.0,5047
7899,1.0,0.0,3.7,110,31,62,1646,450.0,5047
7900,1.0,0.0,4.4,275,26,30,789,300.0,5047
7901,1.0,0.0,4.2,391,26,13,401,500.0,5047
7902,1.0,0.0,4.1,41,16,31,769,400.0,5047
7903,1.0,0.0,4.1,137,26,13,347,750.0,5047
7904,1.0,0.0,4.0,277,31,20,1044,700.0,5047
7905,1.0,0.0,3.0,110,26,20,51,700.0,5047
7906,0.0,1.0,4.1,2008,26,20,1156,800.0,5047
7907,1.0,0.0,2.8,413,58,20,1145,700.0,5047
7908,1.0,1.0,4.3,766,26,22,659,1000.0,5047
7909,1.0,0.0,3.9,89,77,29,769,200.0,5047
7910,1.0,0.0,3.0,253,31,20,1038,500.0,5047
7911,1.0,0.0,3.8,59,14,69,853,300.0,5047
7912,1.0,0.0,4.3,901,78,20,1013,2000.0,5047
7913,1.0,0.0,4.0,111,49,20,972,1000.0,5047
7914,1.0,0.0,4.3,391,26,13,341,700.0,5047
7915,1.0,0.0,4.3,1273,26,16,456,1000.0,5047
7916,0.0,0.0,4.2,583,26,13,427,700.0,5047
7917,1.0,0.0,3.9,122,58,62,217,250.0,5047
7918,1.0,0.0,3.8,80,58,9,224,200.0,5047
7919,1.0,0.0,4.2,159,26,62,217,600.0,5047
7920,1.0,0.0,3.9,224,12,20,1342,950.0,5047
7921,1.0,1.0,4.4,654,26,20,1531,1000.0,5047
7922,1.0,0.0,3.6,91,26,20,1283,550.0,5047
7923,1.0,0.0,3.9,209,26,12,217,400.0,5047
7924,1.0,0.0,4.0,736,26,62,1502,500.0,5047
7925,0.0,1.0,4.0,364,26,20,1156,650.0,5047
7926,1.0,0.0,4.1,220,59,20,1335,800.0,5047
7927,1.0,1.0,3.9,847,26,20,1174,1200.0,5047
7928,1.0,1.0,4.0,2096,8,27,540,2000.0,5047
7929,1.0,0.0,3.9,65,8,63,819,250.0,5047
7930,1.0,0.0,4.3,94,78,20,1088,550.0,5047
7931,1.0,0.0,3.9,187,31,62,1636,250.0,5047
7932,1.0,1.0,4.3,3276,26,20,1006,1400.0,5047
7933,1.0,0.0,3.8,66,26,62,1571,200.0,5047
7934,1.0,1.0,4.3,1788,26,20,282,900.0,5047
7935,1.0,0.0,3.7,243,26,20,1156,850.0,5047
7936,1.0,1.0,4.2,217,16,20,808,1500.0,5047
7937,1.0,0.0,4.2,456,12,13,345,700.0,5047
7938,1.0,0.0,3.9,214,26,62,824,400.0,5047
7939,1.0,1.0,4.3,55,8,20,1541,700.0,5047
7940,0.0,0.0,4.6,206,26,30,956,200.0,5047
7941,1.0,1.0,4.1,292,66,20,914,1000.0,5047
7942,1.0,1.0,4.4,83,26,20,133,1600.0,5047
7943,1.0,0.0,4.0,45,8,20,1019,1500.0,5047
7944,1.0,1.0,4.0,1907,49,20,1663,2100.0,5047
7945,1.0,0.0,2.9,50,8,62,1589,350.0,5047
7946,1.0,0.0,4.1,114,26,14,350,450.0,5047
7947,1.0,1.0,4.2,980,78,21,913,1000.0,5047
7948,0.0,0.0,3.9,149,26,30,787,300.0,5047
7949,0.0,0.0,3.9,82,26,62,1024,300.0,5047
7950,1.0,1.0,4.1,80,26,20,1181,1200.0,5047
7951,1.0,0.0,3.7,63,58,29,1196,300.0,5047
7952,0.0,0.0,4.0,74,26,2,181,400.0,5047
7953,1.0,0.0,3.6,119,58,20,565,550.0,5047
7954,1.0,1.0,3.9,1380,26,13,455,900.0,5047
7955,1.0,0.0,3.9,169,14,9,210,150.0,5047
7956,1.0,1.0,4.0,144,26,13,463,700.0,5047
7957,0.0,0.0,3.9,145,26,72,683,800.0,5047
7958,1.0,0.0,4.0,1202,8,8,663,2000.0,5047
7959,1.0,0.0,3.1,73,16,62,826,500.0,5047
7960,0.0,0.0,3.7,123,26,62,1196,350.0,5047
7961,1.0,0.0,3.8,83,26,30,963,300.0,5047
7962,1.0,1.0,3.9,81,78,20,604,800.0,5047
7963,0.0,1.0,4.0,973,26,5,668,1400.0,5047
7964,1.0,0.0,4.1,720,43,29,1477,700.0,5047
7965,1.0,0.0,3.1,97,58,62,1196,450.0,5047
7966,0.0,0.0,4.1,666,26,0,181,500.0,5047
7967,1.0,1.0,4.0,1013,26,20,1156,1200.0,5047
7968,1.0,0.0,3.8,259,49,13,332,700.0,5047
7969,1.0,1.0,4.3,4645,26,22,1468,600.0,5047
7970,0.0,0.0,4.0,120,26,9,223,350.0,5047
7971,0.0,0.0,2.9,539,26,33,780,500.0,5047
7972,1.0,0.0,3.7,66,78,13,483,800.0,5047
7973,1.0,1.0,4.1,765,78,21,29,1200.0,5047
7974,1.0,0.0,4.2,93,8,62,1561,300.0,5047
7975,1.0,0.0,4.2,115,49,14,350,500.0,5047
7976,1.0,0.0,4.0,133,12,62,821,450.0,5047
7977,0.0,0.0,3.7,130,26,62,1163,600.0,5047
7978,0.0,1.0,3.7,289,26,20,1156,600.0,5047
7979,1.0,0.0,4.1,176,26,20,331,600.0,5047
7980,1.0,0.0,3.0,51,31,0,181,400.0,5047
7981,1.0,0.0,3.7,103,43,62,1209,400.0,5047
7982,1.0,0.0,4.0,1072,26,62,866,350.0,5047
7983,1.0,0.0,3.7,278,8,20,1272,800.0,5047
7984,1.0,0.0,4.1,124,49,22,658,900.0,5047
7985,0.0,0.0,3.7,722,26,62,1547,200.0,5047
7986,1.0,1.0,4.2,222,49,5,122,2000.0,5047
7987,1.0,1.0,4.4,1507,26,20,558,1700.0,5047
7988,0.0,0.0,3.8,264,26,20,558,650.0,5047
7989,1.0,0.0,3.9,346,26,20,1462,450.0,5047
7990,0.0,0.0,3.4,90,26,13,383,500.0,5047
7991,1.0,0.0,4.0,330,31,62,1196,500.0,5047
7992,1.0,0.0,3.8,133,10,62,1156,200.0,5047
7993,1.0,0.0,4.1,566,26,62,820,400.0,5047
7994,1.0,0.0,3.0,59,26,13,479,500.0,5047
7995,1.0,0.0,4.2,431,78,14,481,700.0,5047
7996,1.0,0.0,3.4,122,65,13,362,600.0,5047
7997,1.0,0.0,4.0,237,26,20,1050,500.0,5047
7998,0.0,1.0,4.1,210,26,20,919,1500.0,5047
7999,0.0,0.0,2.7,231,26,62,282,350.0,5047
8000,1.0,0.0,3.8,102,26,30,789,300.0,5047
8001,1.0,1.0,3.9,1437,26,20,1156,1000.0,5047
8002,1.0,0.0,3.8,32,58,72,718,500.0,5047
8003,1.0,0.0,3.8,72,8,13,343,650.0,5047
8004,1.0,1.0,4.1,1052,26,72,709,1400.0,5047
8005,1.0,1.0,4.0,419,58,21,546,1400.0,5047
8006,0.0,0.0,3.9,155,26,13,383,700.0,5047
8007,1.0,0.0,4.0,48,26,62,1514,200.0,5047
8008,0.0,0.0,3.0,317,26,20,1589,400.0,5047
8009,1.0,0.0,3.5,54,26,20,56,700.0,5047
8010,1.0,0.0,3.2,46,78,62,1156,300.0,5047
8011,1.0,0.0,4.0,85,65,35,442,400.0,5047
8012,1.0,0.0,3.7,87,2,62,521,450.0,5047
8013,1.0,0.0,3.8,110,78,62,84,300.0,5047
8014,1.0,0.0,3.8,71,26,13,332,500.0,5047
8015,1.0,0.0,3.8,137,26,21,1196,750.0,5047
8016,1.0,0.0,3.8,721,26,20,1408,500.0,5047
8017,1.0,0.0,3.8,168,31,62,1271,450.0,5047
8018,1.0,0.0,3.3,73,59,29,1479,750.0,5047
8019,1.0,1.0,4.8,1724,26,20,1003,1200.0,5047
8020,1.0,0.0,3.7,155,26,62,1156,200.0,5047
8021,1.0,0.0,4.2,858,78,20,1655,1800.0,5047
8022,1.0,1.0,4.1,2075,26,20,1490,800.0,5047
8023,0.0,0.0,3.9,49,26,13,332,200.0,5047
8024,0.0,0.0,3.9,71,26,72,175,200.0,5047
8025,0.0,0.0,4.0,213,26,12,918,400.0,5047
8026,1.0,1.0,4.3,686,26,20,1088,1000.0,5047
8027,0.0,0.0,3.7,69,26,13,383,700.0,5047
8028,0.0,0.0,3.5,40,26,62,1156,400.0,5047
8029,0.0,0.0,3.2,122,26,62,868,200.0,5047
8030,0.0,1.0,4.0,869,26,20,1375,1100.0,5047
8031,1.0,1.0,3.7,58,26,20,521,1500.0,5047
8032,1.0,0.0,3.9,461,78,16,340,800.0,5047
8033,1.0,0.0,4.3,783,20,62,1156,300.0,5047
8034,0.0,0.0,3.6,116,26,20,82,650.0,5047
8035,0.0,0.0,3.7,42,26,62,558,400.0,5047
8036,0.0,0.0,4.1,131,26,32,773,400.0,5047
8037,1.0,0.0,4.1,59,31,62,1416,300.0,5047
8038,0.0,0.0,3.8,29,26,62,817,350.0,5047
8039,0.0,0.0,2.4,256,26,20,1156,450.0,5047
8040,1.0,0.0,3.8,96,78,13,420,600.0,5047
8041,1.0,1.0,2.2,406,49,20,1109,1000.0,5047
8042,0.0,0.0,4.0,134,26,17,430,600.0,5047
8043,1.0,1.0,3.8,297,26,20,1222,1200.0,5047
8044,1.0,0.0,3.9,123,58,29,1196,400.0,5047
8045,1.0,0.0,3.6,104,8,13,404,800.0,5047
8046,1.0,0.0,2.8,79,16,62,1235,300.0,5047
8047,1.0,1.0,4.4,712,66,20,1090,1000.0,5047
8048,1.0,0.0,2.8,185,26,13,401,500.0,5047
8049,1.0,1.0,4.1,201,26,5,25,1500.0,5047
8050,1.0,0.0,4.3,264,31,29,856,400.0,5047
8051,1.0,0.0,3.8,263,26,72,518,700.0,5047
8052,1.0,0.0,4.1,372,31,62,1636,150.0,5047
8053,1.0,0.0,3.8,405,26,62,1058,350.0,5047
8054,0.0,1.0,3.8,108,78,4,1196,1400.0,5047
8055,1.0,0.0,2.4,129,26,13,439,600.0,1063
8056,1.0,0.0,3.8,109,43,72,1002,400.0,5047
8057,1.0,0.0,2.1,252,26,29,1386,500.0,5047
8058,0.0,1.0,4.0,170,58,37,605,1900.0,5047
8059,0.0,0.0,2.8,50,58,62,836,400.0,5047
8060,0.0,0.0,2.8,43,16,29,1196,500.0,5047
8061,1.0,1.0,4.2,1345,26,20,1071,1700.0,5047
8062,1.0,0.0,4.1,2415,26,46,847,1400.0,5047
8063,1.0,0.0,3.9,247,26,20,521,650.0,5047
8064,1.0,0.0,3.7,216,17,44,24,450.0,5047
8065,1.0,0.0,3.7,133,77,62,1306,500.0,5047
8066,1.0,0.0,3.5,98,26,20,1209,600.0,5047
8067,0.0,1.0,4.0,1724,16,48,750,1600.0,5047
8068,1.0,0.0,3.8,77,26,62,65,250.0,5047
8069,1.0,0.0,2.5,90,26,62,235,300.0,5047
8070,1.0,0.0,4.2,1855,26,13,383,800.0,5047
8071,1.0,1.0,4.4,689,49,22,8,1700.0,5047
8072,0.0,0.0,4.0,284,31,13,332,500.0,5047
8073,0.0,0.0,3.7,287,58,20,49,450.0,5047
8074,0.0,0.0,3.7,73,58,62,1427,400.0,5047
8075,0.0,0.0,3.5,217,31,62,1628,150.0,5047
8076,0.0,0.0,3.7,45,31,20,1547,500.0,5047
8077,0.0,0.0,2.8,118,16,20,1433,450.0,5047
8078,0.0,0.0,3.8,210,77,20,1156,700.0,5047
8079,0.0,0.0,2.8,93,58,20,1217,500.0,5047
8080,0.0,0.0,2.9,46,16,20,1156,250.0,5047
8081,0.0,0.0,3.4,46,16,20,1156,1100.0,5047
8082,0.0,0.0,2.9,31,31,62,1552,400.0,5047
8083,0.0,0.0,3.1,63,77,69,1121,150.0,5047
8084,0.0,0.0,3.7,70,31,62,1371,200.0,5047
8085,0.0,0.0,2.9,68,31,72,1476,500.0,5047
8086,0.0,0.0,4.0,391,16,62,1213,500.0,5047
8087,0.0,0.0,3.6,80,31,20,1033,500.0,5047
8088,1.0,0.0,3.8,69,8,20,1587,500.0,5047
8089,1.0,0.0,4.0,220,59,13,489,850.0,5047
8090,1.0,0.0,2.9,48,26,1,177,500.0,3326
8091,1.0,1.0,3.8,198,49,20,982,1600.0,5047
8092,1.0,0.0,3.5,140,12,20,1156,600.0,5047
8093,1.0,0.0,4.3,203,26,72,1465,600.0,5047
8094,1.0,0.0,3.8,52,2,41,1547,200.0,5047
8095,1.0,1.0,4.8,1724,26,20,1003,1200.0,5047
8096,0.0,0.0,4.4,1099,26,17,427,800.0,5047
8097,1.0,0.0,4.7,2139,26,30,956,400.0,5047
8098,1.0,0.0,4.2,5299,26,1,179,600.0,5047
8099,1.0,0.0,4.2,1855,26,13,383,800.0,5047
8100,1.0,0.0,4.6,1689,26,33,781,900.0,5047
8101,0.0,0.0,4.9,2090,26,30,956,400.0,5047
8102,1.0,1.0,4.3,1236,26,14,390,1000.0,5047
8103,1.0,0.0,3.9,56,26,0,175,500.0,5047
8104,1.0,0.0,4.5,2686,26,33,954,550.0,5047
8105,0.0,0.0,4.1,540,26,30,769,500.0,5047
8106,0.0,0.0,4.6,922,26,30,956,150.0,5047
8107,1.0,0.0,4.4,845,26,29,930,500.0,2309
8108,0.0,0.0,4.2,311,26,13,399,800.0,5047
8109,0.0,0.0,4.2,583,26,13,427,700.0,5047
8110,1.0,0.0,4.4,275,26,30,789,300.0,5047
8111,1.0,0.0,4.3,374,26,30,1634,400.0,5047
8112,0.0,0.0,4.0,863,26,33,771,800.0,5047
8113,1.0,0.0,4.3,420,26,33,779,400.0,5047
8114,1.0,0.0,4.2,624,26,30,767,300.0,5047
8115,0.0,0.0,4.0,74,26,30,175,400.0,5047
8116,1.0,0.0,4.3,127,26,30,767,300.0,5047
8117,1.0,0.0,4.3,78,26,30,773,400.0,5047
8118,1.0,0.0,4.0,289,26,30,767,300.0,5047
8119,0.0,0.0,4.6,206,26,30,956,200.0,5047
8120,1.0,1.0,4.0,210,26,13,475,800.0,5047
8121,1.0,0.0,3.9,123,26,35,1121,400.0,5047
8122,1.0,0.0,4.0,567,26,11,778,400.0,5047
8123,0.0,0.0,3.9,149,26,30,787,300.0,5047
8124,0.0,0.0,3.9,82,26,62,1024,300.0,5047
8125,0.0,0.0,4.0,74,26,2,181,400.0,5047
8126,1.0,1.0,4.1,243,26,20,1033,800.0,3922
8127,1.0,0.0,4.1,332,26,22,662,800.0,5047
8128,0.0,0.0,4.1,666,26,0,181,500.0,5047
8129,1.0,0.0,4.2,734,26,30,767,300.0,5047
8130,1.0,0.0,4.2,216,26,30,791,500.0,5047
8131,1.0,0.0,4.1,137,26,13,347,750.0,5047
8132,1.0,0.0,4.1,110,26,68,1121,150.0,5047
8133,0.0,0.0,2.9,539,26,33,780,500.0,5047
8134,1.0,0.0,4.1,114,26,14,350,450.0,5047
8135,1.0,0.0,4.0,48,26,29,181,500.0,5047
8136,1.0,0.0,3.5,138,26,3,187,400.0,5047
8137,1.0,0.0,4.1,259,26,30,773,300.0,5047
8138,1.0,0.0,4.0,71,26,30,767,400.0,5047
8139,1.0,0.0,4.1,57,26,70,1121,200.0,5047
8140,0.0,0.0,4.0,97,26,16,1506,1100.0,5047
8141,0.0,0.0,2.9,52,26,70,1121,200.0,5047
8142,0.0,0.0,3.9,49,26,13,332,200.0,5047
8143,0.0,0.0,3.9,71,26,72,175,200.0,5047
8144,1.0,0.0,2.9,59,26,13,436,650.0,5047
8145,1.0,0.0,3.8,102,26,30,789,300.0,5047
8146,0.0,0.0,3.8,80,26,30,956,250.0,5047
8147,1.0,0.0,2.9,48,26,1,177,500.0,3326
8148,0.0,0.0,4.0,134,26,17,430,600.0,5047
8149,0.0,0.0,4.1,131,26,32,773,400.0,5047
8150,1.0,0.0,3.8,83,26,30,963,300.0,5047
8151,1.0,0.0,4.3,888,16,29,181,500.0,701
8152,1.0,0.0,3.9,89,77,29,769,200.0,5047
8153,1.0,0.0,2.9,229,31,66,1455,250.0,5047
8154,1.0,0.0,3.9,77,16,32,773,300.0,5047
8155,1.0,0.0,3.0,64,16,30,794,200.0,5047
8156,1.0,0.0,3.0,51,31,0,181,400.0,5047
8157,0.0,0.0,2.8,118,16,20,1433,450.0,5047
8158,1.0,0.0,3.3,66,77,69,1121,300.0,5047
8159,0.0,1.0,4.1,117,78,20,644,2000.0,5047
8160,1.0,0.0,4.2,431,78,14,481,700.0,5047
8161,1.0,0.0,4.0,261,58,69,1121,400.0,5047
8162,0.0,0.0,4.0,79,49,30,767,800.0,5047
8163,0.0,0.0,3.9,72,58,30,769,1200.0,5047
8164,1.0,0.0,3.8,135,58,33,785,700.0,5047
8165,0.0,0.0,3.9,65,78,62,1640,200.0,5047
8166,1.0,0.0,3.8,80,58,9,224,200.0,5047
8167,0.0,1.0,4.4,953,26,38,1127,2500.0,5047
8168,0.0,1.0,4.7,7160,26,20,1325,1600.0,5047
8169,0.0,0.0,4.7,14956,26,52,969,1500.0,5047
8170,0.0,0.0,4.3,424,26,5,1576,1000.0,5047
8171,1.0,0.0,4.3,289,26,20,255,800.0,5047
8172,1.0,0.0,4.7,1594,26,20,127,1500.0,5047
8173,0.0,1.0,4.1,177,26,60,1650,2000.0,5047
8174,0.0,1.0,4.2,6907,26,56,1304,1400.0,5047
8175,1.0,0.0,4.4,1865,26,20,1124,1800.0,5047
8176,1.0,0.0,4.6,3760,26,21,160,1200.0,5047
8177,1.0,1.0,4.5,3219,26,20,1156,1200.0,3207
8178,0.0,1.0,4.3,4187,26,5,752,1500.0,5047
8179,0.0,1.0,4.6,2785,26,5,641,1500.0,5047
8180,1.0,1.0,4.6,5421,26,20,809,1600.0,1603
8181,1.0,1.0,4.8,1724,26,20,1003,1200.0,5047
8182,0.0,1.0,4.1,3864,26,21,803,1300.0,5047
8183,0.0,0.0,4.6,1313,26,16,338,900.0,5047
8184,0.0,1.0,4.3,3592,26,49,626,2100.0,5047
8185,0.0,1.0,4.4,953,26,38,1127,2500.0,5047
8186,0.0,1.0,4.7,4398,26,20,965,1500.0,5047
8187,0.0,1.0,4.4,2993,26,5,543,1400.0,5047
8188,1.0,1.0,4.0,1129,26,20,1156,1000.0,5047
8189,0.0,1.0,4.3,879,26,5,804,1300.0,5047
8190,1.0,0.0,4.2,1855,26,13,383,800.0,5047
8191,0.0,1.0,4.2,2901,26,57,1503,1300.0,5047
8192,1.0,1.0,4.3,1788,26,20,282,900.0,5047
8193,1.0,1.0,4.1,840,26,20,1222,1200.0,5047
8194,1.0,1.0,4.4,1507,26,20,558,1700.0,5047
8195,1.0,0.0,4.1,3238,26,20,294,800.0,5047
8196,0.0,1.0,4.2,1633,26,20,990,1500.0,5047
8197,1.0,1.0,4.3,3276,26,20,1006,1400.0,5047
8198,1.0,0.0,4.3,3848,26,57,4,1400.0,5047
8199,1.0,1.0,4.4,1420,26,21,1156,1100.0,5047
8200,0.0,0.0,4.4,2921,26,20,1679,1100.0,5047
8201,1.0,1.0,4.4,2558,26,20,158,1600.0,5047
8202,0.0,1.0,4.5,717,26,20,965,1000.0,5047
8203,0.0,0.0,4.4,542,26,20,1525,1200.0,5047
8204,1.0,1.0,4.3,4645,26,22,1468,600.0,5047
8205,0.0,0.0,4.1,1075,26,20,1452,800.0,5047
8206,1.0,0.0,4.3,1273,26,16,456,1000.0,5047
8207,0.0,1.0,4.2,172,26,49,717,1500.0,5047
8208,1.0,1.0,4.3,1236,26,14,390,1000.0,5047
8209,0.0,0.0,4.2,1926,26,20,43,850.0,5047
8210,1.0,1.0,4.5,1619,26,20,1008,1300.0,5047
8211,1.0,0.0,4.3,1210,26,20,1488,1200.0,5047
8212,1.0,0.0,4.2,1204,26,13,451,600.0,4482
8213,1.0,1.0,4.3,367,26,20,1656,1200.0,5047
8214,0.0,1.0,4.1,1224,26,20,1560,800.0,5047
8215,1.0,1.0,4.2,1745,26,20,254,750.0,4700
8216,0.0,1.0,4.2,2445,26,5,538,1500.0,5047
8217,0.0,0.0,4.3,1563,26,20,197,1000.0,5047
8218,1.0,1.0,3.9,1437,26,20,1156,1000.0,3902
8219,0.0,0.0,4.2,1654,26,16,410,1300.0,5047
8220,1.0,1.0,4.1,201,26,5,25,1500.0,5047
8221,1.0,1.0,4.1,2075,26,20,1490,800.0,5047
8222,0.0,0.0,4.4,2658,26,20,1109,1200.0,5047
8223,1.0,1.0,4.4,654,26,20,1531,1000.0,5047
8224,0.0,0.0,4.5,198,26,13,359,600.0,5047
8225,1.0,1.0,3.9,847,26,20,1174,1200.0,5047
8226,0.0,1.0,4.2,902,26,21,50,800.0,5047
8227,1.0,0.0,4.4,105,26,13,509,200.0,5047
8228,1.0,1.0,4.3,686,26,20,1088,1000.0,5047
8229,0.0,0.0,4.2,1651,26,26,12,1200.0,5047
8230,1.0,0.0,4.2,8185,26,20,1402,750.0,2098
8231,1.0,1.0,4.4,83,26,20,133,1600.0,972
8232,1.0,1.0,4.1,1827,26,21,1012,1100.0,209
8233,1.0,0.0,4.2,391,26,13,401,500.0,2580
8234,1.0,1.0,4.1,1473,26,20,14,1500.0,4153
8235,0.0,1.0,4.2,69,26,20,676,1200.0,5047
8236,0.0,0.0,4.2,807,26,20,49,900.0,5047
8237,0.0,1.0,3.8,201,26,21,1253,1000.0,5047
8238,0.0,0.0,4.1,57,26,20,1114,800.0,5047
8239,0.0,1.0,4.1,210,26,20,919,1500.0,5047
8240,1.0,0.0,4.0,556,26,20,1277,900.0,2486
8241,0.0,0.0,4.1,1858,26,4,885,1200.0,5047
8242,1.0,1.0,4.2,1345,26,20,1071,1700.0,5047
8243,0.0,0.0,3.8,768,26,20,517,650.0,5047
8244,0.0,1.0,3.6,1111,26,46,669,1400.0,5047
8245,1.0,0.0,4.3,391,26,13,341,700.0,1967
8246,0.0,1.0,4.0,592,26,4,738,1300.0,5047
8247,1.0,1.0,4.0,1413,26,5,1660,1500.0,5047
8248,0.0,1.0,4.2,1089,26,60,878,1100.0,5047
8249,1.0,0.0,3.8,1837,26,20,1451,900.0,2332
8250,0.0,0.0,4.2,311,26,13,399,800.0,5047
8251,0.0,1.0,4.1,2008,26,20,1156,800.0,5047
8252,1.0,0.0,4.4,154,26,13,448,600.0,683
8253,1.0,1.0,3.9,1380,26,13,455,900.0,798
8254,1.0,1.0,4.3,766,26,22,659,1000.0,3223
8255,0.0,1.0,4.3,504,26,20,1547,1100.0,5047
8256,0.0,0.0,4.1,290,26,20,1067,1500.0,5047
8257,1.0,0.0,4.2,970,26,20,596,1100.0,5047
8258,0.0,0.0,3.9,48,26,4,905,900.0,5047
8259,0.0,1.0,4.0,773,26,25,1141,1000.0,5047
8260,1.0,0.0,4.2,444,26,20,1530,700.0,5047
8261,0.0,0.0,4.2,583,26,13,427,700.0,5047
8262,0.0,0.0,4.0,514,26,20,521,500.0,5047
8263,0.0,0.0,4.2,858,26,13,332,600.0,5047
8264,0.0,1.0,3.9,644,26,60,723,1500.0,5047
8265,1.0,0.0,3.9,238,26,20,1216,800.0,5047
8266,1.0,1.0,4.0,144,26,13,463,700.0,5047
8267,0.0,1.0,4.0,364,26,20,1156,650.0,5047
8268,1.0,0.0,4.0,401,26,13,459,650.0,5047
8269,1.0,0.0,4.1,1145,26,16,415,500.0,5047
8270,1.0,0.0,4.0,237,26,20,1050,500.0,5047
8271,1.0,0.0,4.1,730,26,20,1156,950.0,5047
8272,0.0,1.0,4.0,973,26,5,668,1400.0,5047
8273,1.0,0.0,4.0,69,26,20,517,750.0,5047
8274,1.0,0.0,4.1,293,26,20,579,800.0,5047
8275,1.0,1.0,4.1,522,26,20,619,800.0,5047
8276,1.0,0.0,3.0,564,26,20,1597,400.0,5047
8277,1.0,1.0,4.1,80,26,20,1181,1200.0,5047
8278,0.0,0.0,4.5,60,26,20,526,800.0,5047
8279,1.0,0.0,4.0,84,26,13,835,450.0,5047
8280,1.0,0.0,3.8,721,26,20,1408,500.0,5047
8281,1.0,1.0,4.0,1013,26,20,1156,1200.0,5047
8282,0.0,0.0,3.9,434,26,20,1547,500.0,5047
8283,1.0,0.0,3.8,137,26,21,1196,750.0,5047
8284,0.0,1.0,3.9,815,26,4,31,1700.0,5047
8285,1.0,1.0,3.6,592,26,20,245,850.0,5047
8286,1.0,1.0,4.0,210,26,13,475,800.0,5047
8287,0.0,1.0,3.9,854,26,46,1223,1600.0,5047
8288,1.0,0.0,3.9,661,26,13,511,500.0,5047
8289,0.0,1.0,4.0,601,26,46,760,1800.0,5047
8290,1.0,1.0,3.8,297,26,20,1222,1200.0,5047
8291,1.0,0.0,4.1,176,26,20,331,600.0,1695
8292,1.0,1.0,4.1,243,26,20,1033,800.0,1160
8293,0.0,1.0,4.1,289,26,13,332,850.0,5047
8294,0.0,1.0,4.0,103,26,20,1372,800.0,5047
8295,0.0,0.0,3.7,123,26,62,1196,350.0,5047
8296,1.0,0.0,4.1,332,26,22,662,800.0,1046
8297,0.0,1.0,4.1,1341,26,46,634,1500.0,5047
8298,1.0,0.0,4.2,224,26,20,1654,800.0,5047
8299,1.0,0.0,3.9,257,26,20,1277,650.0,2436
8300,1.0,0.0,3.7,243,26,20,1156,850.0,1525
8301,1.0,0.0,2.7,283,26,20,521,700.0,1307
8302,0.0,1.0,3.8,263,26,60,756,1000.0,5047
8303,0.0,1.0,3.9,79,26,20,1161,1100.0,5047
8304,1.0,0.0,4.1,198,26,20,1544,650.0,1104
8305,1.0,0.0,3.9,346,26,20,1462,450.0,1923
8306,1.0,0.0,3.9,543,26,20,1375,800.0,4333
8307,1.0,0.0,3.6,133,26,51,308,250.0,3348
8308,0.0,1.0,3.7,289,26,20,1156,600.0,5047
8309,1.0,0.0,3.9,247,26,20,521,650.0,5047
8310,0.0,0.0,3.8,264,26,20,558,650.0,5047
8311,1.0,0.0,3.6,91,26,20,1283,550.0,50
8312,0.0,0.0,3.4,90,26,13,383,500.0,5047
8313,0.0,1.0,4.0,869,26,20,1375,1100.0,5047
8314,1.0,0.0,3.8,71,26,13,332,500.0,5047
8315,0.0,0.0,2.8,211,26,20,1597,650.0,5047
8316,1.0,0.0,3.5,54,26,20,56,700.0,5047
8317,0.0,1.0,3.9,1214,26,57,535,1200.0,5047
8318,1.0,1.0,3.7,58,26,20,521,1500.0,3003
8319,0.0,0.0,3.9,155,26,13,383,700.0,5047
8320,0.0,0.0,3.0,317,26,20,1589,400.0,5047
8321,0.0,0.0,4.0,97,26,16,1506,1100.0,5047
8322,1.0,0.0,2.8,185,26,13,401,500.0,5047
8323,1.0,0.0,2.8,94,26,20,610,600.0,3398
8324,0.0,0.0,3.7,69,26,13,383,700.0,5047
8325,1.0,0.0,2.9,59,26,13,436,650.0,785
8326,1.0,0.0,3.5,98,26,20,1209,600.0,5047
8327,1.0,0.0,2.4,129,26,13,439,600.0,1063
8328,1.0,0.0,4.0,153,26,20,1272,700.0,4362
8329,0.0,0.0,3.6,116,26,20,82,650.0,5047
8330,0.0,0.0,4.0,134,26,17,430,600.0,5047
8331,0.0,0.0,2.4,256,26,20,1156,450.0,5047
8332,1.0,0.0,3.0,59,26,13,479,500.0,2571
8333,0.0,1.0,3.8,198,26,21,669,1000.0,5047
8334,1.0,0.0,3.0,110,26,20,51,700.0,1071
8335,1.0,0.0,3.4,334,26,20,82,550.0,3892
8336,1.0,0.0,4.2,5299,26,1,179,600.0,4526
8337,0.0,0.0,4.3,1878,26,62,1547,300.0,5047
8338,1.0,0.0,3.9,388,26,62,322,500.0,5047
8339,0.0,0.0,3.9,49,26,62,623,150.0,5047
8340,1.0,0.0,3.1,668,26,62,322,450.0,671
8341,1.0,1.0,3.9,53,26,62,284,350.0,3748
8342,1.0,0.0,4.2,770,26,62,1591,300.0,1544
8343,1.0,0.0,4.3,374,26,30,1634,400.0,2082
8344,1.0,0.0,4.2,387,26,62,1110,600.0,4889
8345,1.0,0.0,3.9,43,26,62,1547,150.0,5047
8346,1.0,0.0,3.0,464,26,62,1474,800.0,3121
8347,1.0,0.0,3.7,78,26,62,826,200.0,5047
8348,1.0,0.0,4.0,450,26,62,1638,300.0,5047
8349,1.0,0.0,4.0,50,26,62,1652,200.0,4269
8350,1.0,0.0,4.0,1391,26,62,323,600.0,1474
8351,1.0,0.0,2.5,90,26,62,235,300.0,5047
8352,0.0,0.0,3.9,82,26,62,1024,300.0,5047
8353,1.0,0.0,4.1,566,26,62,820,400.0,2044
8354,1.0,0.0,4.2,315,26,62,330,500.0,4979
8355,1.0,0.0,4.3,183,26,62,366,650.0,317
8356,1.0,1.0,4.0,340,26,62,654,800.0,5042
8357,1.0,0.0,4.1,81,26,62,1156,150.0,5047
8358,0.0,0.0,3.4,90,26,62,1604,200.0,5047
8359,1.0,0.0,4.0,1072,26,62,866,350.0,4358
8360,1.0,0.0,3.8,405,26,62,1058,350.0,5047
8361,1.0,0.0,3.9,82,26,62,329,500.0,5047
8362,0.0,0.0,3.8,166,26,62,1561,200.0,5047
8363,1.0,0.0,2.6,124,26,62,616,500.0,5047
8364,1.0,0.0,3.7,155,26,62,1156,200.0,5047
8365,1.0,0.0,4.2,159,26,62,217,600.0,5047
8366,1.0,0.0,3.7,129,26,62,1589,40.0,5047
8367,1.0,0.0,3.8,140,26,62,266,400.0,5047
8368,0.0,0.0,2.9,539,26,33,780,500.0,5047
8369,0.0,0.0,3.7,130,26,62,1163,600.0,5047
8370,0.0,0.0,4.2,261,26,62,128,500.0,5047
8371,1.0,0.0,3.9,214,26,62,824,400.0,5047
8372,0.0,0.0,3.7,722,26,62,1547,200.0,5047
8373,1.0,0.0,3.9,199,26,62,1552,400.0,5047
8374,0.0,0.0,2.7,231,26,62,282,350.0,5047
8375,0.0,0.0,4.2,253,26,62,1112,400.0,5047
8376,1.0,0.0,4.0,264,26,64,649,700.0,5047
8377,1.0,0.0,3.5,138,26,3,187,400.0,5047
8378,1.0,0.0,3.8,66,26,62,1571,200.0,5047
8379,1.0,0.0,3.6,228,26,62,1156,350.0,5047
8380,1.0,0.0,3.4,155,26,62,868,250.0,5047
8381,1.0,0.0,3.8,77,26,62,65,250.0,5047
8382,1.0,0.0,3.4,89,26,62,866,400.0,5047
8383,1.0,0.0,2.4,258,26,62,1507,600.0,5047
8384,1.0,0.0,4.0,48,26,62,1514,200.0,5047
8385,0.0,0.0,3.5,40,26,62,1156,400.0,5047
8386,0.0,0.0,3.2,122,26,62,868,200.0,5047
8387,0.0,0.0,3.7,42,26,62,558,400.0,5047
8388,1.0,0.0,2.9,48,26,1,177,500.0,3326
8389,1.0,0.0,4.0,736,26,62,1502,500.0,3654
8390,0.0,0.0,3.8,29,26,62,817,350.0,5047
8391,1.0,0.0,3.9,924,26,62,1335,300.0,2811
8392,1.0,0.0,4.0,472,26,62,235,300.0,577
8393,0.0,1.0,4.0,1724,16,48,750,1600.0,5047
8394,1.0,0.0,3.9,456,16,20,1219,600.0,4587
8395,0.0,1.0,4.3,2031,16,61,737,1700.0,5047
8396,1.0,1.0,4.2,217,16,20,808,1500.0,4293
8397,1.0,0.0,4.0,682,31,20,266,750.0,977
8398,1.0,0.0,3.9,521,77,20,57,600.0,332
8399,1.0,0.0,3.8,259,31,20,1542,600.0,1234
8400,0.0,1.0,4.2,325,16,20,1528,1800.0,5047
8401,1.0,0.0,3.1,282,31,20,604,850.0,1126
8402,0.0,0.0,4.0,115,16,21,1305,1700.0,5047
8403,1.0,0.0,3.3,59,31,20,1533,750.0,1401
8404,1.0,0.0,3.9,138,31,20,1176,600.0,4420
8405,1.0,0.0,2.9,319,16,20,1252,1000.0,746
8406,1.0,0.0,4.1,146,31,20,1181,800.0,3510
8407,0.0,0.0,4.0,284,31,13,332,500.0,5047
8408,1.0,0.0,3.8,426,31,20,49,500.0,1292
8409,1.0,0.0,3.9,647,31,20,609,500.0,1285
8410,1.0,0.0,4.0,277,31,20,1044,700.0,4313
8411,1.0,0.0,3.1,330,16,20,1196,500.0,4802
8412,1.0,0.0,3.6,216,77,20,1436,550.0,4048
8413,1.0,0.0,3.9,224,31,20,53,600.0,962
8414,1.0,0.0,4.1,360,16,20,321,600.0,1298
8415,0.0,0.0,3.7,45,31,20,1547,500.0,5047
8416,0.0,0.0,3.7,56,16,20,1141,1800.0,5047
8417,0.0,0.0,4.0,108,16,4,1536,1300.0,5047
8418,1.0,0.0,3.0,159,31,62,1051,400.0,4784
8419,0.0,0.0,2.8,118,16,20,1433,450.0,5047
8420,0.0,0.0,3.8,210,77,20,1156,700.0,5047
8421,0.0,0.0,2.9,46,16,20,1156,250.0,5047
8422,0.0,0.0,3.4,46,16,20,1156,1100.0,5047
8423,1.0,0.0,3.2,574,31,20,515,600.0,958
8424,1.0,0.0,3.0,253,31,20,1038,500.0,4785
8425,1.0,1.0,3.4,257,31,20,1380,500.0,4909
8426,0.0,0.0,3.6,80,31,20,1033,500.0,5047
8427,1.0,0.0,4.4,580,77,62,908,450.0,2294
8428,1.0,0.0,4.1,496,31,62,588,300.0,2440
8429,1.0,0.0,4.1,372,31,62,1636,150.0,5047
8430,1.0,0.0,4.2,241,31,62,1407,400.0,2525
8431,1.0,0.0,4.1,551,77,62,1581,350.0,1152
8432,1.0,0.0,3.8,185,31,62,817,150.0,5047
8433,1.0,0.0,3.9,302,16,62,1063,300.0,2005
8434,1.0,0.0,3.9,187,31,62,1636,250.0,5047
8435,1.0,0.0,3.9,418,31,62,1196,200.0,5047
8436,0.0,0.0,3.6,64,16,62,1610,150.0,5047
8437,1.0,0.0,3.8,168,31,62,1271,450.0,5047
8438,1.0,0.0,3.6,179,31,62,1192,350.0,5047
8439,1.0,0.0,3.7,257,31,62,295,450.0,5047
8440,1.0,0.0,4.1,59,31,62,1416,300.0,5047
8441,1.0,0.0,2.9,229,31,66,1455,250.0,5047
8442,1.0,0.0,3.0,143,16,62,242,200.0,1058
8443,1.0,0.0,3.3,214,31,62,1156,450.0,3857
8444,1.0,0.0,4.1,110,77,62,1190,500.0,1025
8445,1.0,0.0,4.0,330,31,62,1196,500.0,2782
8446,0.0,0.0,3.5,217,31,62,1628,150.0,5047
8447,1.0,0.0,3.1,73,16,62,826,500.0,3021
8448,0.0,0.0,3.7,96,77,62,1565,350.0,5047
8449,1.0,0.0,3.7,110,31,62,1646,450.0,1362
8450,1.0,0.0,2.8,79,16,62,1235,300.0,5047
8451,1.0,0.0,3.9,120,31,62,1636,250.0,710
8452,1.0,0.0,3.4,148,31,62,1589,350.0,2712
8453,0.0,0.0,2.9,31,31,62,1552,400.0,5047
8454,0.0,0.0,3.7,70,31,62,1371,200.0,5047
8455,1.0,0.0,3.8,61,31,62,1156,400.0,2444
8456,0.0,0.0,4.0,391,16,62,1213,500.0,5047
8457,1.0,0.0,3.2,166,16,62,1476,600.0,3491
8458,0.0,1.0,4.7,9041,58,61,16,1800.0,5047
8459,0.0,1.0,4.6,2332,49,37,525,2800.0,5047
8460,0.0,1.0,4.2,590,58,37,1344,3500.0,5047
8461,0.0,0.0,4.6,979,49,37,1654,3000.0,5047
8462,1.0,1.0,4.0,1907,49,20,1663,2100.0,808
8463,0.0,1.0,4.3,147,78,37,18,2800.0,5047
8464,0.0,1.0,4.2,519,58,37,1416,4000.0,5047
8465,0.0,0.0,4.1,403,58,4,878,1000.0,5047
8466,1.0,1.0,4.2,2015,58,20,165,1000.0,464
8467,1.0,1.0,4.4,689,49,22,8,1700.0,214
8468,0.0,1.0,4.0,421,58,37,718,2200.0,5047
8469,0.0,1.0,4.2,139,78,37,988,2500.0,5047
8470,0.0,0.0,4.3,687,49,37,812,3000.0,5047
8471,0.0,1.0,4.1,207,49,60,690,1000.0,5047
8472,1.0,1.0,4.0,419,58,21,546,1400.0,4630
8473,1.0,1.0,4.2,980,78,21,913,1000.0,2930
8474,0.0,1.0,4.1,563,49,22,1349,2500.0,5047
8475,0.0,1.0,4.1,245,58,37,1662,3500.0,5047
8476,0.0,1.0,4.1,303,58,37,1156,2000.0,5047
8477,1.0,0.0,3.9,1615,58,20,286,550.0,4391
8478,1.0,0.0,3.9,117,78,20,513,600.0,667
8479,0.0,1.0,4.1,80,78,37,1015,3000.0,5047
8480,0.0,1.0,4.0,427,58,28,816,2400.0,5047
8481,0.0,1.0,4.2,536,49,26,1404,1500.0,5047
8482,0.0,1.0,4.3,126,58,37,906,6000.0,5047
8483,0.0,1.0,4.3,449,49,37,558,3000.0,5047
8484,0.0,1.0,4.1,609,49,27,624,2800.0,5047
8485,1.0,1.0,4.1,765,78,21,29,1200.0,225
8486,1.0,0.0,4.0,111,49,20,972,1000.0,4515
8487,0.0,1.0,4.2,405,58,20,84,1500.0,5047
8488,0.0,1.0,4.1,334,49,21,1050,1800.0,5047
8489,0.0,0.0,3.8,617,49,46,1254,3000.0,5047
8490,0.0,1.0,4.1,117,78,20,644,2000.0,5047
8491,1.0,0.0,4.2,431,78,14,481,700.0,456
8492,0.0,0.0,4.0,58,78,20,1095,2000.0,5047
8493,1.0,0.0,2.8,413,58,20,1145,700.0,1004
8494,0.0,0.0,3.7,287,58,20,49,450.0,5047
8495,1.0,0.0,3.7,443,58,20,1563,400.0,77
8496,1.0,0.0,3.9,99,78,62,1156,150.0,2417
8497,0.0,0.0,4.1,115,49,37,34,3000.0,5047
8498,0.0,0.0,4.1,168,49,37,521,2500.0,5047
8499,0.0,0.0,3.9,108,58,46,878,3000.0,5047
8500,1.0,0.0,3.9,122,58,62,217,250.0,1941
8501,0.0,1.0,4.0,195,49,47,1368,3000.0,5047
8502,0.0,0.0,3.7,73,58,62,1427,400.0,5047
8503,1.0,0.0,3.6,119,58,20,565,550.0,4414
8504,0.0,0.0,3.9,82,58,62,1156,150.0,5047
8505,0.0,0.0,4.1,258,49,21,663,1200.0,5047
8506,0.0,1.0,4.2,271,49,37,994,3000.0,5047
8507,1.0,0.0,3.2,393,58,62,1196,400.0,2604
8508,0.0,1.0,3.8,108,78,4,1196,1400.0,5047
8509,0.0,1.0,4.0,91,78,46,887,2400.0,5047
8510,1.0,0.0,3.8,135,58,33,785,700.0,3428
8511,0.0,1.0,4.0,170,58,37,605,1900.0,5047
8512,1.0,1.0,2.2,406,49,20,1109,1000.0,3987
8513,1.0,0.0,3.1,97,58,62,1196,450.0,3941
8514,0.0,0.0,2.8,93,58,20,1217,500.0,5047
8515,1.0,0.0,3.8,32,58,72,718,500.0,4302
8516,0.0,0.0,2.8,50,58,62,836,400.0,5047
8517,1.0,0.0,2.7,67,59,62,1137,300.0,221
8518,1.0,0.0,3.8,259,49,13,332,700.0,5047
8519,0.0,0.0,3.7,82,49,37,965,2500.0,5047
8520,1.0,0.0,3.8,138,58,20,238,800.0,4135
8521,0.0,1.0,4.1,3864,26,21,803,1300.0,5047
8522,0.0,1.0,4.6,2785,26,5,641,1500.0,5047
8523,0.0,1.0,4.2,6907,26,56,1304,1400.0,5047
8524,0.0,0.0,4.7,14956,26,52,969,1500.0,5047
8525,0.0,1.0,4.1,177,26,60,1650,2000.0,5047
8526,0.0,1.0,4.3,4187,26,5,752,1500.0,5047
8527,0.0,1.0,4.3,3592,26,49,626,2100.0,5047
8528,0.0,1.0,4.4,2993,26,5,543,1400.0,5047
8529,0.0,1.0,4.3,879,26,5,804,1300.0,5047
8530,0.0,1.0,4.2,2901,26,57,1503,1300.0,5047
8531,1.0,0.0,4.3,3848,26,57,4,1400.0,2647
8532,1.0,0.0,4.3,1273,26,16,456,1000.0,2615
8533,0.0,1.0,4.2,172,26,49,717,1500.0,5047
8534,0.0,1.0,4.2,2445,26,5,538,1500.0,5047
8535,1.0,0.0,4.1,2415,26,46,847,1400.0,5047
8536,0.0,0.0,4.2,1651,26,26,12,1200.0,5047
8537,1.0,1.0,4.1,1827,26,21,1012,1100.0,209
8538,0.0,1.0,3.8,201,26,21,1253,1000.0,5047
8539,0.0,0.0,4.1,1858,26,4,885,1200.0,5047
8540,0.0,1.0,3.6,1111,26,46,669,1400.0,5047
8541,0.0,1.0,4.0,592,26,4,738,1300.0,5047
8542,1.0,1.0,4.0,1413,26,5,1660,1500.0,5047
8543,0.0,1.0,4.2,1089,26,60,878,1100.0,5047
8544,0.0,1.0,3.9,644,26,60,723,1500.0,5047
8545,0.0,1.0,4.0,973,26,5,668,1400.0,5047
8546,1.0,0.0,3.8,137,26,21,1196,750.0,2214
8547,0.0,1.0,3.9,815,26,4,31,1700.0,5047
8548,0.0,1.0,3.9,854,26,46,1223,1600.0,5047
8549,0.0,1.0,4.0,601,26,46,760,1800.0,5047
8550,0.0,1.0,4.1,1341,26,46,634,1500.0,5047
8551,0.0,1.0,3.8,263,26,60,756,1000.0,5047
8552,0.0,1.0,3.9,1214,26,57,535,1200.0,5047
8553,0.0,1.0,3.8,198,26,21,669,1000.0,5047
8554,0.0,1.0,4.0,1724,16,48,750,1600.0,5047
8555,0.0,1.0,4.3,2031,16,61,737,1700.0,5047
8556,0.0,0.0,4.0,108,16,4,1536,1300.0,5047
8557,0.0,1.0,4.7,9041,58,61,16,1800.0,5047
8558,0.0,0.0,4.1,403,58,4,878,1000.0,5047
8559,0.0,1.0,4.1,207,49,60,690,1000.0,5047
8560,0.0,0.0,3.9,73,58,4,534,1800.0,5047
8561,0.0,1.0,4.0,427,58,28,816,2400.0,5047
8562,0.0,1.0,4.2,536,49,26,1404,1500.0,5047
8563,0.0,1.0,4.1,609,49,27,624,2800.0,5047
8564,0.0,0.0,3.8,617,49,46,1254,3000.0,5047
8565,0.0,0.0,3.9,108,58,46,878,3000.0,5047
8566,0.0,1.0,4.0,195,49,47,1368,3000.0,5047
8567,0.0,0.0,4.1,258,49,21,663,1200.0,5047
8568,0.0,1.0,3.8,108,78,4,1196,1400.0,5047
8569,0.0,1.0,4.0,91,78,46,887,2400.0,5047
8570,0.0,1.0,4.2,6907,26,56,1304,1400.0,5047
8571,0.0,1.0,4.1,3864,26,21,803,1300.0,5047
8572,0.0,0.0,4.3,424,26,5,1576,1000.0,5047
8573,0.0,1.0,4.1,177,26,60,1650,2000.0,5047
8574,1.0,0.0,4.6,3760,26,21,160,1200.0,5047
8575,0.0,1.0,4.3,4187,26,5,752,1500.0,5047
8576,0.0,1.0,4.6,2785,26,5,641,1500.0,5047
8577,0.0,1.0,4.4,953,26,38,1127,2500.0,5047
8578,0.0,1.0,4.4,2993,26,5,543,1400.0,5047
8579,0.0,1.0,4.3,879,26,5,804,1300.0,5047
8580,0.0,1.0,4.2,2901,26,57,1503,1300.0,5047
8581,1.0,0.0,4.3,3848,26,57,4,1400.0,2647
8582,1.0,1.0,4.4,1420,26,21,1156,1100.0,5047
8583,0.0,1.0,4.2,2445,26,5,538,1500.0,5047
8584,1.0,1.0,4.1,201,26,5,25,1500.0,4518
8585,0.0,1.0,4.2,902,26,21,50,800.0,5047
8586,0.0,0.0,4.2,1651,26,26,12,1200.0,5047
8587,1.0,1.0,4.1,1827,26,21,1012,1100.0,209
8588,0.0,1.0,3.8,201,26,21,1253,1000.0,5047
8589,0.0,0.0,4.1,1858,26,4,885,1200.0,5047
8590,0.0,1.0,4.0,592,26,4,738,1300.0,5047
8591,1.0,1.0,4.0,1413,26,5,1660,1500.0,5047
8592,0.0,1.0,4.2,1089,26,60,878,1100.0,5047
8593,0.0,0.0,3.9,48,26,4,905,900.0,5047
8594,0.0,1.0,3.9,644,26,60,723,1500.0,5047
8595,0.0,1.0,4.0,973,26,5,668,1400.0,5047
8596,1.0,0.0,3.8,137,26,21,1196,750.0,2214
8597,0.0,1.0,3.9,815,26,4,31,1700.0,5047
8598,0.0,1.0,3.8,263,26,60,756,1000.0,5047
8599,0.0,1.0,3.9,1214,26,57,535,1200.0,5047
8600,0.0,1.0,3.8,198,26,21,669,1000.0,5047
8601,0.0,1.0,4.3,2031,16,61,737,1700.0,5047
8602,0.0,0.0,4.0,115,16,21,1305,1700.0,5047
8603,0.0,0.0,4.0,108,16,4,1536,1300.0,5047
8604,0.0,1.0,4.7,9041,58,61,16,1800.0,5047
8605,0.0,0.0,4.1,403,58,4,878,1000.0,5047
8606,0.0,1.0,4.1,207,49,60,690,1000.0,5047
8607,1.0,1.0,4.0,419,58,21,546,1400.0,4630
8608,1.0,1.0,4.2,980,78,21,913,1000.0,2929
8609,0.0,0.0,3.9,73,58,4,534,1800.0,5047
8610,0.0,1.0,4.2,536,49,26,1404,1500.0,5047
8611,1.0,1.0,4.1,765,78,21,29,1200.0,225
8612,0.0,1.0,4.1,334,49,21,1050,1800.0,5047
8613,0.0,1.0,4.0,195,49,47,1368,3000.0,5047
8614,0.0,0.0,4.1,258,49,21,663,1200.0,5047
8615,0.0,1.0,3.8,108,78,4,1196,1400.0,5047
8616,0.0,1.0,4.6,538,30,20,1261,1100.0,5047
8617,1.0,1.0,4.2,2025,30,20,1416,1000.0,5047
8618,0.0,1.0,4.1,2309,30,20,1196,950.0,5047
8619,1.0,1.0,4.3,1247,30,20,1343,1000.0,5047
8620,1.0,1.0,4.1,2342,30,20,1206,1500.0,5047
8621,1.0,0.0,4.4,4892,30,20,1402,750.0,2896
8622,1.0,1.0,3.8,362,30,20,291,600.0,5047
8623,1.0,0.0,4.0,140,30,20,1277,550.0,5047
8624,0.0,1.0,3.8,176,30,20,1157,1350.0,5047
8625,1.0,1.0,3.8,584,30,20,1381,1200.0,5047
8626,0.0,1.0,4.9,6404,0,20,813,1600.0,5047
8627,1.0,1.0,4.4,2496,3,57,1343,900.0,5047
8628,0.0,1.0,4.7,3855,28,20,1325,1600.0,5047
8629,0.0,0.0,4.3,357,28,20,1416,1200.0,5047
8630,0.0,1.0,4.1,2461,28,20,1493,1000.0,5047
8631,0.0,1.0,4.1,1239,28,20,1423,800.0,5047
8632,0.0,1.0,4.4,1154,0,21,1369,1100.0,5047
8633,1.0,1.0,4.1,1547,28,20,165,1000.0,5047
8634,1.0,1.0,4.1,783,1,20,1386,800.0,5047
8635,1.0,1.0,3.8,763,28,20,1156,600.0,5047
8636,1.0,1.0,3.8,561,28,20,1156,800.0,5047
8637,0.0,0.0,3.7,203,28,20,1314,900.0,5047
8638,0.0,1.0,3.9,165,28,20,1592,1000.0,5047
8639,0.0,0.0,3.3,177,28,20,1222,950.0,5047
8640,0.0,1.0,4.2,656,30,16,413,800.0,5047
8641,0.0,1.0,4.1,113,30,13,379,800.0,5047
8642,0.0,1.0,4.1,1445,28,13,380,800.0,5047
8643,1.0,1.0,4.3,1265,30,22,922,800.0,5047
8644,0.0,0.0,4.2,713,30,13,332,500.0,5047
8645,1.0,0.0,4.1,799,30,13,437,400.0,5047
8646,0.0,1.0,4.2,738,30,13,393,800.0,5047
8647,0.0,0.0,4.1,226,30,13,501,800.0,5047
8648,0.0,0.0,4.1,710,30,13,445,850.0,5047
8649,1.0,0.0,4.2,265,30,13,389,700.0,5047
8650,1.0,1.0,4.3,1907,30,13,423,800.0,5047
8651,1.0,0.0,4.6,233,30,13,359,400.0,5047
8652,1.0,0.0,4.1,130,30,13,473,650.0,5047
8653,0.0,0.0,4.1,108,30,13,427,700.0,5047
8654,1.0,0.0,4.0,310,30,13,388,750.0,5047
8655,0.0,0.0,3.8,46,30,13,332,400.0,5047
8656,1.0,0.0,3.9,91,30,13,439,300.0,5047
8657,0.0,0.0,4.0,62,30,13,332,150.0,5047
8658,1.0,0.0,4.2,450,30,13,362,400.0,5047
8659,1.0,1.0,3.9,295,30,13,368,650.0,5047
8660,0.0,0.0,3.2,59,30,16,436,550.0,5047
8661,1.0,0.0,2.9,62,30,65,548,650.0,5047
8662,1.0,0.0,3.9,247,30,13,406,400.0,5047
8663,1.0,0.0,2.5,157,30,13,346,450.0,5047
8664,0.0,0.0,3.7,167,30,13,437,400.0,5047
8665,1.0,0.0,4.1,53,28,13,502,600.0,5047
8666,0.0,0.0,3.9,764,28,14,358,600.0,5047
8667,1.0,1.0,4.2,152,1,13,462,600.0,5047
8668,1.0,0.0,4.0,510,28,19,460,1000.0,5047
8669,0.0,0.0,4.0,129,28,13,383,600.0,5047
8670,1.0,1.0,4.2,239,28,22,349,600.0,5047
8671,1.0,0.0,4.1,464,0,13,344,500.0,5047
8672,1.0,1.0,4.4,4410,28,22,1468,600.0,827
8673,1.0,0.0,4.2,170,28,13,361,600.0,5047
8674,1.0,0.0,3.8,90,1,13,332,650.0,5047
8675,1.0,0.0,4.0,41,3,41,442,400.0,5047
8676,0.0,0.0,4.1,522,28,13,404,550.0,5047
8677,1.0,0.0,3.9,153,28,41,427,400.0,5047
8678,1.0,0.0,3.8,145,1,13,533,700.0,5047
8679,1.0,0.0,4.0,204,0,14,350,500.0,5047
8680,1.0,0.0,3.7,514,4,13,458,600.0,5047
8681,0.0,0.0,3.8,69,3,14,350,700.0,5047
8682,1.0,0.0,3.8,614,0,13,472,600.0,5047
8683,1.0,0.0,3.0,61,0,13,332,650.0,5047
8684,1.0,0.0,3.6,41,0,13,401,600.0,5047
8685,1.0,0.0,3.7,132,28,13,504,400.0,5047
8686,1.0,0.0,2.7,85,28,13,496,500.0,5047
8687,0.0,0.0,3.8,63,0,13,332,500.0,5047
8688,1.0,1.0,3.9,488,0,13,710,700.0,5047
8689,1.0,0.0,3.8,187,28,13,339,500.0,5047
8690,1.0,0.0,4.5,1187,0,29,930,500.0,5017
8691,1.0,0.0,4.1,52,0,72,1518,250.0,2199
8692,1.0,0.0,4.1,786,0,62,1597,300.0,2696
8693,1.0,0.0,4.0,203,0,70,1122,200.0,1659
8694,1.0,0.0,4.0,75,0,72,869,300.0,2210
8695,1.0,0.0,3.9,248,0,62,202,400.0,1862
8696,1.0,0.0,3.8,100,0,72,1056,400.0,2106
8697,1.0,0.0,3.8,630,75,29,923,450.0,29
8698,1.0,0.0,4.2,1280,0,20,105,900.0,205
8699,1.0,0.0,4.3,287,41,29,1156,400.0,562
8700,1.0,0.0,3.9,175,0,72,285,450.0,1122
8701,1.0,0.0,4.5,557,0,30,773,400.0,4495
8702,1.0,0.0,3.4,151,0,62,1046,400.0,1355
8703,1.0,0.0,4.1,212,45,9,224,150.0,3498
8704,1.0,0.0,4.3,164,42,62,322,500.0,4977
8705,1.0,0.0,4.2,190,43,62,1645,300.0,1877
8706,1.0,0.0,3.8,376,0,62,1357,500.0,1257
8707,1.0,0.0,4.1,562,4,62,1547,150.0,5047
8708,1.0,0.0,3.8,256,0,20,282,800.0,1289
8709,1.0,0.0,3.5,735,0,20,47,600.0,1250
8710,0.0,0.0,3.9,625,42,20,558,600.0,5047
8711,1.0,0.0,3.7,215,0,62,1038,200.0,2370
8712,1.0,0.0,4.3,248,28,29,1392,500.0,1890
8713,1.0,0.0,4.3,1588,42,20,152,550.0,4847
8714,1.0,0.0,2.9,258,0,62,1156,250.0,3512
8715,1.0,0.0,4.0,412,42,62,84,300.0,2819
8716,1.0,0.0,3.7,132,28,13,504,400.0,1512
8717,1.0,0.0,4.2,95,30,11,214,400.0,444
8718,1.0,0.0,3.9,331,0,13,1195,200.0,2302
8719,1.0,0.0,4.0,199,0,62,1156,300.0,2783
8720,1.0,0.0,4.2,67,4,62,1510,500.0,3104
8721,1.0,0.0,4.1,239,4,62,1628,200.0,5047
8722,1.0,0.0,3.7,476,0,62,1235,450.0,4046
8723,1.0,0.0,3.7,219,42,67,1507,600.0,5047
8724,1.0,0.0,4.0,776,42,20,238,800.0,2138
8725,1.0,0.0,3.9,181,0,62,1461,250.0,4903
8726,1.0,0.0,3.8,1073,0,20,235,500.0,1324
8727,1.0,0.0,4.2,1076,42,69,1121,400.0,5047
8728,1.0,0.0,4.2,466,0,62,1060,400.0,3699
8729,1.0,0.0,3.8,101,28,62,1636,200.0,4543
8730,1.0,0.0,4.2,556,42,62,1672,400.0,5047
8731,1.0,0.0,3.6,132,28,62,1177,250.0,3931
8732,1.0,0.0,3.9,62,28,62,324,300.0,1092
8733,1.0,0.0,3.8,541,4,20,1353,700.0,3389
8734,1.0,0.0,3.9,89,42,62,1381,400.0,5047
8735,1.0,0.0,4.4,827,30,30,956,400.0,4563
8736,1.0,0.0,4.1,304,30,62,1569,200.0,5047
8737,1.0,0.0,3.5,93,28,72,270,600.0,5047
8738,1.0,0.0,3.9,187,0,62,294,600.0,733
8739,1.0,1.0,4.2,357,1,20,151,800.0,1169
8740,1.0,0.0,3.9,1045,44,62,323,600.0,1823
8741,1.0,0.0,3.9,984,30,62,1356,500.0,5047
8742,1.0,0.0,4.5,339,42,33,779,300.0,2611
8743,1.0,0.0,3.6,519,28,20,1589,400.0,123
8744,1.0,0.0,3.9,65,0,62,235,700.0,1837
8745,1.0,0.0,4.0,130,0,62,1156,150.0,5047
8746,1.0,0.0,4.2,505,1,13,485,550.0,920
8747,1.0,0.0,3.7,108,4,9,221,150.0,4869
8748,1.0,0.0,3.9,57,0,62,235,300.0,2400
8749,1.0,0.0,4.0,80,30,62,1079,100.0,4435
8750,1.0,0.0,4.0,335,28,62,1589,300.0,4958
8751,1.0,0.0,4.0,1986,28,20,294,800.0,990
8752,1.0,0.0,4.0,253,30,30,773,300.0,3478
8753,1.0,0.0,3.5,49,28,62,311,300.0,822
8754,1.0,0.0,3.8,99,0,20,1589,350.0,4181
8755,1.0,0.0,3.8,184,0,62,858,400.0,1140
8756,1.0,0.0,4.0,351,0,62,322,400.0,2634
8757,1.0,0.0,3.9,753,4,20,1277,500.0,3316
8758,1.0,0.0,3.9,421,0,20,112,800.0,3644
8759,1.0,0.0,2.7,159,28,62,1465,750.0,923
8760,1.0,1.0,4.6,2604,1,22,1468,600.0,2252
8761,1.0,0.0,3.4,137,0,72,282,500.0,2397
8762,1.0,0.0,3.8,53,44,62,917,350.0,5047
8763,1.0,0.0,3.9,211,30,11,778,400.0,5047
8764,1.0,0.0,3.8,52,0,62,1589,300.0,5047
8765,1.0,0.0,4.0,113,0,62,591,400.0,5047
8766,1.0,1.0,4.0,206,28,62,1476,700.0,2228
8767,1.0,0.0,4.1,232,28,0,181,500.0,1586
8768,1.0,0.0,4.2,449,4,62,1547,100.0,5047
8769,1.0,0.0,4.3,632,30,62,1454,200.0,639
8770,1.0,0.0,4.2,369,28,72,1465,600.0,4165
8771,1.0,1.0,4.1,176,30,20,1591,500.0,2672
8772,1.0,0.0,4.2,703,44,30,182,450.0,4553
8773,1.0,0.0,4.1,381,0,62,84,250.0,5047
8774,1.0,1.0,4.1,2725,0,20,296,800.0,4335
8775,1.0,0.0,2.9,132,0,62,565,300.0,552
8776,1.0,0.0,3.9,183,0,62,1497,300.0,5047
8777,1.0,0.0,3.9,172,1,29,1465,750.0,2182
8778,1.0,0.0,3.9,323,3,20,1196,650.0,1800
8779,1.0,0.0,3.7,171,28,62,862,200.0,3570
8780,1.0,0.0,4.3,338,42,20,555,800.0,1397
8781,1.0,0.0,4.6,409,3,20,0,1000.0,3052
8782,1.0,0.0,3.9,499,43,62,1638,300.0,1511
8783,1.0,0.0,3.2,209,30,12,1652,250.0,5047
8784,1.0,0.0,4.1,240,28,30,953,500.0,2292
8785,1.0,0.0,4.1,164,4,62,684,500.0,5047
8786,1.0,0.0,4.2,103,0,62,537,300.0,3771
8787,1.0,1.0,3.5,551,3,20,1236,600.0,5047
8788,1.0,0.0,3.7,98,30,62,1386,350.0,1552
8789,1.0,1.0,3.9,295,30,13,368,650.0,5047
8790,1.0,0.0,3.6,382,42,20,1037,600.0,5018
8791,1.0,0.0,4.2,971,42,62,1547,200.0,4207
8792,1.0,0.0,3.9,439,0,20,197,650.0,5047
8793,1.0,0.0,3.9,358,0,62,1196,400.0,4077
8794,1.0,1.0,4.1,367,30,20,1665,1200.0,5047
8795,1.0,0.0,4.1,414,44,12,1026,300.0,5047
8796,1.0,0.0,2.8,152,44,20,1206,700.0,5047
8797,1.0,0.0,3.8,140,42,62,1591,200.0,5047
8798,1.0,0.0,3.5,80,1,62,1670,250.0,4263
8799,1.0,0.0,4.0,166,30,62,1589,400.0,5047
8800,1.0,0.0,3.9,137,30,62,1647,400.0,5047
8801,1.0,0.0,4.1,268,42,45,1677,300.0,5047
8802,1.0,0.0,4.2,450,30,13,362,400.0,5047
8803,1.0,1.0,4.1,1547,28,20,165,1000.0,2490
8804,1.0,0.0,3.9,48,28,69,1121,100.0,354
8805,1.0,0.0,4.0,53,1,29,1113,600.0,1503
8806,1.0,1.0,4.2,2123,1,20,1481,800.0,2248
8807,1.0,1.0,4.2,543,42,26,1265,1000.0,3047
8808,1.0,0.0,3.7,118,0,62,266,400.0,2014
8809,1.0,1.0,4.2,2211,28,60,10,1200.0,4416
8810,1.0,0.0,3.6,218,0,20,286,600.0,4948
8811,1.0,0.0,4.0,958,44,20,1669,500.0,1322
8812,1.0,0.0,3.8,111,3,20,43,800.0,2557
8813,1.0,0.0,4.1,511,43,30,789,500.0,1645
8814,1.0,0.0,4.3,723,42,62,817,400.0,3861
8815,1.0,0.0,3.7,93,4,62,1628,200.0,1734
8816,1.0,0.0,2.9,67,0,20,1460,500.0,3822
8817,1.0,0.0,4.1,93,42,13,383,600.0,3096
8818,1.0,0.0,3.8,579,30,20,1421,900.0,434
8819,1.0,0.0,4.2,55,42,9,210,400.0,534
8820,1.0,0.0,4.0,207,28,29,1181,450.0,2039
8821,1.0,1.0,4.2,1700,42,13,459,650.0,1349
8822,1.0,0.0,3.9,102,3,30,956,400.0,5047
8823,1.0,0.0,4.2,529,44,62,1669,450.0,1132
8824,1.0,1.0,4.2,179,30,20,924,800.0,4272
8825,1.0,0.0,4.3,245,42,62,1668,600.0,1146
8826,1.0,0.0,3.9,104,30,62,817,200.0,3105
8827,1.0,0.0,4.0,85,0,62,856,400.0,2551
8828,1.0,0.0,4.5,155,30,9,228,300.0,2754
8829,0.0,0.0,4.2,3236,0,25,1156,1600.0,5047
8830,1.0,0.0,4.1,613,44,20,161,500.0,1432
8831,1.0,0.0,3.5,221,0,70,1119,400.0,325
8832,1.0,0.0,3.7,666,28,20,201,650.0,307
8833,1.0,1.0,4.5,803,0,20,716,800.0,1040
8834,1.0,0.0,3.0,74,73,20,1156,500.0,4606
8835,1.0,0.0,4.0,910,3,62,1110,600.0,4888
8836,1.0,0.0,3.9,85,28,62,1490,300.0,2905
8837,1.0,0.0,4.1,55,28,13,502,600.0,4485
8838,1.0,0.0,4.5,2608,42,33,955,500.0,721
8839,1.0,1.0,4.4,201,42,13,498,800.0,620
8840,1.0,0.0,3.7,65,42,20,98,800.0,4604
8841,1.0,0.0,4.1,205,42,62,817,250.0,261
8842,1.0,0.0,3.7,328,0,72,1185,500.0,4858
8843,1.0,0.0,4.6,4675,44,46,32,1500.0,1532
8844,1.0,1.0,4.2,488,42,13,389,800.0,3107
8845,1.0,0.0,3.8,151,30,30,773,350.0,629
8846,1.0,0.0,4.1,339,30,62,547,300.0,4252
8847,1.0,1.0,4.3,4321,28,52,625,1600.0,2352
8848,1.0,0.0,4.8,186,42,30,767,400.0,5047
8849,1.0,0.0,3.8,295,42,62,322,500.0,3377
8850,1.0,0.0,3.9,106,44,29,918,600.0,5047
8851,1.0,0.0,4.2,192,4,62,1636,250.0,3957
8852,1.0,0.0,4.0,108,30,62,329,500.0,3598
8853,1.0,0.0,3.2,64,0,62,1268,250.0,4805
8854,1.0,0.0,4.0,36,0,32,775,300.0,498
8855,1.0,0.0,4.2,53,42,30,773,400.0,1932
8856,1.0,0.0,2.5,321,28,62,1241,400.0,3390
8857,1.0,0.0,3.8,69,30,62,1451,200.0,59
8858,1.0,0.0,3.9,349,28,20,609,600.0,679
8859,1.0,0.0,3.4,277,0,66,1455,250.0,168
8860,1.0,0.0,3.9,52,30,62,1587,200.0,2681
8861,1.0,0.0,4.0,186,44,2,188,500.0,2275
8862,1.0,0.0,3.1,89,0,62,1374,350.0,2913
8863,1.0,1.0,4.2,1541,0,20,1054,800.0,2386
8864,1.0,0.0,3.6,241,46,62,1196,300.0,5011
8865,1.0,1.0,4.1,1064,30,21,987,1200.0,4296
8866,1.0,0.0,4.1,137,42,13,452,1200.0,5047
8867,1.0,0.0,4.1,61,42,30,792,450.0,1744
8868,1.0,0.0,3.9,171,0,62,1063,300.0,3820
8869,1.0,0.0,4.2,533,42,20,600,600.0,4877
8870,1.0,0.0,3.6,197,30,20,597,800.0,1339
8871,1.0,0.0,3.9,212,30,20,920,500.0,1953
8872,1.0,0.0,4.3,289,3,62,6,400.0,4032
8873,1.0,0.0,4.2,147,1,9,215,400.0,505
8874,1.0,0.0,2.8,91,0,62,1670,400.0,5003
8875,1.0,0.0,3.9,554,44,62,818,600.0,1148
8876,1.0,0.0,3.5,240,42,20,1412,1000.0,1203
8877,1.0,0.0,4.2,171,28,13,361,600.0,3084
8878,1.0,1.0,3.9,74,0,20,1334,700.0,2091
8879,1.0,0.0,3.7,37,28,29,282,600.0,4591
8880,1.0,0.0,3.9,386,28,62,1476,600.0,3488
8881,1.0,0.0,3.3,394,44,62,1156,400.0,3558
8882,1.0,0.0,3.9,135,30,62,866,350.0,1846
8883,1.0,0.0,4.3,480,42,13,512,450.0,548
8884,1.0,0.0,3.9,93,30,62,230,200.0,3721
8885,1.0,0.0,3.9,441,0,62,1190,500.0,1026
8886,1.0,0.0,3.7,237,1,62,1571,200.0,1154
8887,1.0,1.0,3.7,206,30,57,536,1000.0,2208
8888,1.0,1.0,4.1,220,42,20,1239,600.0,2215
8889,1.0,0.0,4.1,91,28,0,181,500.0,3972
8890,1.0,0.0,4.0,229,42,30,956,500.0,2607
8891,1.0,1.0,4.3,1265,30,22,922,800.0,5047
8892,1.0,0.0,4.2,600,44,30,773,900.0,521
8893,1.0,0.0,4.0,41,3,41,442,400.0,622
8894,1.0,0.0,3.9,69,42,12,1023,150.0,3845
8895,1.0,0.0,4.1,799,30,13,437,400.0,2257
8896,1.0,0.0,4.2,340,42,30,773,500.0,811
8897,1.0,1.0,4.2,325,44,20,1205,800.0,213
8898,1.0,0.0,3.8,924,1,16,484,800.0,1683
8899,1.0,0.0,3.9,113,28,62,1649,200.0,5047
8900,1.0,0.0,4.0,1310,28,20,625,750.0,4276
8901,1.0,0.0,3.9,676,0,20,1156,500.0,4323
8902,1.0,0.0,3.8,156,30,20,1597,450.0,5047
8903,1.0,0.0,4.0,241,4,13,332,700.0,3186
8904,1.0,0.0,4.0,131,0,30,949,230.0,3239
8905,1.0,0.0,3.6,41,0,13,401,600.0,3472
8906,1.0,0.0,4.0,190,28,29,235,650.0,4284
8907,1.0,1.0,4.5,715,44,20,1009,1500.0,805
8908,1.0,1.0,4.5,715,44,20,1009,1500.0,805
8909,1.0,0.0,3.9,110,42,30,950,200.0,5047
8910,1.0,0.0,3.1,320,28,20,1354,700.0,1428
8911,1.0,0.0,3.8,339,0,20,65,800.0,943
8912,1.0,0.0,4.0,204,0,14,350,500.0,2409
8913,1.0,0.0,3.5,177,0,62,203,500.0,2065
8914,1.0,0.0,3.7,59,42,62,1156,200.0,2052
8915,1.0,0.0,3.6,90,44,62,826,500.0,3019
8916,1.0,0.0,4.1,193,30,30,789,300.0,2297
8917,1.0,0.0,3.8,55,30,62,953,250.0,501
8918,1.0,1.0,4.4,3932,42,25,713,1600.0,493
8919,1.0,0.0,3.9,237,42,62,1551,200.0,2823
8920,1.0,0.0,4.0,468,30,20,1597,600.0,2730
8921,1.0,0.0,4.0,328,1,13,462,700.0,4463
8922,1.0,0.0,4.0,164,42,29,44,300.0,346
8923,1.0,0.0,3.8,62,0,62,203,300.0,3813
8924,1.0,0.0,3.8,46,28,62,1465,450.0,3108
8925,1.0,0.0,3.3,94,42,62,96,200.0,4066
8926,1.0,0.0,3.2,49,42,62,120,300.0,1819
8927,0.0,0.0,4.3,142,30,70,1120,200.0,5047
8928,1.0,0.0,4.4,944,42,13,435,900.0,4071
8929,1.0,0.0,3.7,47,30,66,844,400.0,5047
8930,1.0,1.0,4.2,153,1,13,462,600.0,4754
8931,1.0,0.0,3.0,290,1,62,1215,450.0,758
8932,1.0,1.0,4.2,1033,28,21,614,1100.0,3402
8933,1.0,0.0,3.8,659,42,20,616,500.0,1070
8934,1.0,0.0,4.4,360,30,30,773,400.0,1757
8935,1.0,0.0,4.2,251,30,30,773,300.0,1790
8936,1.0,0.0,3.9,97,0,62,967,1000.0,1794
8937,1.0,1.0,4.1,459,28,20,695,700.0,1686
8938,1.0,0.0,3.9,91,30,13,439,300.0,5047
8939,1.0,0.0,3.2,908,42,20,1381,600.0,1422
8940,1.0,0.0,3.7,386,0,62,1474,400.0,3131
8941,1.0,0.0,4.0,63,42,62,228,150.0,2189
8942,1.0,0.0,3.6,207,42,20,1050,500.0,185
8943,1.0,1.0,4.1,590,28,21,688,1200.0,3043
8944,1.0,0.0,3.8,75,40,69,1121,200.0,247
8945,1.0,1.0,4.1,1781,42,57,881,1200.0,2233
8946,1.0,0.0,3.8,257,37,29,1196,300.0,3289
8947,1.0,0.0,3.9,153,28,41,427,400.0,1648
8948,0.0,0.0,4.4,1830,30,62,873,200.0,5047
8949,1.0,0.0,3.5,80,30,20,72,750.0,1433
8950,1.0,0.0,3.8,265,44,20,1154,650.0,1548
8951,1.0,0.0,4.0,198,1,30,767,300.0,828
8952,0.0,0.0,4.0,336,30,20,1173,550.0,5047
8953,1.0,0.0,3.8,208,0,19,370,400.0,5047
8954,1.0,0.0,2.8,45,1,20,1483,800.0,3920
8955,1.0,0.0,3.5,888,44,20,1375,650.0,966
8956,1.0,0.0,3.7,54,4,13,359,600.0,5021
8957,1.0,0.0,3.6,68,42,20,197,700.0,4906
8958,1.0,0.0,4.2,249,0,32,210,500.0,380
8959,1.0,1.0,4.1,446,30,60,692,1200.0,3865
8960,1.0,0.0,3.9,453,44,20,197,600.0,5047
8961,1.0,1.0,4.2,344,42,20,1156,700.0,5047
8962,1.0,0.0,3.9,74,30,20,129,800.0,3327
8963,1.0,0.0,4.4,658,30,12,217,600.0,4798
8964,1.0,0.0,4.2,265,30,13,389,700.0,211
8965,1.0,0.0,3.9,138,0,62,1327,300.0,5047
8966,1.0,0.0,3.7,43,28,62,1196,500.0,5047
8967,1.0,0.0,4.1,176,4,20,68,800.0,5047
8968,1.0,0.0,4.0,77,28,62,1023,150.0,3474
8969,1.0,0.0,2.9,42,0,62,1432,250.0,94
8970,1.0,0.0,3.8,171,28,62,1156,250.0,3521
8971,1.0,0.0,3.8,61,4,62,1021,100.0,4287
8972,0.0,0.0,3.9,77,30,41,1563,1200.0,5047
8973,1.0,0.0,3.8,75,1,62,836,200.0,245
8974,1.0,0.0,3.9,410,28,20,1196,500.0,3665
8975,1.0,1.0,4.5,1878,0,13,394,900.0,1820
8976,1.0,0.0,4.4,149,42,72,214,350.0,3974
8977,1.0,0.0,4.1,30,30,9,231,100.0,5047
8978,1.0,1.0,4.3,2565,42,4,688,1200.0,4819
8979,0.0,1.0,4.2,738,30,13,393,800.0,5047
8980,1.0,1.0,4.4,385,42,21,1108,1500.0,1732
8981,1.0,0.0,4.2,166,42,62,817,300.0,2411
8982,1.0,0.0,3.8,76,4,62,1589,300.0,3201
8983,1.0,0.0,3.9,128,46,20,1568,500.0,2693
8984,1.0,0.0,4.0,137,30,62,1571,350.0,4715
8985,1.0,0.0,3.9,1139,42,20,1352,500.0,2361
8986,1.0,0.0,4.3,64,42,30,1676,250.0,430
8987,1.0,0.0,3.8,614,0,13,472,600.0,3453
8988,1.0,0.0,3.7,72,30,20,1209,450.0,2371
8989,1.0,0.0,3.9,181,28,30,767,400.0,1592
8990,1.0,1.0,4.4,456,44,21,1156,1500.0,4322
8991,1.0,0.0,2.7,85,28,13,496,500.0,3093
8992,1.0,0.0,4.0,76,40,62,1602,300.0,4050
8993,1.0,0.0,3.9,234,30,20,1007,800.0,882
8994,1.0,1.0,4.4,344,42,21,541,1000.0,400
8995,1.0,0.0,3.9,152,44,29,1296,500.0,874
8996,1.0,0.0,3.9,392,44,20,911,750.0,481
8997,1.0,0.0,2.5,35,4,62,817,200.0,3202
8998,1.0,0.0,3.7,55,28,62,1620,200.0,3804
8999,0.0,1.0,4.1,114,30,13,379,800.0,5047
9000,1.0,1.0,4.0,1017,28,58,882,1300.0,1247
9001,1.0,0.0,3.8,145,1,13,533,700.0,3759
9002,1.0,0.0,2.8,138,0,62,1451,300.0,5047
9003,1.0,1.0,4.1,975,30,54,1313,1500.0,3679
9004,1.0,0.0,4.2,116,0,12,217,400.0,5047
9005,1.0,0.0,3.8,41,44,62,235,200.0,985
9006,1.0,0.0,3.7,514,4,13,458,600.0,4028
9007,1.0,0.0,3.9,919,28,4,1266,1000.0,1452
9008,1.0,0.0,3.6,68,30,62,256,400.0,5047
9009,1.0,1.0,4.2,239,28,22,349,600.0,5047
9010,1.0,0.0,3.9,157,85,20,1196,450.0,4401
9011,1.0,0.0,3.6,192,0,29,917,450.0,5047
9012,1.0,1.0,4.0,1384,44,20,674,1100.0,2329
9013,1.0,0.0,3.3,397,30,62,1196,300.0,3204
9014,1.0,0.0,4.1,464,0,13,344,500.0,4572
9015,1.0,0.0,3.9,203,0,62,1451,300.0,2790
9016,1.0,0.0,3.8,100,0,13,488,700.0,2515
9017,1.0,1.0,4.2,2710,40,13,404,1000.0,4141
9018,1.0,0.0,3.9,70,1,30,846,400.0,508
9019,1.0,0.0,3.9,247,30,13,406,400.0,5047
9020,1.0,0.0,3.0,57,28,20,604,650.0,5047
9021,1.0,0.0,4.2,1061,42,13,394,800.0,3198
9022,1.0,0.0,3.8,76,42,62,202,500.0,4261
9023,1.0,0.0,3.0,57,30,62,1329,400.0,3853
9024,0.0,0.0,4.2,128,30,29,769,400.0,5047
9025,1.0,1.0,4.1,1244,42,20,1156,600.0,5047
9026,1.0,1.0,4.0,791,28,20,696,1300.0,3110
9027,1.0,0.0,4.1,205,30,30,956,300.0,4567
9028,1.0,0.0,2.9,95,0,29,1432,700.0,4536
9029,1.0,0.0,4.4,7220,42,20,304,600.0,5047
9030,1.0,0.0,3.9,339,28,62,256,300.0,5047
9031,1.0,0.0,4.2,465,0,62,1179,300.0,5047
9032,1.0,0.0,4.0,187,0,62,43,400.0,5047
9033,1.0,0.0,3.8,149,42,20,277,600.0,4969
9034,1.0,0.0,4.1,140,28,20,1485,800.0,25
9035,1.0,0.0,4.1,130,30,13,473,650.0,4537
9036,1.0,0.0,2.6,208,28,20,602,650.0,86
9037,1.0,1.0,4.2,869,42,13,339,600.0,963
9038,1.0,1.0,4.0,350,1,20,1519,1200.0,5047
9039,1.0,0.0,3.3,128,1,62,1196,300.0,5047
9040,1.0,0.0,4.0,1782,30,62,1444,200.0,44
9041,1.0,1.0,4.2,294,42,20,1532,800.0,5047
9042,1.0,0.0,4.1,56,42,62,817,500.0,1943
9043,1.0,0.0,3.9,257,0,20,50,500.0,1109
9044,1.0,0.0,3.8,469,4,20,1208,750.0,1783
9045,1.0,0.0,3.9,455,43,20,521,1000.0,5047
9046,1.0,1.0,4.0,150,39,20,706,1100.0,1878
9047,1.0,0.0,3.9,187,45,62,563,400.0,5047
9048,1.0,0.0,4.3,326,30,20,1547,400.0,5047
9049,0.0,0.0,3.9,56,30,30,795,200.0,5047
9050,0.0,1.0,3.6,570,30,20,701,800.0,5047
9051,1.0,0.0,3.9,92,28,62,1602,300.0,127
9052,1.0,0.0,4.2,1654,1,20,609,600.0,5047
9053,1.0,0.0,3.8,90,1,13,332,650.0,1576
9054,1.0,0.0,3.9,214,0,20,1240,600.0,4389
9055,1.0,0.0,4.3,319,4,62,1547,100.0,3162
9056,1.0,0.0,4.0,62,43,62,986,400.0,3103
9057,1.0,0.0,3.9,191,0,62,256,300.0,5047
9058,1.0,0.0,3.5,56,30,30,958,400.0,761
9059,1.0,1.0,4.0,235,42,20,1141,800.0,4277
9060,1.0,0.0,2.5,157,30,13,346,450.0,1464
9061,1.0,0.0,3.8,42,44,62,832,400.0,4935
9062,1.0,1.0,4.1,553,30,20,991,900.0,3705
9063,1.0,1.0,3.8,72,28,62,1496,400.0,5047
9064,1.0,0.0,4.2,296,1,62,1156,350.0,5047
9065,1.0,0.0,3.9,126,30,62,1589,400.0,81
9066,1.0,1.0,4.1,401,42,15,422,1200.0,1721
9067,1.0,1.0,4.1,1406,28,26,1296,1100.0,2160
9068,1.0,0.0,4.0,118,28,20,604,600.0,5047
9069,1.0,1.0,4.2,1432,28,20,64,800.0,5047
9070,1.0,0.0,4.0,70,44,30,767,400.0,5009
9071,1.0,0.0,3.6,74,42,62,323,600.0,3228
9072,1.0,0.0,3.9,778,42,20,266,750.0,4612
9073,1.0,0.0,4.1,167,30,62,256,400.0,5047
9074,1.0,1.0,3.9,488,0,13,710,700.0,1394
9075,1.0,0.0,3.8,33,42,69,1117,250.0,4090
9076,1.0,0.0,2.8,102,3,62,1196,350.0,4917
9077,1.0,0.0,3.7,179,0,62,1196,400.0,5047
9078,0.0,0.0,3.8,83,30,62,1172,400.0,5047
9079,1.0,1.0,4.4,100,45,13,389,700.0,4848
9080,1.0,0.0,4.1,600,3,62,1156,400.0,5047
9081,1.0,0.0,3.8,528,4,20,1156,500.0,5047
9082,1.0,0.0,3.7,259,42,20,1139,750.0,1225
9083,1.0,0.0,3.9,77,44,30,956,800.0,4474
9084,1.0,0.0,4.6,233,30,13,359,400.0,5047
9085,1.0,0.0,4.0,260,28,62,1156,300.0,5047
9086,1.0,0.0,3.8,210,46,20,1235,600.0,3311
9087,0.0,1.0,4.1,2312,30,20,1196,950.0,5047
9088,1.0,0.0,4.6,1024,44,17,431,550.0,3777
9089,1.0,0.0,3.8,273,0,20,1310,900.0,2290
9090,1.0,0.0,3.8,125,0,62,1196,400.0,5047
9091,1.0,1.0,4.2,1368,44,21,123,1400.0,3587
9092,1.0,0.0,3.9,1189,0,62,1196,500.0,5047
9093,1.0,0.0,3.9,64,42,62,1072,300.0,3717
9094,1.0,0.0,4.1,1114,42,20,289,750.0,5047
9095,1.0,0.0,4.1,295,0,20,250,700.0,5047
9096,1.0,0.0,3.8,42,1,62,1589,300.0,2890
9097,1.0,0.0,3.9,144,30,20,1196,550.0,5047
9098,1.0,0.0,4.3,278,44,62,1156,450.0,5047
9099,1.0,0.0,3.6,34,28,30,956,300.0,5047
9100,1.0,0.0,4.0,510,28,19,460,1000.0,2469
9101,1.0,0.0,3.7,133,30,20,607,700.0,5047
9102,0.0,0.0,3.5,335,30,20,1156,600.0,5047
9103,1.0,1.0,3.9,887,28,20,1156,900.0,5047
9104,1.0,0.0,3.6,130,1,20,1091,600.0,1179
9105,1.0,0.0,2.7,73,0,20,565,600.0,1491
9106,1.0,0.0,4.0,869,0,29,250,500.0,3523
9107,1.0,0.0,4.2,310,0,29,1045,600.0,140
9108,1.0,0.0,3.8,75,85,20,672,1000.0,3301
9109,1.0,0.0,4.1,216,4,13,391,500.0,718
9110,1.0,0.0,4.3,3451,44,20,1156,600.0,2481
9111,1.0,0.0,4.0,73,4,0,194,300.0,5047
9112,1.0,0.0,4.4,2862,42,13,337,600.0,5047
9113,1.0,1.0,4.4,677,44,20,1381,1500.0,1856
9114,1.0,0.0,3.8,244,30,20,1089,650.0,5047
9115,1.0,0.0,4.4,181,30,9,231,250.0,4238
9116,1.0,1.0,4.1,847,28,21,1546,1100.0,4831
9117,1.0,0.0,3.9,892,1,20,1434,750.0,5047
9118,1.0,0.0,3.9,85,44,62,1156,400.0,5047
9119,1.0,0.0,3.5,179,1,20,1208,600.0,5047
9120,1.0,1.0,4.3,1908,30,13,423,800.0,4691
9121,1.0,0.0,4.0,827,0,20,1490,500.0,5047
9122,0.0,0.0,4.0,923,30,20,43,600.0,5047
9123,1.0,0.0,4.1,210,30,32,214,150.0,3216
9124,1.0,0.0,3.6,104,1,20,1678,700.0,5047
9125,1.0,1.0,4.9,2202,42,21,134,1500.0,5047
9126,1.0,0.0,3.9,315,30,62,1639,300.0,644
9127,1.0,0.0,3.6,142,30,20,1554,750.0,5047
9128,1.0,0.0,4.0,511,44,20,562,750.0,5044
9129,1.0,0.0,3.8,291,4,20,1156,600.0,5047
9130,1.0,0.0,4.1,740,28,29,565,500.0,5047
9131,1.0,0.0,3.8,139,1,20,1222,800.0,5047
9132,1.0,1.0,4.1,294,28,20,938,500.0,3243
9133,0.0,0.0,4.0,62,30,13,332,150.0,5047
9134,0.0,0.0,2.9,177,30,20,1211,700.0,5047
9135,0.0,1.0,3.8,234,30,20,1066,1000.0,5047
9136,1.0,1.0,4.1,1885,30,20,1376,1200.0,5047
9137,1.0,0.0,3.7,61,0,62,831,350.0,4242
9138,1.0,1.0,3.8,363,30,20,291,600.0,5047
9139,1.0,0.0,3.9,104,4,62,1547,150.0,5047
9140,1.0,0.0,3.8,106,28,29,306,350.0,5047
9141,0.0,0.0,4.0,147,30,30,767,400.0,5047
9142,1.0,0.0,4.2,160,30,20,1156,800.0,5047
9143,1.0,0.0,4.3,2420,28,20,1156,800.0,5047
9144,1.0,0.0,3.6,71,0,62,1248,350.0,1184
9145,1.0,0.0,4.0,109,0,62,1156,300.0,5047
9146,1.0,0.0,4.0,233,30,62,1561,400.0,5047
9147,1.0,0.0,3.9,68,0,20,1165,1000.0,3740
9148,1.0,0.0,3.9,130,30,62,1181,400.0,5047
9149,0.0,0.0,3.2,59,30,16,436,550.0,5047
9150,1.0,0.0,4.1,306,44,13,414,600.0,496
9151,1.0,0.0,2.6,72,4,62,1589,300.0,5047
9152,1.0,0.0,3.8,57,44,20,1531,700.0,5047
9153,1.0,1.0,3.7,109,42,20,1196,900.0,5047
9154,1.0,1.0,3.8,765,28,20,1156,600.0,5047
9155,0.0,0.0,3.9,118,30,20,1185,800.0,5047
9156,1.0,0.0,3.7,329,30,20,609,850.0,5047
9157,1.0,0.0,4.1,90,30,62,1547,100.0,5047
9158,1.0,0.0,3.4,58,4,13,436,400.0,3757
9159,1.0,0.0,4.1,590,28,20,558,700.0,5047
9160,1.0,0.0,3.9,475,43,20,1459,600.0,5047
9161,1.0,0.0,3.7,51,3,62,1156,300.0,1211
9162,1.0,0.0,4.0,181,28,20,1214,550.0,5047
9163,1.0,0.0,3.7,195,0,62,1156,400.0,5047
9164,1.0,0.0,3.9,224,30,20,521,700.0,5047
9165,1.0,1.0,4.5,3151,42,21,1233,1500.0,5047
9166,1.0,1.0,4.4,3675,42,20,606,1400.0,5047
9167,1.0,1.0,4.1,783,1,20,1386,800.0,5047
9168,0.0,1.0,3.8,152,30,46,1157,1350.0,5047
9169,1.0,1.0,3.5,432,30,20,1156,800.0,2155
9170,1.0,1.0,3.8,584,30,20,1381,1200.0,5047
9171,0.0,1.0,3.8,176,30,20,1157,1350.0,5047
9172,1.0,0.0,3.9,823,42,20,558,550.0,5047
9173,1.0,0.0,3.0,61,0,13,332,650.0,820
9174,1.0,0.0,4.0,245,4,20,1196,750.0,5047
9175,1.0,0.0,4.0,201,42,13,406,800.0,5047
9176,1.0,0.0,3.8,117,0,20,1181,600.0,3590
9177,1.0,0.0,3.8,146,28,20,521,600.0,4770
9178,1.0,0.0,4.0,200,28,62,1087,400.0,5047
9179,1.0,1.0,4.4,1853,43,20,521,1100.0,5047
9180,1.0,1.0,4.2,2618,42,20,514,1300.0,5047
9181,0.0,0.0,3.7,93,30,20,1196,900.0,5047
9182,1.0,0.0,4.0,684,42,62,617,250.0,4265
9183,1.0,0.0,4.1,37,44,35,787,500.0,3283
9184,1.0,1.0,4.0,870,30,20,1296,900.0,5047
9185,1.0,0.0,4.1,1003,42,20,1388,700.0,5047
9186,1.0,0.0,3.7,117,28,62,1156,150.0,5047
9187,1.0,0.0,3.8,416,30,20,77,700.0,5047
9188,1.0,1.0,4.1,2345,30,20,1206,1500.0,5047
9189,1.0,0.0,3.3,97,46,62,1156,400.0,5047
9190,1.0,0.0,3.9,544,4,62,1571,300.0,5047
9191,1.0,1.0,4.0,633,1,20,1196,800.0,5047
9192,1.0,1.0,4.5,3464,42,20,1400,1300.0,5047
9193,1.0,1.0,3.9,484,42,20,1427,700.0,5047
9194,1.0,1.0,4.2,815,30,20,1196,900.0,5047
9195,1.0,1.0,4.2,2027,30,20,1416,1000.0,5047
9196,1.0,1.0,3.9,143,30,20,1093,1000.0,5047
9197,1.0,0.0,4.2,185,0,51,1209,300.0,5047
9198,1.0,0.0,4.4,384,44,62,1584,300.0,5047
9199,1.0,1.0,4.3,1245,30,20,1343,1000.0,5047
9200,1.0,0.0,3.9,162,28,29,1209,500.0,5047
9201,1.0,0.0,2.6,54,0,29,251,600.0,1102
9202,1.0,1.0,4.1,1028,3,20,1156,1000.0,5047
9203,1.0,0.0,3.8,283,30,20,283,800.0,5047
9204,0.0,0.0,3.7,246,28,20,286,450.0,5047
9205,1.0,1.0,3.8,562,28,20,1156,800.0,5047
9206,1.0,0.0,3.8,110,43,72,1002,400.0,5047
9207,0.0,0.0,3.6,135,30,20,1079,600.0,5047
9208,1.0,0.0,3.1,140,0,20,1182,600.0,5047
9209,1.0,0.0,2.9,62,30,65,548,650.0,3879
9210,1.0,0.0,4.0,141,30,20,1277,550.0,5047
9211,0.0,0.0,4.3,359,28,20,1416,1200.0,5047
9212,1.0,0.0,4.0,219,4,13,455,600.0,4810
9213,0.0,1.0,4.2,1216,28,20,1490,1200.0,5047
9214,0.0,1.0,4.3,1079,28,21,50,800.0,5047
9215,0.0,0.0,3.9,205,0,20,283,550.0,5047
9216,0.0,1.0,4.1,468,28,20,1064,700.0,5047
9217,1.0,0.0,3.8,217,28,62,1156,450.0,1674
9218,0.0,0.0,3.7,203,28,20,1314,900.0,5047
9219,0.0,0.0,4.0,194,28,20,1555,500.0,5047
9220,0.0,0.0,3.5,52,1,62,1547,300.0,5047
9221,0.0,0.0,2.7,39,28,20,1209,500.0,5047
9222,0.0,0.0,2.9,39,28,72,857,500.0,5047
9223,0.0,0.0,3.1,53,75,29,856,450.0,5047
9224,1.0,0.0,3.7,115,0,20,565,550.0,4718
9225,1.0,0.0,3.8,254,0,20,521,550.0,1975
9226,0.0,0.0,3.3,67,3,20,1196,600.0,5047
9227,1.0,0.0,3.5,132,0,72,286,600.0,5047
9228,1.0,0.0,4.2,76,42,62,1517,450.0,5047
9229,1.0,1.0,4.0,347,28,20,1295,1000.0,5047
9230,1.0,0.0,3.7,46,0,20,1196,600.0,3787
9231,1.0,1.0,4.1,1080,30,20,1196,1000.0,2130
9232,1.0,1.0,3.7,1014,43,4,663,1300.0,3266
9233,0.0,0.0,3.8,47,42,13,455,600.0,5047
9234,1.0,0.0,3.7,47,0,30,951,200.0,5047
9235,1.0,0.0,3.7,67,0,62,1563,300.0,5047
9236,1.0,0.0,3.1,68,30,62,1140,550.0,5047
9237,1.0,1.0,4.3,1805,42,22,660,900.0,4535
9238,1.0,0.0,4.3,276,4,62,1547,100.0,2700
9239,1.0,0.0,4.1,323,44,13,342,700.0,5047
9240,1.0,0.0,4.1,184,30,62,1022,200.0,5047
9241,1.0,0.0,3.5,283,0,62,206,350.0,5047
9242,1.0,0.0,3.3,334,0,62,282,400.0,5047
9243,1.0,0.0,3.9,40,4,20,1280,600.0,2135
9244,1.0,0.0,3.6,43,28,20,583,600.0,5047
9245,1.0,1.0,3.7,36,30,20,586,650.0,1946
9246,1.0,1.0,4.1,1697,42,20,1196,1200.0,4588
9247,1.0,0.0,3.8,431,42,35,767,800.0,5047
9248,1.0,0.0,3.5,34,44,20,1359,650.0,5047
9249,0.0,1.0,4.2,1197,28,26,979,1200.0,5047
9250,0.0,0.0,3.0,98,1,4,1196,800.0,5047
9251,1.0,0.0,3.8,75,30,62,1046,300.0,725
9252,1.0,0.0,4.3,1899,42,30,767,400.0,5047
9253,1.0,0.0,3.9,128,42,30,956,200.0,3330
9254,1.0,0.0,4.1,957,28,20,1613,600.0,148
9255,0.0,1.0,4.1,1453,28,13,380,800.0,5047
9256,0.0,0.0,4.2,256,1,20,1000,800.0,5047
9257,0.0,0.0,4.0,1048,1,62,980,450.0,5047
9258,0.0,0.0,4.2,251,28,30,956,200.0,5047
9259,0.0,0.0,3.1,97,28,20,517,650.0,5047
9260,0.0,0.0,3.8,69,3,14,350,700.0,5047
9261,0.0,0.0,3.8,39,1,62,1563,350.0,5047
9262,0.0,0.0,3.8,87,0,62,817,250.0,5047
9263,0.0,0.0,3.2,63,28,3,191,600.0,5047
9264,0.0,0.0,3.5,134,28,20,1196,650.0,5047
9265,0.0,0.0,3.7,44,28,30,181,200.0,5047
9266,0.0,0.0,3.7,65,1,62,873,300.0,5047
9267,0.0,0.0,2.8,127,0,62,868,300.0,5047
9268,0.0,0.0,3.8,149,4,62,873,150.0,5047
9269,0.0,0.0,2.3,176,28,20,1156,450.0,5047
9270,0.0,0.0,3.5,42,0,62,1287,400.0,5047
9271,0.0,0.0,3.1,53,0,20,1251,600.0,5047
9272,0.0,0.0,3.6,34,0,62,1002,650.0,5047
9273,0.0,0.0,3.8,63,0,13,332,500.0,5047
9274,1.0,1.0,4.4,2496,3,57,1343,900.0,5047
9275,1.0,0.0,3.5,41,75,44,1475,400.0,3520
9276,1.0,0.0,4.0,152,42,12,219,350.0,5047
9277,1.0,0.0,3.8,110,30,20,1196,500.0,3306
9278,0.0,0.0,3.9,194,28,20,1589,400.0,5047
9279,0.0,0.0,3.8,59,1,20,1196,750.0,5047
9280,1.0,0.0,3.8,172,42,20,1423,400.0,4440
9281,0.0,1.0,4.2,657,30,16,413,800.0,5047
9282,0.0,0.0,4.5,208,30,30,956,400.0,5047
9283,1.0,0.0,3.9,74,30,20,129,800.0,3328
9284,0.0,0.0,4.3,142,30,70,1120,200.0,5047
9285,1.0,0.0,4.0,1782,30,62,1444,200.0,45
9286,0.0,0.0,4.4,369,30,30,951,200.0,5047
9287,1.0,0.0,4.4,827,30,30,956,400.0,4563
9288,1.0,0.0,4.3,661,30,30,181,500.0,1585
9289,0.0,0.0,4.1,227,30,13,501,800.0,5047
9290,0.0,0.0,4.2,245,30,30,175,400.0,5047
9291,0.0,0.0,4.2,822,30,9,214,250.0,5047
9292,1.0,0.0,4.4,360,30,30,773,400.0,1757
9293,0.0,0.0,4.2,128,30,29,769,400.0,5047
9294,1.0,0.0,4.0,150,30,30,959,400.0,300
9295,0.0,0.0,3.9,56,30,30,795,200.0,5047
9296,1.0,1.0,3.8,363,30,20,291,600.0,4839
9297,1.0,0.0,4.2,95,30,11,214,400.0,444
9298,1.0,0.0,3.8,151,30,30,773,350.0,629
9299,1.0,0.0,4.1,439,30,30,953,500.0,2643
9300,0.0,0.0,4.1,109,30,13,427,700.0,5047
9301,1.0,0.0,3.5,56,30,30,958,400.0,761
9302,1.0,0.0,3.7,47,30,66,844,400.0,1351
9303,1.0,0.0,4.0,253,30,30,773,300.0,3478
9304,1.0,0.0,3.9,211,30,11,778,400.0,3952
9305,1.0,0.0,4.1,193,30,30,789,300.0,5047
9306,1.0,0.0,4.1,210,30,32,214,150.0,5047
9307,1.0,0.0,4.0,129,30,30,767,300.0,5047
9308,0.0,0.0,4.1,201,30,62,1628,250.0,5047
9309,1.0,0.0,4.2,251,30,30,773,300.0,5047
9310,0.0,0.0,4.1,60,30,30,956,200.0,5047
9311,1.0,0.0,4.2,450,30,13,362,400.0,5047
9312,0.0,0.0,4.0,147,30,30,767,400.0,5047
9313,1.0,0.0,3.9,148,30,62,1121,400.0,5047
9314,1.0,0.0,3.9,84,30,69,1121,400.0,5047
9315,1.0,0.0,4.1,205,30,30,956,300.0,5047
9316,1.0,1.0,4.1,459,28,20,695,700.0,1686
9317,1.0,0.0,4.1,55,28,13,502,600.0,4485
9318,0.0,0.0,4.4,358,1,69,1116,150.0,5047
9319,1.0,1.0,4.2,239,28,22,349,600.0,778
9320,0.0,0.0,4.1,338,0,0,181,500.0,5047
9321,1.0,0.0,4.0,38,1,30,949,150.0,1818
9322,1.0,0.0,4.3,865,1,30,789,500.0,3286
9323,0.0,0.0,4.0,160,0,68,1640,150.0,5047
9324,1.0,0.0,3.8,51,28,29,181,500.0,1616
9325,1.0,0.0,4.2,171,28,13,361,600.0,3084
9326,1.0,0.0,4.0,41,3,41,442,400.0,622
9327,1.0,0.0,3.9,181,28,30,767,400.0,1592
9328,1.0,0.0,4.0,131,0,30,949,230.0,5047
9329,0.0,0.0,4.1,523,28,13,404,550.0,5047
9330,1.0,0.0,3.5,221,0,70,1119,400.0,5047
9331,1.0,0.0,3.9,48,28,69,1121,100.0,353
9332,1.0,0.0,3.9,153,28,41,427,400.0,1648
9333,1.0,0.0,3.8,145,1,13,533,700.0,3759
9334,1.0,0.0,4.0,204,0,14,350,500.0,5047
9335,0.0,0.0,4.0,321,28,30,773,500.0,5047
9336,0.0,0.0,3.8,69,3,14,350,700.0,5047
9337,0.0,0.0,3.9,41,0,3,195,200.0,5047
9338,1.0,0.0,3.9,102,3,30,956,400.0,363
9339,1.0,0.0,3.9,42,28,30,1121,250.0,2861
9340,0.0,0.0,3.2,63,28,3,191,600.0,5047
9341,1.0,0.0,3.6,34,28,30,956,300.0,1930
9342,1.0,0.0,3.7,47,0,30,951,200.0,5047
9343,0.0,0.0,3.7,44,28,30,181,200.0,5047
9344,0.0,0.0,2.9,231,28,30,793,800.0,5047
9345,1.0,0.0,4.1,91,28,0,181,500.0,5047
9346,1.0,0.0,3.9,70,1,30,846,400.0,508
9347,0.0,0.0,3.7,118,0,30,956,300.0,5047
9348,1.0,1.0,4.3,191,30,20,924,800.0,4273
9349,0.0,1.0,4.6,545,30,20,1261,1100.0,5047
9350,1.0,1.0,4.1,218,30,20,651,700.0,3789
9351,1.0,1.0,4.2,2031,30,20,1416,1000.0,5047
9352,1.0,0.0,4.5,4455,30,20,286,600.0,5047
9353,1.0,1.0,4.1,1889,30,20,1376,1200.0,5047
9354,0.0,1.0,4.1,2317,30,20,1196,950.0,5047
9355,1.0,1.0,4.3,1268,30,22,922,800.0,4022
9356,1.0,1.0,4.3,1257,30,20,1343,1000.0,5047
9357,1.0,1.0,4.1,2345,30,20,1206,1500.0,5047
9358,1.0,0.0,4.2,78,30,20,129,800.0,4455
9359,1.0,0.0,4.0,692,30,20,1389,650.0,1369
9360,0.0,0.0,4.2,734,30,62,1552,350.0,5047
9361,1.0,0.0,4.0,169,30,20,1156,800.0,5047
9362,1.0,0.0,4.3,2020,30,20,238,800.0,2136
9363,1.0,1.0,4.1,1082,30,20,1196,1000.0,5047
9364,1.0,1.0,4.3,891,30,20,558,1700.0,5047
9365,1.0,0.0,3.7,420,30,20,77,700.0,5047
9366,1.0,1.0,4.1,672,30,21,50,1000.0,590
9367,0.0,0.0,4.2,714,30,13,332,500.0,5047
9368,1.0,1.0,4.1,976,30,54,1313,1500.0,3679
9369,1.0,0.0,4.1,803,30,13,437,400.0,2256
9370,1.0,0.0,4.4,4912,30,20,1402,750.0,2100
9371,0.0,0.0,4.0,339,30,20,1173,550.0,5047
9372,1.0,1.0,4.0,871,30,20,1296,900.0,5047
9373,0.0,0.0,4.0,927,30,20,43,600.0,5047
9374,1.0,0.0,4.1,620,30,20,288,750.0,4344
9375,1.0,1.0,4.1,446,30,60,692,1200.0,3866
9376,1.0,1.0,4.2,743,30,13,393,800.0,233
9377,0.0,0.0,4.1,227,30,13,501,800.0,5047
9378,0.0,1.0,4.2,117,30,13,379,800.0,5047
9379,1.0,0.0,4.0,469,30,20,1597,600.0,2714
9380,1.0,0.0,3.8,245,30,20,1089,650.0,576
9381,1.0,1.0,4.0,370,30,20,1665,1200.0,2969
9382,1.0,1.0,4.0,1065,30,21,987,1200.0,4297
9383,1.0,0.0,4.5,184,30,9,231,250.0,4238
9384,1.0,0.0,3.9,225,30,20,521,600.0,5047
9385,0.0,0.0,4.1,715,30,13,445,850.0,5047
9386,1.0,0.0,4.2,268,30,13,389,700.0,212
9387,1.0,1.0,3.4,215,30,57,536,1000.0,2209
9388,1.0,1.0,4.2,1919,30,13,423,800.0,4691
9389,1.0,0.0,4.6,256,30,13,359,400.0,5047
9390,0.0,1.0,3.9,371,30,20,1309,1000.0,5047
9391,1.0,1.0,4.2,815,30,20,1196,900.0,5047
9392,1.0,1.0,3.8,363,30,20,291,600.0,5047
9393,0.0,1.0,3.6,571,30,20,701,800.0,5047
9394,1.0,1.0,3.6,432,30,20,1156,800.0,5047
9395,1.0,1.0,4.1,176,30,20,1591,500.0,2671
9396,0.0,0.0,4.1,110,30,13,427,700.0,5047
9397,1.0,0.0,4.0,137,30,62,1571,350.0,4717
9398,1.0,1.0,4.0,553,30,20,991,900.0,3705
9399,1.0,0.0,3.7,159,30,20,251,700.0,2016
9400,1.0,0.0,4.0,310,30,13,388,750.0,3794
9401,0.0,0.0,3.8,85,30,62,1172,400.0,5047
9402,1.0,0.0,3.9,234,30,20,1007,800.0,883
9403,1.0,0.0,3.8,233,30,20,68,600.0,5047
9404,1.0,0.0,3.8,156,30,20,1597,450.0,5047
9405,0.0,0.0,3.9,118,30,20,1185,800.0,5047
9406,1.0,0.0,2.8,210,30,20,1599,400.0,4217
9407,1.0,0.0,3.9,145,30,20,1196,550.0,4384
9408,1.0,0.0,3.8,706,30,20,1474,750.0,4185
9409,0.0,1.0,3.7,152,30,46,1157,1350.0,5047
9410,0.0,0.0,3.6,336,30,20,1156,600.0,5047
9411,1.0,0.0,3.7,72,30,20,1209,450.0,2373
9412,1.0,0.0,3.5,80,30,20,72,750.0,234
9413,1.0,0.0,3.7,142,30,20,1554,750.0,5047
9414,0.0,1.0,3.8,234,30,20,1066,1000.0,5047
9415,0.0,0.0,3.8,46,30,13,332,400.0,5047
9416,1.0,0.0,3.7,582,30,20,1421,900.0,433
9417,1.0,0.0,3.9,212,30,20,920,500.0,1954
9418,1.0,0.0,3.9,91,30,13,439,300.0,4745
9419,1.0,0.0,4.0,142,30,20,1277,550.0,5047
9420,0.0,1.0,3.7,44,30,20,1229,550.0,5047
9421,1.0,0.0,3.7,133,30,20,607,700.0,3956
9422,0.0,0.0,3.6,135,30,20,1079,600.0,5047
9423,1.0,0.0,3.8,110,30,20,1196,500.0,5047
9424,1.0,0.0,4.1,450,30,13,362,400.0,5047
9425,0.0,0.0,4.1,53,30,62,1547,100.0,5047
9426,0.0,1.0,3.8,176,30,20,1157,1350.0,5047
9427,1.0,1.0,3.9,297,30,13,368,650.0,2749
9428,1.0,0.0,3.9,247,30,13,406,400.0,5047
9429,1.0,1.0,3.8,583,30,20,1381,1200.0,5047
9430,1.0,1.0,3.7,36,30,20,586,650.0,5047
9431,1.0,0.0,2.5,157,30,13,346,450.0,3685
9432,0.0,0.0,2.9,177,30,20,1211,700.0,5047
9433,0.0,0.0,3.2,135,30,62,1589,300.0,5047
9434,1.0,0.0,3.4,197,30,20,597,800.0,1340
9435,0.0,0.0,3.7,93,30,20,1196,900.0,5047
9436,1.0,0.0,3.7,330,30,20,609,850.0,5047
9437,0.0,0.0,4.2,391,30,62,266,400.0,5047
9438,1.0,0.0,3.3,358,30,62,322,400.0,2630
9439,1.0,0.0,4.0,1784,30,62,1444,200.0,48
9440,0.0,0.0,4.4,1833,30,62,873,200.0,5047
9441,1.0,0.0,4.0,961,30,62,1356,500.0,2133
9442,0.0,0.0,3.9,79,30,41,1563,1200.0,5047
9443,1.0,0.0,4.1,171,30,62,256,400.0,5047
9444,0.0,0.0,4.5,135,30,62,1547,150.0,5047
9445,1.0,0.0,3.9,53,30,62,1587,200.0,2682
9446,0.0,0.0,4.2,424,30,62,1547,100.0,5047
9447,1.0,0.0,3.9,339,30,62,1589,400.0,2855
9448,1.0,0.0,3.9,1075,30,62,323,600.0,4928
9449,1.0,0.0,3.7,466,30,62,1474,400.0,3143
9450,1.0,0.0,3.9,67,30,62,817,200.0,1466
9451,1.0,0.0,3.9,109,30,62,329,500.0,4885
9452,1.0,0.0,3.1,113,30,62,1507,600.0,869
9453,1.0,0.0,4.0,233,30,62,1561,400.0,5047
9454,0.0,0.0,3.9,65,30,62,1628,100.0,5047
9455,1.0,0.0,3.7,44,30,66,844,400.0,5047
9456,1.0,0.0,3.7,181,30,62,826,500.0,3375
9457,1.0,0.0,4.1,311,30,62,1569,200.0,91
9458,1.0,0.0,3.9,104,30,62,817,200.0,1759
9459,1.0,0.0,4.0,126,30,62,1589,400.0,82
9460,1.0,0.0,3.9,315,30,62,1639,300.0,4074
9461,1.0,0.0,3.4,70,30,62,256,400.0,5047
9462,0.0,0.0,3.8,38,30,62,1547,200.0,5047
9463,1.0,0.0,3.9,138,30,62,1647,400.0,3993
9464,0.0,0.0,3.8,266,30,62,1597,250.0,5047
9465,1.0,0.0,3.3,399,30,62,1196,300.0,3623
9466,1.0,0.0,3.9,100,30,62,1547,200.0,2685
9467,1.0,0.0,3.8,47,30,30,792,400.0,607
9468,0.0,0.0,3.7,56,30,62,1547,150.0,5047
9469,0.0,0.0,3.8,39,30,62,1587,250.0,5047
9470,1.0,0.0,4.1,421,30,62,322,500.0,3756
9471,1.0,0.0,3.9,135,30,62,866,350.0,1848
9472,0.0,0.0,4.0,82,30,62,1547,200.0,5047
9473,1.0,0.0,3.7,97,30,62,1386,350.0,1554
9474,1.0,0.0,3.0,62,30,65,548,650.0,3879
9475,1.0,0.0,3.8,76,30,62,1046,300.0,724
9476,1.0,0.0,3.4,145,30,62,1476,600.0,3489
9477,1.0,0.0,3.2,58,30,62,1329,400.0,726
9478,1.0,0.0,3.1,68,30,62,1140,550.0,5047
9479,0.0,0.0,4.3,721,28,52,685,1500.0,5047
9480,0.0,1.0,4.9,6452,0,20,813,1600.0,5047
9481,0.0,1.0,4.8,3864,28,20,1325,1600.0,5047
9482,0.0,0.0,4.3,362,28,20,1416,1200.0,5047
9483,1.0,1.0,4.3,4325,28,52,625,1600.0,2351
9484,1.0,1.0,4.3,2230,28,60,10,1200.0,749
9485,0.0,1.0,4.3,1230,28,5,803,1500.0,5047
9486,0.0,1.0,4.5,800,3,20,965,1500.0,5047
9487,0.0,1.0,3.9,1791,28,4,899,1300.0,5047
9488,1.0,0.0,4.3,2447,28,20,1156,800.0,5047
9489,1.0,0.0,4.2,146,28,20,1375,600.0,572
9490,1.0,1.0,4.1,1551,28,20,165,1000.0,2489
9491,1.0,0.0,4.0,1992,28,20,294,800.0,4052
9492,1.0,1.0,3.9,0,28,20,670,800.0,3294
9493,1.0,1.0,4.1,591,28,21,688,1200.0,3044
9494,1.0,1.0,4.1,783,1,20,1386,800.0,5047
9495,1.0,0.0,4.0,960,28,20,1613,600.0,1970
9496,1.0,0.0,3.7,0,28,20,1156,1000.0,5047
9497,0.0,1.0,4.3,1083,28,21,50,800.0,5047
9498,0.0,1.0,4.2,1466,28,13,380,800.0,5047
9499,0.0,1.0,4.3,1038,4,20,768,1000.0,5047
9500,1.0,1.0,4.1,1542,0,20,1054,800.0,2389
9501,1.0,0.0,4.5,414,3,20,0,1000.0,3050
9502,1.0,1.0,4.2,361,1,20,151,800.0,1170
9503,0.0,1.0,4.1,1204,28,26,979,1200.0,5047
9504,1.0,1.0,4.1,1411,28,26,1296,1100.0,2160
9505,0.0,0.0,4.0,726,28,60,890,1500.0,5047
9506,1.0,1.0,4.2,2130,1,20,1481,800.0,2247
9507,1.0,1.0,4.0,889,28,20,1156,900.0,5047
9508,0.0,0.0,3.9,206,0,20,260,600.0,5047
9509,1.0,1.0,3.8,768,28,20,1156,600.0,5047
9510,0.0,0.0,4.0,769,28,14,358,600.0,5047
9511,1.0,0.0,3.9,922,28,4,1266,1000.0,1453
9512,0.0,1.0,4.1,468,28,20,1064,700.0,5047
9513,1.0,0.0,4.1,592,28,20,558,700.0,5047
9514,1.0,1.0,4.1,2727,0,20,296,800.0,4375
9515,1.0,0.0,4.2,185,0,51,1209,300.0,5047
9516,1.0,1.0,4.0,791,28,20,696,1300.0,3110
9517,1.0,1.0,4.0,1017,28,58,882,1300.0,1802
9518,1.0,0.0,3.9,118,28,20,604,600.0,5047
9519,1.0,1.0,4.1,1028,3,20,1156,1000.0,5047
9520,1.0,0.0,4.0,509,28,19,460,1000.0,2468
9521,1.0,1.0,3.8,563,28,20,1156,800.0,5047
9522,1.0,1.0,4.2,240,28,22,349,600.0,5047
9523,1.0,1.0,4.1,294,28,20,938,500.0,3243
9524,1.0,0.0,4.1,465,0,13,344,500.0,5047
9525,1.0,1.0,4.3,4421,28,22,1468,600.0,2254
9526,1.0,0.0,3.7,115,0,20,1272,500.0,5047
9527,0.0,0.0,4.0,130,28,62,1589,300.0,5047
9528,1.0,0.0,3.9,324,3,20,1196,650.0,1801
9529,1.0,1.0,4.1,848,28,21,1546,1100.0,4833
9530,0.0,0.0,3.8,59,1,20,1196,750.0,5047
9531,1.0,0.0,4.1,564,4,62,1547,150.0,536
9532,1.0,0.0,3.9,200,28,62,1087,400.0,5047
9533,0.0,0.0,4.2,875,28,62,1547,300.0,5047
9534,0.0,0.0,2.7,100,28,20,517,650.0,5047
9535,1.0,0.0,3.8,666,28,20,201,650.0,308
9536,0.0,0.0,4.1,99,28,62,1112,400.0,5047
9537,1.0,0.0,3.6,52,28,62,311,300.0,4861
9538,1.0,0.0,3.8,91,1,13,332,650.0,1575
9539,0.0,0.0,4.0,139,0,62,1038,200.0,5047
9540,1.0,0.0,3.9,71,0,20,1165,1000.0,3744
9541,0.0,0.0,4.1,523,28,13,404,550.0,5047
9542,1.0,0.0,3.9,214,0,20,1240,600.0,4522
9543,1.0,0.0,4.1,382,0,62,84,250.0,4062
9544,0.0,0.0,4.0,1050,1,62,980,450.0,5047
9545,1.0,1.0,4.0,634,1,20,1196,800.0,5047
9546,1.0,1.0,3.9,1230,3,20,115,900.0,1242
9547,0.0,0.0,3.7,203,28,20,1314,900.0,5047
9548,1.0,0.0,3.6,221,0,70,1119,400.0,3710
9549,1.0,0.0,3.7,125,28,12,217,400.0,1504
9550,1.0,0.0,3.6,71,0,62,1248,350.0,1185
9551,0.0,1.0,4.0,166,28,20,1592,1000.0,5047
9552,0.0,0.0,4.0,99,28,20,604,850.0,5047
9553,1.0,0.0,4.2,200,0,62,1156,300.0,2800
9554,0.0,0.0,4.4,344,1,62,1547,100.0,5047
9555,0.0,0.0,3.5,73,1,62,821,500.0,5047
9556,0.0,0.0,4.0,194,28,20,1555,500.0,5047
9557,1.0,0.0,3.8,146,1,13,533,700.0,3758
9558,1.0,0.0,2.5,208,28,20,602,650.0,150
9559,1.0,0.0,3.9,893,1,20,1434,750.0,5047
9560,0.0,0.0,3.8,179,28,62,1366,400.0,5047
9561,0.0,0.0,3.3,97,28,21,1559,1100.0,5047
9562,1.0,0.0,4.0,115,0,62,591,400.0,158
9563,1.0,0.0,3.8,42,1,62,1589,300.0,2890
9564,1.0,0.0,3.7,513,4,13,458,600.0,4027
9565,1.0,0.0,3.8,76,4,62,1589,300.0,4521
9566,1.0,1.0,3.5,552,3,20,1236,600.0,4405
9567,0.0,0.0,3.7,246,28,20,286,450.0,5047
9568,1.0,0.0,3.8,217,28,62,1156,450.0,1874
9569,1.0,0.0,3.6,43,28,62,1196,500.0,4308
9570,0.0,0.0,4.0,160,0,68,1640,150.0,5047
9571,0.0,0.0,4.2,255,4,62,1547,150.0,5047
9572,0.0,0.0,3.8,69,3,14,351,700.0,5047
9573,1.0,0.0,3.7,520,28,20,1589,400.0,1678
9574,1.0,0.0,3.8,94,3,41,674,1100.0,5
9575,1.0,0.0,3.7,133,28,62,1177,250.0,3930
9576,1.0,0.0,3.7,171,28,62,862,200.0,4547
9577,1.0,0.0,3.8,146,28,20,521,600.0,5047
9578,0.0,0.0,4.0,910,3,62,1110,600.0,5047
9579,1.0,0.0,3.9,547,4,20,1353,700.0,1458
9580,0.0,0.0,3.0,50,3,41,521,400.0,5047
9581,1.0,0.0,3.9,313,28,62,1190,500.0,1034
9582,0.0,0.0,4.1,150,28,62,860,400.0,5047
9583,0.0,0.0,2.9,84,0,20,1185,500.0,5047
9584,1.0,0.0,3.6,130,1,20,1091,600.0,5047
9585,1.0,0.0,3.8,616,0,13,472,600.0,3452
9586,1.0,0.0,3.3,395,44,62,1156,400.0,5047
9587,1.0,0.0,3.0,61,0,13,332,650.0,819
9588,1.0,0.0,3.5,42,0,13,401,600.0,3473
9589,1.0,0.0,4.2,289,3,62,6,400.0,4033
9590,0.0,0.0,3.5,177,28,20,1222,950.0,5047
9591,1.0,0.0,3.9,154,28,41,427,400.0,1648
9592,1.0,0.0,2.8,137,0,62,1451,300.0,254
9593,1.0,0.0,4.0,58,0,62,282,300.0,2401
9594,1.0,0.0,3.7,195,0,62,1156,400.0,5047
9595,1.0,0.0,3.1,177,0,62,203,500.0,2061
9596,1.0,0.0,2.7,73,0,20,565,600.0,4376
9597,1.0,0.0,3.0,140,0,20,1182,600.0,5047
9598,0.0,0.0,3.8,40,28,62,1547,100.0,5047
9599,0.0,0.0,3.8,191,1,62,1547,300.0,5047
9600,1.0,0.0,3.9,85,28,62,1490,300.0,2908
9601,0.0,0.0,3.8,39,1,62,1563,350.0,5047
9602,0.0,0.0,3.5,134,28,20,1196,650.0,5047
9603,0.0,0.0,3.8,58,0,62,1547,300.0,5047
9604,0.0,0.0,3.9,41,0,3,195,200.0,5047
9605,1.0,0.0,3.8,358,0,62,1196,400.0,4079
9606,0.0,0.0,4.0,88,28,20,1235,500.0,5047
9607,0.0,0.0,3.8,87,0,62,817,250.0,5047
9608,1.0,0.0,3.0,57,28,20,604,650.0,1407
9609,1.0,0.0,4.0,40,4,20,1280,600.0,5047
9610,0.0,0.0,2.7,49,4,62,1597,600.0,5047
9611,1.0,0.0,3.4,41,75,44,1475,400.0,3520
9612,1.0,0.0,3.6,43,28,20,583,600.0,5047
9613,1.0,0.0,3.8,254,0,20,521,600.0,5047
9614,1.0,0.0,2.8,102,3,62,1196,350.0,4916
9615,0.0,0.0,4.1,379,28,62,1589,300.0,5047
9616,1.0,0.0,3.9,139,0,62,1327,300.0,4758
9617,1.0,0.0,3.7,117,28,62,1156,150.0,5047
9618,1.0,0.0,3.8,75,3,62,1451,200.0,60
9619,0.0,0.0,3.4,48,28,13,332,550.0,5047
9620,0.0,0.0,3.9,194,28,20,1589,400.0,5047
9621,0.0,0.0,2.3,176,28,20,1156,450.0,5047
9622,1.0,0.0,3.7,478,0,62,1235,450.0,4042
9623,1.0,0.0,2.9,42,0,62,1432,250.0,94
9624,1.0,0.0,3.9,92,28,62,1602,300.0,4152
9625,0.0,0.0,3.0,98,1,4,1196,800.0,5047
9626,0.0,0.0,2.7,39,28,20,1209,500.0,5047
9627,0.0,0.0,3.1,53,0,20,1251,600.0,5047
9628,0.0,0.0,3.6,65,1,62,873,300.0,5047
9629,0.0,0.0,2.9,231,28,30,793,800.0,5047
9630,1.0,0.0,3.8,185,0,62,858,400.0,1134
9631,1.0,0.0,3.7,51,3,62,1156,300.0,1237
9632,0.0,0.0,2.8,127,0,62,868,300.0,5047
9633,0.0,0.0,3.0,67,0,62,1589,300.0,5047
9634,0.0,0.0,3.4,52,1,62,1547,300.0,5047
9635,0.0,0.0,3.6,141,28,62,877,300.0,5047
9636,0.0,0.0,3.8,149,4,62,873,150.0,5047
9637,0.0,0.0,3.7,41,0,20,282,450.0,5047
9638,0.0,0.0,4.0,40,0,9,210,400.0,5047
9639,0.0,0.0,3.6,56,3,62,1587,400.0,5047
9640,0.0,0.0,3.4,25,28,62,1628,200.0,5047
9641,0.0,0.0,3.6,42,0,62,1287,400.0,5047
9642,0.0,0.0,3.6,34,0,62,1002,650.0,5047
9643,0.0,0.0,3.7,112,0,20,550,500.0,5047
9644,1.0,0.0,2.7,85,28,13,496,500.0,3092
9645,0.0,0.0,3.8,89,28,62,859,400.0,5047
9646,0.0,0.0,3.8,63,0,13,332,500.0,5047
9647,0.0,0.0,3.1,54,28,62,1597,300.0,5047
9648,1.0,1.0,3.9,487,0,13,710,700.0,5047
9649,1.0,0.0,4.0,113,0,12,1652,250.0,3729
9650,1.0,0.0,3.0,260,0,62,1156,250.0,3511
9651,1.0,0.0,3.8,187,28,13,339,500.0,4239
9652,0.0,1.0,4.3,1248,30,21,1480,1000.0,5047
9653,0.0,1.0,3.9,1786,28,4,899,1300.0,5047
9654,1.0,1.0,4.1,592,28,21,688,1200.0,5047
9655,1.0,1.0,4.1,975,30,54,1313,1500.0,5047
9656,1.0,1.0,4.1,446,30,60,692,1200.0,5047
9657,0.0,1.0,3.8,152,30,46,1157,1350.0,5047
9658,0.0,1.0,3.8,234,30,20,1066,1000.0,5047
9659,0.0,0.0,4.3,697,28,52,685,1500.0,5047
9660,0.0,1.0,4.5,456,28,54,901,1500.0,5047
9661,1.0,1.0,4.4,2499,3,57,1343,900.0,5047
9662,1.0,1.0,4.3,4323,28,52,625,1600.0,5047
9663,1.0,1.0,4.2,2217,28,60,10,1200.0,5047
9664,0.0,1.0,4.4,1162,0,21,1369,1100.0,5047
9665,0.0,1.0,4.2,1197,28,26,979,1200.0,5047
9666,1.0,1.0,4.1,1407,28,26,1296,1100.0,5047
9667,0.0,1.0,4.0,725,28,60,890,1500.0,5047
9668,1.0,0.0,3.9,919,28,4,1266,1000.0,5047
9669,1.0,1.0,4.0,1017,28,58,882,1300.0,5047
9670,1.0,1.0,4.1,847,28,21,1546,1100.0,5047
9671,0.0,0.0,3.4,97,28,21,1559,1100.0,5047
9672,0.0,0.0,3.0,98,1,4,1196,800.0,5047
9673,0.0,1.0,4.6,538,30,20,1261,1100.0,5047
9674,0.0,1.0,4.7,3855,28,20,1325,1600.0,5047
9675,0.0,0.0,4.3,357,28,20,1416,1200.0,5047
9676,0.0,1.0,4.1,2461,28,20,1493,1000.0,5047
9677,0.0,1.0,4.1,1239,28,20,1423,800.0,5047
9678,1.0,1.0,4.1,1547,28,20,165,1000.0,5047
9679,1.0,1.0,3.8,763,28,20,1156,600.0,5047
9680,1.0,1.0,4.0,347,28,20,1295,1000.0,5047
9681,1.0,1.0,3.8,561,28,20,1156,800.0,5047
9682,0.0,0.0,3.7,203,28,20,1314,900.0,5047
9683,0.0,1.0,3.9,165,28,20,1592,1000.0,5047
9684,0.0,0.0,3.3,177,28,20,1222,950.0,5047
9685,1.0,1.0,4.4,2496,3,57,1343,900.0,5047
9686,1.0,1.0,4.2,1976,3,20,87,1000.0,5047
9687,0.0,1.0,4.9,6404,0,20,813,1600.0,5047
9688,1.0,1.0,4.3,1247,30,20,1343,1000.0,5047
9689,0.0,1.0,4.4,1154,0,21,1369,1100.0,5047
9690,1.0,1.0,3.8,362,30,20,291,600.0,5047
9691,1.0,1.0,3.8,584,30,20,1381,1200.0,5047
9692,0.0,1.0,3.8,176,30,20,1157,1350.0,5047
9693,0.0,1.0,4.1,1445,28,13,380,800.0,5047
9694,1.0,0.0,4.1,53,28,13,502,600.0,5047
9695,0.0,0.0,3.9,764,28,14,358,600.0,5047
9696,1.0,0.0,4.0,510,28,19,460,1000.0,5047
9697,0.0,0.0,4.0,129,28,13,383,600.0,5047
9698,1.0,0.0,4.2,170,28,13,361,600.0,3084
9699,0.0,0.0,4.2,386,28,13,427,700.0,5047
9700,1.0,1.0,3.9,728,28,13,416,800.0,5047
9701,0.0,0.0,4.1,522,28,13,404,550.0,5047
9702,1.0,0.0,4.1,206,28,65,366,650.0,5047
9703,1.0,1.0,4.4,4410,28,22,1468,600.0,5047
9704,1.0,0.0,3.7,132,28,13,504,400.0,5047
9705,1.0,1.0,4.2,239,28,22,349,600.0,4294
9706,1.0,0.0,3.8,46,28,13,318,450.0,4883
9707,0.0,0.0,3.4,48,28,13,436,550.0,5047
9708,1.0,0.0,3.7,127,28,13,467,700.0,5047
9709,1.0,0.0,3.9,153,28,41,427,400.0,5047
9710,1.0,0.0,2.7,85,28,13,496,500.0,5047
9711,1.0,0.0,3.8,187,28,13,339,500.0,5047
9712,1.0,0.0,4.0,41,3,41,442,400.0,5047
9713,0.0,0.0,3.9,124,3,13,446,500.0,5047
9714,1.0,0.0,3.9,50,3,13,332,600.0,1974
9715,1.0,1.0,4.3,1265,30,22,922,800.0,5047
9716,0.0,0.0,4.2,713,30,13,332,500.0,5047
9717,0.0,0.0,4.1,710,30,13,445,850.0,5047
9718,1.0,0.0,4.1,464,0,13,344,500.0,5047
9719,1.0,0.0,4.1,130,30,13,473,650.0,5047
9720,1.0,0.0,4.0,204,0,14,350,500.0,3978
9721,1.0,0.0,3.9,91,30,13,439,300.0,5047
9722,1.0,0.0,4.2,450,30,13,362,400.0,4249
9723,1.0,0.0,4.0,310,30,13,388,750.0,5047
9724,0.0,0.0,3.8,46,30,13,332,400.0,5047
9725,0.0,0.0,3.9,144,46,13,377,550.0,5047
9726,1.0,0.0,3.0,61,0,13,332,650.0,5047
9727,1.0,0.0,3.8,614,0,13,472,600.0,5047
9728,1.0,0.0,3.9,247,30,13,406,400.0,5047
9729,0.0,0.0,3.7,167,30,13,437,400.0,5047
9730,1.0,1.0,3.9,488,0,13,710,700.0,5047
9731,1.0,0.0,4.5,1185,0,29,930,500.0,2307
9732,1.0,0.0,4.1,52,0,72,1518,250.0,5047
9733,1.0,0.0,4.2,785,0,62,1597,300.0,2698
9734,1.0,0.0,3.8,630,75,29,923,450.0,3085
9735,1.0,0.0,3.2,167,3,62,1507,600.0,5047
9736,1.0,0.0,4.1,1277,0,20,105,900.0,5047
9737,1.0,0.0,3.8,256,0,20,282,800.0,5047
9738,1.0,0.0,3.9,247,0,62,202,400.0,163
9739,1.0,0.0,4.1,66,28,72,869,300.0,5047
9740,1.0,0.0,4.0,808,46,20,1209,500.0,4705
9741,1.0,0.0,3.4,150,0,62,1046,400.0,3923
9742,1.0,0.0,4.1,418,30,62,330,500.0,5047
9743,1.0,0.0,4.5,556,0,30,773,400.0,5047
9744,1.0,0.0,3.7,215,0,62,1045,200.0,5047
9745,1.0,0.0,3.9,331,0,13,1195,200.0,142
9746,1.0,0.0,4.2,95,30,11,214,400.0,5047
9747,1.0,0.0,3.5,735,0,20,47,600.0,5047
9748,1.0,0.0,3.6,209,28,72,285,300.0,5047
9749,1.0,1.0,3.8,170,36,20,1589,700.0,5047
9750,1.0,0.0,3.9,502,28,72,273,400.0,3837
9751,1.0,0.0,2.9,258,0,62,1156,250.0,5047
9752,1.0,0.0,4.0,403,3,62,1589,400.0,98
9753,1.0,0.0,4.0,944,0,20,558,600.0,5047
9754,1.0,0.0,3.9,181,0,62,1461,250.0,79
9755,1.0,0.0,4.0,199,0,62,1156,300.0,5047
9756,1.0,0.0,4.4,825,30,30,956,400.0,5047
9757,1.0,0.0,3.7,476,0,62,1235,450.0,858
9758,1.0,0.0,3.9,62,28,62,324,300.0,5047
9759,1.0,0.0,3.1,178,3,62,42,250.0,5047
9760,1.0,0.0,3.2,170,46,62,1594,300.0,3692
9761,1.0,0.0,3.8,101,28,62,1636,200.0,5047
9762,1.0,0.0,4.2,467,0,62,1060,400.0,2732
9763,1.0,0.0,3.3,212,28,62,236,350.0,5047
9764,1.0,0.0,4.4,1972,30,20,238,800.0,5047
9765,1.0,0.0,3.7,132,28,62,1177,250.0,3933
9766,1.0,0.0,4.1,303,30,62,1569,200.0,88
9767,1.0,0.0,3.6,247,46,62,1196,300.0,164
9768,1.0,0.0,4.1,130,0,62,1156,150.0,4047
9769,1.0,0.0,3.6,519,28,20,1589,400.0,125
9770,1.0,0.0,3.8,474,3,62,323,600.0,1822
9771,1.0,0.0,3.9,70,3,30,767,350.0,5047
9772,1.0,0.0,4.3,794,30,62,84,300.0,5047
9773,1.0,0.0,3.5,93,28,72,270,600.0,5047
9774,1.0,0.0,3.1,245,46,62,1257,300.0,5047
9775,1.0,0.0,3.3,456,3,20,50,550.0,5047
9776,1.0,0.0,4.0,79,30,62,1079,100.0,5047
9777,1.0,0.0,2.7,159,28,62,1465,750.0,5047
9778,1.0,0.0,4.0,334,28,62,1589,300.0,4551
9779,1.0,0.0,3.6,49,28,62,311,300.0,823
9780,1.0,0.0,3.9,313,28,62,1190,500.0,2810
9781,1.0,0.0,4.3,632,30,62,1454,200.0,5047
9782,1.0,0.0,4.0,253,30,30,773,300.0,3479
9783,1.0,1.0,4.0,205,28,62,1476,700.0,5047
9784,1.0,0.0,4.0,958,30,62,1356,500.0,5047
9785,1.0,0.0,3.7,132,28,13,504,400.0,5047
9786,1.0,0.0,3.3,351,30,62,322,400.0,5047
9787,1.0,0.0,3.9,210,30,11,778,400.0,5047
9788,1.0,0.0,4.0,190,28,29,235,650.0,4285
9789,1.0,0.0,4.0,1986,28,20,294,800.0,5047
9790,1.0,0.0,2.9,132,0,62,565,300.0,5047
9791,1.0,0.0,4.1,232,28,0,181,500.0,1588
9792,1.0,0.0,3.9,124,46,62,584,400.0,5047
9793,1.0,0.0,3.4,137,0,72,282,500.0,139
9794,1.0,0.0,3.8,182,3,41,1181,600.0,5047
9795,1.0,0.0,4.2,380,28,20,266,750.0,5047
9796,1.0,1.0,4.0,743,3,20,296,800.0,5047
9797,1.0,0.0,3.7,129,3,72,282,400.0,5047
9798,1.0,0.0,4.1,381,0,62,84,250.0,5047
9799,1.0,0.0,3.8,99,0,20,1589,350.0,2725
9800,1.0,1.0,4.4,4410,28,22,1468,600.0,5047
9801,1.0,1.0,4.1,176,30,20,1591,500.0,2673
9802,1.0,0.0,4.0,153,28,62,1637,200.0,4998
9803,1.0,0.0,4.0,183,28,69,1121,400.0,4211
9804,1.0,0.0,3.7,171,28,62,862,200.0,4546
9805,1.0,0.0,4.0,193,46,62,1598,300.0,129
9806,1.0,0.0,3.9,183,0,62,868,250.0,5047
9807,1.0,0.0,3.0,102,0,20,1589,600.0,2803
9808,1.0,0.0,4.1,240,28,30,953,500.0,5047
9809,1.0,0.0,3.2,209,30,12,1652,250.0,4092
9810,1.0,0.0,4.6,409,3,20,0,1000.0,3053
9811,1.0,0.0,2.9,65,0,20,1460,500.0,3823
9812,1.0,0.0,3.8,209,3,20,237,700.0,946
9813,1.0,1.0,3.5,551,3,20,1236,600.0,1177
9814,1.0,1.0,4.1,367,30,20,1665,1200.0,2970
9815,1.0,0.0,4.2,102,0,62,537,300.0,3769
9816,1.0,0.0,3.9,358,0,62,1196,400.0,4077
9817,1.0,0.0,3.9,136,30,62,1647,400.0,280
9818,1.0,0.0,3.9,438,0,20,197,650.0,3016
9819,1.0,0.0,3.3,513,46,20,164,700.0,459
9820,1.0,0.0,2.6,231,46,62,1270,400.0,4438
9821,1.0,0.0,4.0,113,0,62,591,400.0,1749
9822,1.0,0.0,3.9,97,30,62,1547,200.0,2683
9823,1.0,0.0,3.7,248,46,62,1327,400.0,5047
9824,1.0,0.0,4.0,97,3,29,1113,600.0,2500
9825,1.0,0.0,3.0,354,28,62,1285,400.0,1911
9826,1.0,0.0,4.2,450,30,13,362,400.0,4249
9827,1.0,0.0,3.9,47,28,69,1121,100.0,354
9828,1.0,0.0,3.7,126,46,20,292,750.0,1280
9829,1.0,0.0,4.0,85,0,62,856,400.0,3626
9830,1.0,0.0,3.8,115,46,62,863,250.0,4793
9831,1.0,1.0,4.2,2206,28,60,10,1200.0,4416
9832,1.0,1.0,4.1,1547,28,20,165,1000.0,2487
9833,1.0,1.0,3.9,1230,3,20,115,900.0,1241
9834,1.0,0.0,3.9,101,3,30,956,400.0,363
9835,1.0,0.0,3.7,168,3,62,1110,600.0,4786
9836,1.0,0.0,3.7,111,3,20,43,800.0,2557
9837,1.0,0.0,3.8,578,30,20,1421,900.0,434
9838,1.0,0.0,2.5,321,28,62,1241,400.0,4351
9839,1.0,0.0,3.8,184,0,62,858,400.0,1139
9840,1.0,0.0,4.0,206,28,29,1181,450.0,2038
9841,1.0,0.0,4.0,166,30,62,1589,400.0,3572
9842,1.0,1.0,3.9,488,0,13,710,700.0,5047
9843,1.0,0.0,4.5,155,30,9,228,300.0,2755
9844,1.0,0.0,3.7,666,28,20,201,650.0,306
9845,1.0,0.0,3.8,151,30,30,773,350.0,629
9846,1.0,0.0,4.0,260,28,62,1156,300.0,5047
9847,1.0,0.0,3.5,221,0,70,1119,400.0,325
9848,1.0,0.0,3.9,85,28,62,1490,300.0,2904
9849,1.0,1.0,4.2,177,30,20,924,800.0,4272
9850,1.0,0.0,3.9,50,3,13,332,600.0,4517
9851,1.0,0.0,4.3,539,28,62,617,300.0,4696
9852,1.0,0.0,3.7,328,0,72,1185,500.0,4858
9853,1.0,0.0,4.0,36,0,32,775,300.0,5047
9854,1.0,0.0,4.1,339,30,62,547,300.0,4252
9855,1.0,0.0,3.9,128,46,20,1568,500.0,2692
9856,1.0,0.0,4.1,306,46,20,965,700.0,3106
9857,1.0,0.0,3.9,73,3,72,1578,400.0,5047
9858,1.0,0.0,4.0,108,30,62,329,500.0,4862
9859,1.0,1.0,4.3,4321,28,52,625,1600.0,2352
9860,1.0,0.0,4.1,53,28,13,502,600.0,4485
9861,1.0,0.0,3.0,122,3,20,609,500.0,4796
9862,1.0,0.0,3.9,349,28,20,609,600.0,679
9863,1.0,0.0,3.8,69,30,62,1451,200.0,59
9864,1.0,0.0,3.4,277,0,66,1455,250.0,169
9865,1.0,1.0,4.1,627,0,21,141,1500.0,1776
9866,1.0,0.0,4.0,258,3,62,322,500.0,3378
9867,1.0,0.0,3.6,241,46,62,1196,300.0,5011
9868,1.0,0.0,3.8,367,0,20,1156,600.0,3905
9869,1.0,0.0,3.0,348,3,62,1474,400.0,3128
9870,1.0,0.0,3.9,37,28,62,753,400.0,781
9871,1.0,0.0,3.1,89,0,62,1374,350.0,2917
9872,1.0,0.0,4.3,864,1,30,789,500.0,3286
9873,1.0,1.0,4.1,1064,30,21,987,1200.0,4296
9874,1.0,0.0,4.1,206,28,65,366,650.0,2520
9875,1.0,0.0,3.7,37,28,29,282,600.0,4591
9876,1.0,0.0,3.9,212,30,20,920,500.0,1952
9877,1.0,0.0,4.2,289,3,62,6,400.0,4031
9878,1.0,0.0,4.4,677,3,45,772,500.0,2989
9879,1.0,0.0,4.2,170,28,13,361,600.0,3083
9880,1.0,0.0,3.9,135,30,62,866,350.0,1846
9881,1.0,1.0,4.4,2241,3,21,744,1200.0,4237
9882,1.0,0.0,3.9,52,30,62,1587,200.0,2681
9883,1.0,0.0,3.9,92,30,62,230,200.0,3721
9884,1.0,0.0,4.1,91,28,0,181,500.0,5047
9885,1.0,0.0,3.8,46,28,62,1465,450.0,3109
9886,1.0,0.0,3.9,386,28,62,1476,600.0,3488
9887,1.0,0.0,2.8,91,0,62,1670,400.0,5004
9888,1.0,1.0,4.3,1265,30,22,922,800.0,4023
9889,1.0,0.0,4.1,799,30,13,437,400.0,2257
9890,1.0,0.0,4.2,309,0,29,1045,600.0,181
9891,1.0,0.0,4.0,1310,28,20,625,750.0,4276
9892,1.0,1.0,3.7,205,30,57,536,1000.0,2207
9893,1.0,0.0,3.8,338,0,20,65,800.0,942
9894,1.0,0.0,3.8,46,28,13,318,450.0,4883
9895,1.0,0.0,3.9,671,0,20,1156,500.0,4324
9896,1.0,0.0,4.0,41,3,41,442,400.0,622
9897,1.0,0.0,3.8,156,30,20,1597,450.0,5047
9898,1.0,0.0,3.9,42,28,30,1121,250.0,5047
9899,1.0,0.0,3.3,117,46,62,1333,250.0,1374
9900,1.0,0.0,3.1,320,28,20,1354,700.0,1429
9901,1.0,0.0,3.9,34,28,20,1091,750.0,449
9902,1.0,0.0,4.0,130,0,30,949,230.0,765
9903,1.0,0.0,3.7,81,28,62,826,500.0,3022
9904,1.0,0.0,4.1,140,28,62,1547,100.0,5047
9905,1.0,0.0,3.8,55,30,62,953,250.0,500
9906,1.0,0.0,4.0,204,0,14,350,500.0,3977
9907,1.0,0.0,3.8,122,7,29,1465,750.0,2178
9908,1.0,0.0,3.8,61,0,62,203,300.0,176
9909,1.0,0.0,4.4,181,30,9,231,250.0,5047
9910,1.0,0.0,4.1,193,30,30,789,300.0,5047
9911,1.0,0.0,3.8,210,46,20,1235,600.0,3312
9912,1.0,0.0,4.0,71,0,30,773,300.0,507
9913,1.0,0.0,3.7,47,30,66,844,400.0,5047
9914,1.0,0.0,4.0,467,30,20,1597,600.0,5047
9915,1.0,0.0,4.4,359,30,30,773,400.0,5047
9916,1.0,1.0,4.2,1033,28,21,614,1100.0,3400
9917,1.0,1.0,4.1,459,28,20,695,700.0,1686
9918,1.0,1.0,4.1,446,30,60,692,1200.0,3865
9919,1.0,1.0,4.1,590,28,21,688,1200.0,3043
9920,1.0,0.0,3.5,80,30,20,72,750.0,1433
9921,1.0,0.0,3.9,153,28,41,427,400.0,1648
9922,1.0,0.0,4.2,249,0,32,210,500.0,380
9923,1.0,0.0,4.1,232,28,20,1296,1000.0,4426
9924,1.0,1.0,4.3,1907,30,13,423,800.0,4691
9925,1.0,0.0,4.4,658,30,12,217,600.0,4798
9926,1.0,0.0,4.0,89,30,62,1551,200.0,2824
9927,1.0,0.0,3.9,74,30,20,129,800.0,3328
9928,1.0,0.0,4.0,1781,30,62,1444,200.0,46
9929,1.0,0.0,4.1,956,28,20,1613,600.0,146
9930,1.0,0.0,4.2,265,30,13,389,700.0,211
9931,1.0,0.0,3.6,323,3,41,1476,800.0,5047
9932,1.0,0.0,4.1,30,30,9,231,100.0,4836
9933,1.0,0.0,4.0,77,28,62,1023,150.0,3474
9934,1.0,0.0,2.7,85,28,13,496,500.0,3093
9935,1.0,0.0,3.7,72,30,20,1209,450.0,2371
9936,1.0,0.0,4.0,129,30,30,767,300.0,760
9937,1.0,0.0,3.8,614,0,13,472,600.0,3453
9938,1.0,0.0,3.9,247,30,13,406,400.0,3195
9939,1.0,0.0,3.9,914,28,4,1266,1000.0,1452
9940,1.0,0.0,3.7,55,28,62,1620,200.0,3803
9941,1.0,0.0,4.0,137,30,62,1571,350.0,4049
9942,1.0,0.0,3.8,77,46,13,401,600.0,924
9943,1.0,0.0,3.8,145,1,13,533,700.0,3759
9944,1.0,0.0,3.9,410,28,20,1196,500.0,3666
9945,1.0,0.0,3.9,181,28,30,767,400.0,1592
9946,1.0,0.0,3.8,171,28,62,1156,250.0,3521
9947,1.0,0.0,3.8,89,28,30,957,400.0,539
9948,0.0,1.0,4.1,1445,28,13,380,800.0,5047
9949,1.0,0.0,3.7,43,28,62,1196,500.0,4309
9950,1.0,0.0,2.9,42,0,62,1432,250.0,4180
9951,1.0,1.0,4.1,973,30,54,1313,1500.0,3679
9952,1.0,0.0,3.9,70,1,30,846,400.0,508
9953,1.0,1.0,4.1,294,28,20,938,500.0,3243
9954,1.0,0.0,3.3,396,30,62,1196,300.0,3204
9955,1.0,0.0,3.8,100,0,13,488,700.0,2517
9956,1.0,0.0,4.1,464,0,13,344,500.0,4572
9957,1.0,1.0,4.0,1016,28,58,882,1300.0,1247
9958,1.0,0.0,3.9,203,0,62,1451,300.0,2790
9959,1.0,0.0,4.3,134,28,29,181,300.0,4149
9960,1.0,0.0,3.9,339,28,62,256,300.0,571
9961,1.0,0.0,4.1,205,30,30,956,300.0,4567
9962,1.0,0.0,3.6,192,0,29,917,450.0,3242
9963,1.0,0.0,3.0,57,28,20,604,650.0,1407
9964,1.0,1.0,3.9,681,3,20,1274,800.0,4507
9965,1.0,0.0,3.0,57,30,62,1329,400.0,3853
9966,1.0,1.0,2.9,90,3,20,1449,800.0,2566
9967,1.0,0.0,3.9,258,0,20,50,500.0,1109
9968,1.0,0.0,4.5,4432,30,20,286,600.0,653
9969,0.0,1.0,4.1,1195,28,26,979,1200.0,5047
9970,1.0,0.0,4.2,465,0,62,1179,300.0,1717
9971,1.0,0.0,4.1,130,30,13,473,650.0,4537
9972,1.0,0.0,3.6,65,7,20,591,400.0,4428
9973,1.0,0.0,4.0,187,0,62,43,400.0,5047
9974,1.0,0.0,4.1,138,28,20,1485,800.0,25
9975,1.0,0.0,4.1,601,0,62,1477,700.0,5047
9976,1.0,1.0,4.1,1405,28,26,1296,1100.0,2159
9977,1.0,0.0,4.3,325,30,20,1547,400.0,5047
9978,1.0,1.0,3.8,72,28,62,1496,400.0,5047
9979,1.0,0.0,2.7,50,3,65,549,650.0,3395
9980,1.0,1.0,4.1,553,30,20,991,900.0,3705
9981,1.0,1.0,4.0,350,1,20,1519,1200.0,4148
9982,1.0,0.0,3.8,90,1,13,332,650.0,518
9983,1.0,0.0,3.9,191,0,62,256,300.0,1557
9984,1.0,0.0,2.6,208,28,20,602,650.0,86
9985,1.0,1.0,3.6,164,46,20,915,800.0,5047
9986,1.0,0.0,3.2,146,3,62,1218,350.0,2443
9987,1.0,0.0,3.9,92,28,62,1602,300.0,5047
9988,1.0,0.0,3.9,126,30,62,1589,400.0,84
9989,1.0,1.0,4.0,790,28,20,696,1300.0,3110
9990,1.0,0.0,3.5,56,30,30,958,400.0,761
9991,0.0,0.0,4.3,357,28,20,1416,1200.0,5047
9992,1.0,0.0,4.1,295,0,20,250,700.0,5047
9993,0.0,0.0,3.8,117,28,62,1209,350.0,5047
9994,1.0,0.0,3.8,243,30,20,1089,650.0,4593
9995,1.0,1.0,4.2,1432,28,20,64,800.0,1296
9996,1.0,0.0,3.8,95,3,41,674,1100.0,5
9997,1.0,0.0,3.6,798,3,20,286,550.0,4204
9998,1.0,0.0,4.6,233,30,13,359,400.0,5047
9999,1.0,0.0,3.9,1189,0,62,1196,500.0,3582
10000,1.0,0.0,4.0,310,30,13,388,750.0,3794
10001,1.0,0.0,4.1,166,30,62,256,400.0,583
10002,1.0,0.0,3.8,273,0,20,1310,900.0,2290
10003,1.0,0.0,3.7,51,3,62,1156,300.0,1210
10004,1.0,0.0,3.7,133,30,20,607,700.0,3956
10005,1.0,0.0,2.3,298,7,62,286,450.0,1180
10006,0.0,0.0,3.1,97,28,20,517,650.0,5047
10007,1.0,0.0,3.2,136,3,20,1209,500.0,5047
10008,1.0,0.0,3.6,34,28,30,956,300.0,5047
10009,0.0,1.0,4.2,1242,28,20,1490,1200.0,5047
10010,0.0,0.0,3.9,61,28,72,1052,400.0,5047
10011,1.0,0.0,3.8,129,0,62,1196,400.0,5047
10012,1.0,0.0,3.8,42,1,62,1589,300.0,5047
10013,1.0,0.0,4.0,516,28,19,460,1000.0,5047
10014,0.0,0.0,3.8,72,28,0,181,200.0,5047
10015,0.0,0.0,4.3,251,28,30,956,200.0,5047
10016,1.0,0.0,4.1,600,3,62,1156,400.0,1567
10017,1.0,0.0,4.0,869,0,29,250,500.0,3523
10018,1.0,0.0,4.0,113,28,62,1649,200.0,5047
10019,1.0,1.0,3.9,728,28,13,416,800.0,2483
10020,1.0,0.0,3.9,891,1,20,1434,750.0,5047
10021,1.0,0.0,3.5,177,0,62,203,500.0,2066
10022,1.0,1.0,3.9,564,3,20,1156,900.0,5047
10023,1.0,0.0,3.9,91,30,13,439,300.0,4745
10024,1.0,0.0,3.7,127,28,13,467,700.0,513
10025,1.0,0.0,3.0,74,36,20,68,700.0,5047
10026,1.0,0.0,3.7,218,28,20,1423,500.0,5047
10027,1.0,0.0,2.9,154,3,62,197,600.0,5047
10028,1.0,0.0,3.6,71,0,62,1248,350.0,1184
10029,1.0,0.0,4.1,210,30,32,214,150.0,3216
10030,0.0,1.0,4.3,1079,28,21,50,800.0,5047
10031,1.0,0.0,3.6,142,30,20,1554,750.0,5047
10032,0.0,0.0,3.8,82,28,47,1472,1000.0,5047
10033,1.0,0.0,4.1,740,28,29,565,500.0,5047
10034,1.0,1.0,4.2,239,28,22,349,600.0,5047
10035,1.0,0.0,4.3,2420,28,20,1156,800.0,5047
10036,1.0,0.0,3.8,86,3,29,38,600.0,5047
10037,1.0,1.0,3.8,362,30,20,291,600.0,5047
10038,1.0,1.0,3.8,256,3,20,73,800.0,5047
10039,0.0,0.0,2.9,177,30,20,1211,700.0,5047
10040,1.0,0.0,3.9,202,3,62,1196,250.0,5047
10041,1.0,0.0,4.2,421,3,20,604,700.0,5047
10042,1.0,0.0,3.9,84,30,69,1121,400.0,5047
10043,1.0,0.0,4.0,539,3,20,610,800.0,5047
10044,1.0,0.0,3.8,106,28,29,306,350.0,5047
10045,0.0,0.0,3.8,919,28,20,1156,600.0,5047
10046,1.0,1.0,4.3,885,30,20,558,1700.0,5047
10047,1.0,0.0,4.0,109,0,62,1156,300.0,5047
10048,1.0,0.0,3.9,130,30,62,1181,400.0,5047
10049,1.0,0.0,3.7,109,3,62,1084,600.0,5047
10050,1.0,0.0,4.0,233,30,62,1561,400.0,5047
10051,0.0,1.0,4.1,468,28,20,1064,700.0,5047
10052,1.0,0.0,4.0,827,0,20,1490,500.0,5047
10053,0.0,0.0,3.9,115,28,62,1547,200.0,5047
10054,1.0,0.0,4.1,589,28,20,558,700.0,5047
10055,1.0,0.0,4.0,118,28,20,604,600.0,5047
10056,0.0,0.0,3.2,63,28,3,191,600.0,5047
10057,1.0,0.0,3.9,68,0,20,1165,1000.0,3741
10058,1.0,0.0,3.8,217,28,62,1156,450.0,5047
10059,0.0,0.0,3.5,134,28,20,1196,650.0,5047
10060,1.0,0.0,3.8,232,30,20,68,600.0,5047
10061,1.0,1.0,3.8,763,28,20,1156,600.0,5047
10062,1.0,0.0,4.0,181,28,20,1214,550.0,5047
10063,0.0,0.0,3.7,203,28,20,1314,900.0,5047
10064,1.0,0.0,3.9,315,30,62,1639,300.0,643
10065,0.0,0.0,3.1,138,28,62,868,300.0,5047
10066,0.0,0.0,4.0,194,28,20,1555,500.0,5047
10067,1.0,0.0,3.7,195,0,62,1156,400.0,5047
10068,1.0,1.0,3.8,584,30,20,1381,1200.0,5047
10069,0.0,0.0,2.3,176,28,20,1156,450.0,5047
10070,1.0,0.0,3.0,61,0,13,332,650.0,820
10071,1.0,1.0,3.5,432,30,20,1156,800.0,5047
10072,0.0,0.0,3.7,48,28,20,1335,800.0,5047
10073,1.0,0.0,4.0,200,28,62,1087,400.0,5047
10074,1.0,0.0,3.8,117,0,20,1181,600.0,5047
10075,1.0,1.0,4.1,847,28,21,1546,1100.0,4831
10076,0.0,0.0,3.5,65,28,20,1420,750.0,5047
10077,0.0,0.0,2.7,39,28,20,1209,500.0,5047
10078,0.0,0.0,3.0,55,28,20,65,800.0,5047
10079,0.0,0.0,2.9,39,28,72,857,500.0,5047
10080,1.0,0.0,3.8,146,28,20,521,600.0,5047
10081,1.0,0.0,3.7,117,28,62,1156,150.0,5047
10082,1.0,0.0,3.8,416,30,20,77,700.0,5047
10083,1.0,0.0,4.1,90,30,62,1547,100.0,3462
10084,1.0,0.0,3.9,162,28,29,1209,500.0,5047
10085,1.0,1.0,4.0,870,30,20,1296,900.0,5047
10086,1.0,1.0,3.9,143,30,20,1093,1000.0,5047
10087,1.0,0.0,3.8,282,30,20,283,800.0,5047
10088,1.0,0.0,3.3,97,46,62,1156,400.0,5047
10089,1.0,1.0,4.3,1247,30,20,1343,1000.0,5047
10090,1.0,1.0,3.9,1340,3,46,7,1700.0,5047
10091,1.0,1.0,4.1,1027,3,20,1156,1000.0,5047
10092,1.0,1.0,3.8,561,28,20,1156,800.0,5047
10093,1.0,0.0,3.7,115,0,20,565,550.0,5047
10094,1.0,0.0,2.8,335,3,20,1196,500.0,5047
10095,1.0,0.0,2.6,170,3,20,978,600.0,5047
10096,1.0,1.0,4.1,1322,28,20,1222,1200.0,5047
10097,0.0,0.0,3.6,135,30,20,1079,600.0,5047
10098,1.0,0.0,3.1,140,0,20,1182,600.0,5047
10099,0.0,0.0,3.7,246,28,20,286,450.0,5047
10100,1.0,0.0,3.5,283,0,62,206,350.0,5047
10101,0.0,0.0,4.2,1292,3,20,43,800.0,5047
10102,0.0,0.0,3.9,205,0,20,283,550.0,5047
10103,0.0,0.0,3.9,124,3,13,446,500.0,5047
10104,0.0,0.0,2.8,80,3,20,46,650.0,5047
10105,0.0,0.0,3.4,66,3,20,590,800.0,5047
10106,0.0,0.0,3.1,53,75,29,856,450.0,5047
10107,0.0,1.0,3.8,176,30,20,1157,1350.0,5047
10108,1.0,1.0,4.0,347,28,20,1295,1000.0,5047
10109,0.0,0.0,3.3,67,3,20,1196,600.0,5047
10110,1.0,0.0,3.8,254,0,20,521,550.0,5047
10111,1.0,0.0,3.7,288,46,62,1196,500.0,5047
10112,1.0,0.0,3.7,46,0,20,1196,600.0,5047
10113,1.0,1.0,4.1,1080,30,20,1196,1000.0,5047
10114,1.0,0.0,3.7,66,0,62,1563,300.0,5047
10115,1.0,0.0,3.1,68,30,62,1140,550.0,5047
10116,1.0,0.0,3.6,43,28,20,583,600.0,5047
10117,1.0,0.0,3.4,185,3,20,1598,450.0,5047
10118,1.0,1.0,3.7,36,30,20,586,650.0,5047
10119,1.0,0.0,4.1,427,3,72,1392,500.0,5047
10120,1.0,0.0,4.3,476,0,72,1465,600.0,4164
10121,0.0,1.0,3.8,151,30,46,1157,1350.0,5047
10122,1.0,0.0,3.8,75,30,62,1046,300.0,725
10123,1.0,0.0,4.0,101,3,20,1079,500.0,5047
10124,0.0,0.0,4.3,425,3,30,951,200.0,5047
10125,0.0,1.0,3.7,570,30,20,701,800.0,5047
10126,1.0,0.0,3.7,136,0,20,1196,500.0,1226
10127,0.0,0.0,4.2,127,30,29,769,400.0,5047
10128,0.0,0.0,4.1,163,30,62,873,200.0,5047
10129,0.0,0.0,3.7,29,0,20,1196,500.0,5047
10130,0.0,0.0,2.9,107,3,20,1196,450.0,5047
10131,0.0,0.0,4.0,147,30,30,767,400.0,5047
10132,0.0,0.0,3.9,144,46,13,377,550.0,5047
10133,0.0,0.0,3.7,118,0,30,956,300.0,5047
10134,0.0,0.0,2.2,90,3,20,1196,750.0,5047
10135,0.0,0.0,3.7,93,30,20,1196,900.0,5047
10136,0.0,0.0,2.3,291,3,20,1597,250.0,5047
10137,0.0,0.0,3.9,194,28,20,1589,400.0,5047
10138,1.0,0.0,3.8,109,30,20,1196,500.0,5047
10139,1.0,0.0,3.8,187,28,13,339,500.0,2287
10140,1.0,1.0,4.4,2496,3,57,1343,900.0,5047
10141,1.0,1.0,4.1,459,28,20,695,700.0,1686
10142,1.0,0.0,4.1,53,28,13,502,600.0,4485
10143,1.0,0.0,4.1,232,28,0,181,500.0,1587
10144,1.0,0.0,4.3,134,28,29,181,300.0,4149
10145,1.0,0.0,4.0,183,28,69,1121,400.0,4210
10146,1.0,0.0,4.2,170,28,13,361,600.0,3084
10147,1.0,0.0,4.1,240,28,30,953,500.0,2293
10148,1.0,0.0,4.2,213,28,30,959,400.0,608
10149,1.0,0.0,3.9,240,28,30,789,500.0,3735
10150,1.0,0.0,3.9,181,28,30,767,400.0,1592
10151,0.0,0.0,4.1,522,28,13,404,550.0,5047
10152,0.0,0.0,2.9,56,28,70,1121,200.0,5047
10153,0.0,0.0,3.8,73,28,0,181,200.0,5047
10154,0.0,0.0,4.3,251,28,30,956,200.0,5047
10155,0.0,0.0,3.9,86,28,30,949,250.0,5047
10156,1.0,1.0,4.2,239,28,22,349,600.0,778
10157,0.0,0.0,4.0,321,28,30,773,500.0,5047
10158,1.0,0.0,3.8,51,28,29,181,500.0,1616
10159,1.0,0.0,3.8,89,28,30,957,400.0,539
10160,0.0,0.0,3.2,63,28,3,191,600.0,5047
10161,1.0,0.0,3.9,42,28,30,1121,250.0,2862
10162,0.0,0.0,2.9,231,28,30,793,800.0,5047
10163,1.0,0.0,3.9,45,28,11,778,400.0,3953
10164,1.0,0.0,3.9,47,28,69,1121,100.0,355
10165,1.0,0.0,4.1,91,28,0,181,500.0,3972
10166,1.0,0.0,3.6,34,28,30,956,300.0,5047
10167,1.0,0.0,3.9,153,28,41,427,400.0,1648
10168,0.0,0.0,4.3,425,3,30,951,200.0,5047
10169,1.0,0.0,4.0,41,3,41,442,400.0,622
10170,1.0,0.0,3.9,101,3,30,956,400.0,363
10171,0.0,0.0,4.5,208,30,30,956,400.0,5047
10172,1.0,0.0,3.9,74,30,20,129,800.0,3327
10173,1.0,0.0,4.4,825,30,30,956,400.0,4564
10174,1.0,0.0,4.2,249,0,32,210,500.0,380
10175,1.0,0.0,4.4,359,30,30,773,400.0,1757
10176,1.0,1.0,3.8,362,30,20,291,600.0,4839
10177,1.0,0.0,4.1,193,30,30,789,300.0,2297
10178,0.0,0.0,4.2,127,30,29,769,400.0,5047
10179,0.0,0.0,4.1,108,30,13,427,700.0,5047
10180,0.0,0.0,4.0,160,0,68,1640,150.0,5047
10181,1.0,0.0,4.0,71,0,30,773,300.0,507
10182,1.0,0.0,4.0,204,0,14,350,500.0,2408
10183,1.0,0.0,4.2,450,30,13,362,400.0,5047
10184,1.0,0.0,4.0,129,30,30,767,300.0,760
10185,0.0,0.0,4.1,201,30,62,1628,250.0,5047
10186,0.0,0.0,3.9,41,0,3,195,200.0,5047
10187,0.0,0.0,4.0,147,30,30,767,400.0,5047
10188,1.0,0.0,3.5,221,0,70,1119,400.0,3709
10189,0.0,0.0,3.7,118,0,30,956,300.0,5047
10190,1.0,0.0,4.0,130,0,30,949,230.0,3239
10191,1.0,0.0,4.1,205,30,30,956,300.0,4567
10192,1.0,1.0,4.1,590,28,21,688,1200.0,3043
10193,0.0,0.0,4.3,680,28,52,685,1500.0,5047
10194,0.0,0.0,4.5,2800,28,21,1170,1200.0,5047
10195,0.0,1.0,4.7,3855,28,20,1325,1600.0,5047
10196,0.0,0.0,4.3,357,28,20,1416,1200.0,5047
10197,1.0,1.0,4.3,4321,28,52,625,1600.0,2352
10198,0.0,1.0,4.1,2461,28,20,1493,1000.0,5047
10199,0.0,1.0,4.3,1209,28,5,803,1500.0,5047
10200,0.0,1.0,4.6,324,28,20,1436,1300.0,5047
10201,0.0,1.0,4.2,1216,28,20,1490,1200.0,5047
10202,1.0,1.0,4.2,2206,28,60,10,1200.0,4416
10203,0.0,1.0,4.1,1239,28,20,1423,800.0,5047
10204,0.0,1.0,3.9,1779,28,4,899,1300.0,5047
10205,1.0,0.0,4.3,2420,28,20,1156,800.0,283
10206,1.0,1.0,4.1,1547,28,20,165,1000.0,2488
10207,1.0,0.0,4.1,138,28,20,1485,800.0,25
10208,0.0,1.0,4.0,720,28,60,890,1500.0,5047
10209,1.0,0.0,4.0,1986,28,20,294,800.0,4053
10210,1.0,0.0,4.1,956,28,20,1613,600.0,147
10211,1.0,0.0,4.2,380,28,20,266,750.0,650
10212,0.0,1.0,4.1,1195,28,26,979,1200.0,5047
10213,1.0,1.0,4.1,459,28,20,695,700.0,1686
10214,0.0,1.0,4.3,1079,28,21,50,800.0,5047
10215,1.0,1.0,4.2,1033,28,21,614,1100.0,3401
10216,1.0,1.0,3.9,887,28,20,1156,900.0,5030
10217,0.0,1.0,4.1,1445,28,13,380,800.0,5047
10218,1.0,0.0,4.0,181,28,20,1214,550.0,3675
10219,1.0,1.0,4.0,1016,28,58,882,1300.0,1247
10220,1.0,1.0,4.1,1405,28,26,1296,1100.0,2159
10221,0.0,0.0,3.9,764,28,14,358,600.0,5047
10222,1.0,0.0,4.1,232,28,20,1296,1000.0,4426
10223,1.0,1.0,4.2,1432,28,20,64,800.0,1296
10224,1.0,1.0,4.1,1322,28,20,1222,1200.0,4427
10225,1.0,1.0,4.0,790,28,20,696,1300.0,3110
10226,1.0,1.0,4.1,847,28,21,1546,1100.0,5047
10227,0.0,0.0,3.8,919,28,20,1156,600.0,5047
10228,1.0,0.0,4.0,510,28,19,460,1000.0,2469
10229,1.0,1.0,3.8,763,28,20,1156,600.0,2769
10230,1.0,0.0,3.9,34,28,20,1091,750.0,184
10231,1.0,1.0,4.0,347,28,20,1295,1000.0,5047
10232,1.0,0.0,3.9,914,28,4,1266,1000.0,1452
10233,1.0,1.0,3.8,561,28,20,1156,800.0,3640
10234,1.0,1.0,4.1,294,28,20,938,500.0,5047
10235,1.0,0.0,3.9,349,28,20,609,600.0,679
10236,1.0,0.0,4.0,1310,28,20,625,750.0,4276
10237,1.0,0.0,4.1,589,28,20,558,700.0,4763
10238,0.0,1.0,4.1,468,28,20,1064,700.0,5047
10239,1.0,0.0,4.0,118,28,20,604,600.0,3059
10240,0.0,0.0,4.0,130,28,62,1589,300.0,5047
10241,1.0,0.0,4.0,200,28,62,1087,400.0,5047
10242,0.0,0.0,4.2,386,28,13,427,700.0,5047
10243,1.0,0.0,4.1,181,28,20,604,700.0,4765
10244,1.0,0.0,3.7,218,28,20,1423,500.0,3668
10245,0.0,0.0,3.8,117,28,62,1209,350.0,5047
10246,0.0,0.0,3.8,59,28,20,1423,500.0,5047
10247,0.0,0.0,3.7,536,28,20,1304,950.0,5047
10248,0.0,0.0,3.8,234,28,62,1250,400.0,5047
10249,1.0,0.0,4.0,180,28,20,1589,450.0,3617
10250,1.0,0.0,3.9,85,28,62,1490,300.0,2907
10251,1.0,1.0,3.9,728,28,13,416,800.0,2483
10252,0.0,0.0,3.1,97,28,20,517,650.0,5047
10253,0.0,0.0,3.7,246,28,20,286,450.0,5047
10254,1.0,0.0,3.7,125,28,12,217,400.0,1505
10255,1.0,0.0,3.7,666,28,20,201,650.0,305
10256,0.0,0.0,3.7,203,28,20,1314,900.0,5047
10257,0.0,0.0,4.1,522,28,13,404,550.0,5047
10258,0.0,0.0,2.9,51,28,20,1451,600.0,5047
10259,0.0,0.0,4.0,99,28,20,604,850.0,5047
10260,1.0,1.0,4.4,4410,28,22,1468,600.0,3738
10261,0.0,0.0,4.0,194,28,20,1555,500.0,5047
10262,1.0,0.0,3.6,519,28,20,1589,400.0,124
10263,0.0,0.0,3.8,179,28,62,1366,400.0,5047
10264,0.0,1.0,3.9,165,28,20,1592,1000.0,5047
10265,1.0,0.0,3.7,132,28,13,504,400.0,5047
10266,1.0,1.0,4.2,239,28,22,349,600.0,778
10267,0.0,0.0,3.4,97,28,21,1559,1100.0,5047
10268,1.0,0.0,2.6,208,28,20,602,650.0,85
10269,0.0,0.0,3.8,82,28,47,1472,1000.0,5047
10270,1.0,0.0,3.9,410,28,20,1196,500.0,3666
10271,1.0,0.0,3.8,46,28,13,318,450.0,4883
10272,0.0,0.0,3.3,177,28,20,1222,950.0,5047
10273,1.0,0.0,3.8,146,28,20,521,600.0,4770
10274,0.0,0.0,3.5,134,28,20,1196,650.0,5047
10275,0.0,0.0,4.0,88,28,20,1235,500.0,5047
10276,1.0,0.0,3.1,320,28,20,1354,700.0,1427
10277,0.0,0.0,3.4,48,28,13,436,550.0,5047
10278,1.0,0.0,4.1,2402,28,20,1402,750.0,2117
10279,0.0,0.0,2.3,176,28,20,1156,450.0,5047
10280,0.0,0.0,3.9,194,28,20,1589,400.0,5047
10281,1.0,0.0,3.0,64,28,20,1554,750.0,2984
10282,0.0,0.0,3.5,65,28,20,1420,750.0,5047
10283,0.0,0.0,2.7,39,28,20,1209,500.0,5047
10284,0.0,0.0,3.0,55,28,20,65,800.0,5047
10285,1.0,0.0,3.0,57,28,20,604,650.0,1407
10286,0.0,0.0,3.7,48,28,20,1335,800.0,5047
10287,1.0,0.0,3.6,43,28,20,583,600.0,5047
10288,1.0,0.0,3.7,127,28,13,467,700.0,513
10289,1.0,0.0,3.9,185,28,20,1474,750.0,4186
10290,0.0,0.0,3.0,54,28,62,1597,300.0,5047
10291,1.0,0.0,2.7,85,28,13,496,500.0,3093
10292,1.0,0.0,3.8,187,28,13,339,500.0,5047
10293,1.0,0.0,4.0,260,28,62,1156,300.0,5047
10294,0.0,0.0,4.1,873,28,62,1547,300.0,5047
10295,0.0,0.0,4.1,98,28,62,1112,400.0,5047
10296,1.0,1.0,4.0,205,28,62,1476,700.0,2228
10297,1.0,0.0,3.6,49,28,62,311,300.0,821
10298,0.0,0.0,3.9,440,28,62,322,400.0,5047
10299,1.0,0.0,4.3,539,28,62,617,300.0,4696
10300,1.0,0.0,3.9,37,28,62,753,400.0,781
10301,1.0,0.0,4.1,140,28,62,1547,100.0,5047
10302,1.0,0.0,3.8,217,28,62,1156,450.0,1903
10303,1.0,0.0,3.9,313,28,62,1190,500.0,1027
10304,1.0,0.0,3.8,184,28,62,322,500.0,5047
10305,1.0,0.0,4.0,319,28,62,1474,400.0,3141
10306,1.0,0.0,4.1,206,28,65,370,400.0,2520
10307,1.0,0.0,3.7,43,28,62,1196,500.0,4309
10308,1.0,0.0,4.0,113,28,62,1649,200.0,4244
10309,1.0,0.0,3.7,81,28,62,826,500.0,3023
10310,1.0,0.0,3.8,46,28,62,1465,450.0,3109
10311,0.0,0.0,3.8,40,28,62,1547,100.0,5047
10312,1.0,0.0,3.7,132,28,62,1177,250.0,3932
10313,1.0,0.0,3.0,354,28,62,1285,400.0,1910
10314,1.0,0.0,3.8,171,28,62,1156,250.0,3521
10315,1.0,0.0,3.7,171,28,62,862,200.0,3571
10316,1.0,0.0,2.5,321,28,62,1241,400.0,3391
10317,1.0,0.0,4.0,273,28,62,1507,600.0,5047
10318,1.0,0.0,3.9,92,28,62,1602,300.0,5047
10319,0.0,0.0,4.2,378,28,62,1589,300.0,5047
10320,0.0,0.0,3.9,115,28,62,1547,200.0,5047
10321,1.0,0.0,3.9,386,28,62,1476,600.0,3488
10322,1.0,0.0,3.3,212,28,62,236,350.0,1964
10323,1.0,0.0,3.7,55,28,62,1620,200.0,3805
10324,1.0,0.0,3.7,117,28,62,1156,150.0,5047
10325,0.0,0.0,3.1,138,28,62,868,300.0,5047
10326,0.0,0.0,2.9,231,28,30,793,800.0,5047
10327,0.0,0.0,3.6,140,28,62,877,300.0,5047
10328,0.0,0.0,3.4,25,28,62,1628,200.0,5047
10329,1.0,0.0,3.9,153,28,41,427,400.0,1648
10330,1.0,0.0,3.9,62,28,62,324,300.0,1092
10331,1.0,1.0,4.4,2496,3,57,1343,900.0,5047
10332,0.0,1.0,4.4,2075,3,54,733,1200.0,5047
10333,0.0,1.0,4.5,787,3,20,965,1500.0,5047
10334,1.0,1.0,4.4,2241,3,21,744,1200.0,4237
10335,0.0,1.0,4.3,966,3,21,1417,1000.0,5047
10336,0.0,0.0,4.2,1292,3,20,43,800.0,5047
10337,1.0,1.0,4.2,1976,3,20,87,1000.0,461
10338,1.0,0.0,4.6,409,3,20,0,1000.0,3052
10339,1.0,0.0,3.6,798,3,20,286,550.0,4205
10340,1.0,0.0,4.0,539,3,20,610,800.0,4769
10341,1.0,1.0,4.1,1027,3,20,1156,1000.0,3297
10342,1.0,1.0,4.0,743,3,20,296,800.0,1301
10343,1.0,0.0,3.7,111,3,20,43,800.0,2557
10344,0.0,0.0,3.9,124,3,13,446,500.0,5047
10345,1.0,0.0,3.9,50,3,13,332,600.0,4517
10346,1.0,0.0,2.7,426,3,20,1599,400.0,5047
10347,1.0,0.0,4.0,101,3,20,1079,500.0,5047
10348,1.0,0.0,3.2,136,3,20,1209,500.0,588
10349,1.0,1.0,3.5,551,3,20,1236,600.0,5047
10350,1.0,0.0,3.1,122,3,62,609,500.0,5047
10351,0.0,0.0,2.9,107,3,20,1196,450.0,5047
10352,0.0,1.0,2.9,200,3,20,602,1000.0,5047
10353,0.0,0.0,3.3,67,3,20,1196,600.0,5047
10354,0.0,0.0,2.8,80,3,20,46,650.0,5047
10355,1.0,0.0,2.6,170,3,20,978,600.0,2623
10356,0.0,0.0,3.4,66,3,20,590,800.0,5047
10357,1.0,1.0,2.9,90,3,20,1449,800.0,2565
10358,0.0,0.0,2.2,90,3,20,1196,750.0,5047
10359,0.0,0.0,2.3,291,3,20,1597,250.0,5047
10360,1.0,0.0,3.9,190,3,30,959,400.0,610
10361,0.0,0.0,3.3,50,3,41,521,400.0,5047
10362,1.0,0.0,3.9,202,3,62,1196,250.0,281
10363,1.0,0.0,3.2,146,3,62,1218,350.0,2443
10364,1.0,0.0,4.0,911,3,62,1110,600.0,5047
10365,1.0,0.0,4.1,600,3,62,1156,400.0,1567
10366,1.0,0.0,3.2,188,3,62,323,600.0,4929
10367,1.0,0.0,2.9,154,3,62,197,600.0,5047
10368,1.0,0.0,3.8,95,3,41,674,1100.0,5
10369,0.0,0.0,3.5,56,3,62,1587,400.0,5047
10370,1.0,0.0,3.7,51,3,62,1156,300.0,5047
10371,1.0,0.0,2.4,158,3,62,1196,300.0,566
10372,1.0,0.0,3.1,178,3,62,42,250.0,5047
10373,0.0,1.0,4.9,6404,0,20,813,1600.0,5047
10374,0.0,0.0,4.3,2486,30,20,1552,450.0,5047
10375,0.0,1.0,4.6,538,30,20,1261,1100.0,5047
10376,1.0,1.0,4.3,1265,30,22,922,800.0,5047
10377,1.0,1.0,4.3,1247,30,20,1343,1000.0,5047
10378,0.0,1.0,4.4,1154,0,21,1369,1100.0,5047
10379,0.0,1.0,4.3,1246,30,21,1480,1000.0,5047
10380,1.0,0.0,3.9,74,30,20,129,800.0,3328
10381,1.0,1.0,4.2,177,30,20,924,800.0,5047
10382,0.0,0.0,4.2,713,30,13,332,500.0,5047
10383,1.0,0.0,4.4,1972,30,20,238,800.0,2137
10384,1.0,0.0,3.9,684,30,20,1389,650.0,5047
10385,1.0,1.0,4.1,1080,30,20,1196,1000.0,5047
10386,1.0,1.0,4.3,885,30,20,558,1700.0,5047
10387,1.0,0.0,4.4,181,30,9,231,250.0,5047
10388,1.0,1.0,4.1,367,30,20,1665,1200.0,5047
10389,0.0,0.0,3.9,205,0,20,283,550.0,5047
10390,0.0,1.0,3.7,570,30,20,701,800.0,5047
10391,0.0,0.0,4.1,710,30,13,445,850.0,5047
10392,1.0,1.0,3.8,362,30,20,291,600.0,5047
10393,1.0,0.0,3.8,367,0,20,1156,600.0,5047
10394,1.0,0.0,4.0,137,30,62,1571,350.0,5047
10395,1.0,0.0,3.7,136,0,20,1196,500.0,5047
10396,1.0,0.0,4.1,464,0,13,344,500.0,5047
10397,1.0,0.0,3.8,210,46,20,1235,600.0,5047
10398,1.0,1.0,4.1,553,30,20,991,900.0,5047
10399,1.0,0.0,3.9,247,0,62,202,400.0,5047
10400,1.0,0.0,4.0,958,30,62,1356,500.0,5047
10401,1.0,1.0,4.1,176,30,20,1591,500.0,5047
10402,1.0,0.0,4.1,130,30,13,473,650.0,5047
10403,1.0,0.0,3.8,232,30,20,68,600.0,5047
10404,1.0,0.0,4.1,295,0,20,250,700.0,5047
10405,1.0,0.0,3.7,115,0,20,565,550.0,5047
10406,1.0,0.0,4.1,166,30,62,256,400.0,5047
10407,0.0,1.0,3.8,151,30,46,1157,1350.0,5047
10408,1.0,1.0,3.8,584,30,20,1381,1200.0,5047
10409,1.0,0.0,4.0,808,46,20,1209,500.0,4706
10410,1.0,0.0,4.2,465,0,62,1179,300.0,5047
10411,1.0,0.0,4.1,381,0,62,84,250.0,4065
10412,1.0,0.0,3.5,80,30,20,72,750.0,1433
10413,1.0,0.0,3.9,91,30,13,439,300.0,5047
10414,1.0,0.0,4.2,450,30,13,362,400.0,5047
10415,1.0,0.0,4.0,310,30,13,388,750.0,3794
10416,1.0,1.0,3.7,205,30,57,536,1000.0,2207
10417,1.0,0.0,4.1,303,30,62,1569,200.0,5047
10418,0.0,0.0,4.2,424,30,62,1547,100.0,5047
10419,1.0,0.0,3.8,42,1,62,1589,300.0,5047
10420,0.0,0.0,3.8,46,30,13,332,400.0,5047
10421,1.0,0.0,3.7,158,30,20,251,700.0,5047
10422,1.0,0.0,4.0,108,30,62,329,500.0,5047
10423,0.0,0.0,4.1,163,30,62,873,200.0,5047
10424,1.0,0.0,3.9,315,30,62,1639,300.0,5047
10425,1.0,0.0,3.9,126,30,62,1589,400.0,5047
10426,0.0,0.0,4.0,160,0,68,1640,150.0,5047
10427,1.0,0.0,3.9,212,30,20,920,500.0,5047
10428,1.0,0.0,3.7,476,0,62,1235,450.0,5047
10429,1.0,0.0,3.7,133,30,20,607,700.0,5047
10430,1.0,0.0,4.0,199,0,62,1156,300.0,5047
10431,1.0,0.0,4.0,109,0,62,1156,300.0,5047
10432,0.0,0.0,2.9,84,0,20,1185,500.0,5047
10433,1.0,0.0,3.1,140,0,20,1182,600.0,5047
10434,0.0,0.0,3.8,37,30,62,1547,200.0,5047
10435,1.0,0.0,3.8,184,0,62,858,400.0,5047
10436,1.0,0.0,3.7,288,46,62,1196,500.0,1044
10437,0.0,0.0,3.7,30,0,20,1196,500.0,5047
10438,0.0,0.0,3.7,29,0,20,1196,500.0,5047
10439,1.0,0.0,3.3,97,46,62,1156,400.0,5047
10440,1.0,0.0,3.5,221,0,70,1119,400.0,5047
10441,1.0,0.0,3.8,282,30,20,283,800.0,5047
10442,1.0,0.0,3.8,61,0,62,203,300.0,3812
10443,1.0,0.0,3.9,135,30,62,866,350.0,5047
10444,0.0,0.0,3.8,58,0,62,1547,300.0,5047
10445,0.0,0.0,3.9,41,0,3,195,200.0,5047
10446,1.0,0.0,3.5,177,0,62,203,500.0,5047
10447,1.0,0.0,3.7,195,0,62,1156,400.0,5047
10448,0.0,0.0,3.9,144,46,13,377,550.0,5047
10449,1.0,0.0,3.8,254,0,20,521,550.0,5047
10450,1.0,0.0,3.0,61,0,13,332,650.0,5047
10451,1.0,0.0,3.8,614,0,13,472,600.0,5047
10452,1.0,0.0,3.9,247,30,13,406,400.0,5047
10453,1.0,0.0,3.9,128,46,20,1568,500.0,5047
10454,1.0,0.0,3.9,358,0,62,1196,400.0,5047
10455,1.0,0.0,3.6,71,0,62,1248,350.0,1184
10456,1.0,0.0,4.0,113,0,12,1652,250.0,5047
10457,0.0,0.0,3.7,41,0,20,282,450.0,5047
10458,1.0,0.0,3.1,68,30,62,1140,550.0,5047
10459,1.0,0.0,2.9,42,0,62,1432,250.0,5047
10460,1.0,0.0,2.9,132,0,62,565,300.0,5047
10461,1.0,0.0,3.8,75,30,62,1046,300.0,5047
10462,1.0,0.0,3.1,245,46,62,1257,300.0,5047
10463,0.0,1.0,3.8,176,30,20,1157,1350.0,5047
10464,0.0,0.0,3.7,93,30,20,1196,900.0,5047
10465,1.0,0.0,3.0,57,30,62,1329,400.0,5047
10466,1.0,0.0,4.0,166,30,62,1589,400.0,5047
10467,0.0,0.0,3.7,167,30,13,437,400.0,5047
10468,1.0,0.0,3.6,241,46,62,1196,300.0,5047
10469,1.0,1.0,3.9,488,0,13,710,700.0,5047
10470,1.0,0.0,3.9,438,0,20,197,650.0,5047
10471,1.0,0.0,2.9,258,0,62,1156,250.0,5047
10472,0.0,1.0,4.3,1246,30,21,1480,1000.0,5047
10473,0.0,1.0,3.9,1779,28,4,899,1300.0,5047
10474,0.0,0.0,4.3,680,28,52,685,1500.0,5047
10475,0.0,0.0,4.5,2800,28,21,1170,1200.0,5047
10476,1.0,1.0,4.3,4321,28,52,625,1600.0,5047
10477,1.0,1.0,4.2,2206,28,60,10,1200.0,5047
10478,0.0,1.0,4.0,720,28,60,890,1500.0,5047
10479,1.0,1.0,4.1,590,28,21,688,1200.0,5047
10480,0.0,1.0,4.1,1195,28,26,979,1200.0,5047
10481,1.0,1.0,4.0,1016,28,58,882,1300.0,5047
10482,1.0,1.0,4.1,1405,28,26,1296,1100.0,5047
10483,1.0,1.0,4.1,847,28,21,1546,1100.0,4831
10484,1.0,0.0,3.9,914,28,4,1266,1000.0,5047
10485,0.0,0.0,3.4,97,28,21,1559,1100.0,5047
10486,1.0,1.0,4.4,2496,3,57,1343,900.0,5047
10487,1.0,1.0,4.4,2241,3,21,744,1200.0,5047
10488,0.0,1.0,4.4,1154,0,21,1369,1100.0,5047
10489,0.0,1.0,3.8,151,30,46,1157,1350.0,5047
10490,0.0,1.0,4.6,1502,34,20,813,1400.0,5047
10491,0.0,1.0,4.4,1099,34,21,1172,1400.0,5047
10492,0.0,1.0,4.2,1132,34,20,1325,1600.0,5047
10493,1.0,1.0,4.5,1228,34,20,1385,800.0,5047
10494,1.0,1.0,4.4,347,34,20,249,600.0,5047
10495,1.0,1.0,4.3,473,34,20,1547,750.0,5047
10496,1.0,1.0,4.2,405,34,20,1509,1500.0,5047
10497,1.0,0.0,3.8,311,34,20,723,800.0,5047
10498,1.0,1.0,3.7,399,34,20,1414,1000.0,5047
10499,0.0,0.0,4.1,111,35,20,799,1400.0,5047
10500,1.0,0.0,4.0,3128,35,20,1402,750.0,5047
10501,1.0,1.0,4.1,840,35,13,474,800.0,5047
10502,0.0,0.0,4.5,1181,34,16,338,900.0,5047
10503,1.0,1.0,4.2,559,34,13,406,1200.0,5047
10504,1.0,0.0,4.1,399,34,33,785,700.0,5047
10505,1.0,1.0,4.1,577,34,13,455,700.0,5047
10506,0.0,0.0,4.3,167,34,13,332,500.0,5047
10507,0.0,0.0,3.8,92,34,13,332,700.0,5047
10508,0.0,0.0,4.0,241,34,13,387,600.0,5047
10509,1.0,0.0,4.1,172,34,13,763,700.0,5047
10510,1.0,0.0,4.1,274,34,13,416,900.0,5047
10511,0.0,0.0,3.8,110,34,22,1221,700.0,5047
10512,1.0,0.0,3.7,46,34,13,332,500.0,5047
10513,1.0,0.0,3.8,140,34,13,409,650.0,5047
10514,1.0,0.0,3.6,56,34,13,332,650.0,5047
10515,1.0,0.0,3.9,97,34,13,437,350.0,5047
10516,1.0,1.0,4.4,2589,35,22,1468,600.0,5047
10517,1.0,0.0,4.3,191,21,13,357,700.0,5047
10518,1.0,1.0,4.3,496,35,19,372,800.0,5047
10519,1.0,0.0,4.0,722,35,13,374,1000.0,5047
10520,1.0,1.0,3.6,104,35,13,654,800.0,5047
10521,1.0,1.0,4.5,506,23,13,455,650.0,5047
10522,1.0,0.0,4.1,98,23,13,384,500.0,5047
10523,1.0,0.0,3.7,73,2,19,398,500.0,5047
10524,1.0,0.0,3.8,44,2,13,389,500.0,5047
10525,1.0,0.0,3.8,77,2,13,436,550.0,5047
10526,1.0,0.0,4.4,287,55,29,930,500.0,2311
10527,1.0,0.0,3.8,221,34,30,959,400.0,5047
10528,1.0,0.0,3.6,531,57,29,923,450.0,5047
10529,1.0,0.0,3.7,52,34,62,1046,350.0,4864
10530,1.0,0.0,4.4,1418,35,62,1115,300.0,5047
10531,1.0,0.0,3.3,238,60,62,1196,400.0,5047
10532,1.0,0.0,3.9,420,35,20,1524,800.0,5047
10533,1.0,0.0,4.0,148,21,29,260,400.0,5047
10534,1.0,1.0,4.5,1228,34,20,1385,800.0,5047
10535,1.0,0.0,4.0,253,23,20,1386,600.0,5047
10536,1.0,0.0,3.7,205,55,41,322,400.0,5047
10537,1.0,0.0,4.1,327,34,62,1589,300.0,2675
10538,1.0,0.0,4.2,376,34,62,1644,350.0,5047
10539,1.0,0.0,3.7,215,2,72,574,450.0,5047
10540,1.0,0.0,3.8,109,2,21,56,600.0,5047
10541,1.0,0.0,3.7,297,2,62,235,200.0,5047
10542,1.0,0.0,3.8,128,55,62,1494,300.0,5047
10543,0.0,0.0,3.9,87,34,30,773,300.0,5047
10544,1.0,0.0,4.8,265,34,30,767,400.0,5047
10545,1.0,0.0,4.0,209,34,62,1507,600.0,5047
10546,1.0,0.0,3.2,123,2,20,1033,600.0,5047
10547,1.0,1.0,3.0,160,23,20,1155,650.0,5047
10548,1.0,0.0,4.1,189,34,62,1547,100.0,4138
10549,1.0,0.0,3.7,306,55,62,1338,400.0,5047
10550,1.0,1.0,4.0,202,55,62,1189,450.0,5047
10551,1.0,0.0,3.5,408,55,62,323,600.0,5047
10552,1.0,0.0,3.9,96,34,62,591,300.0,1679
10553,1.0,0.0,4.2,432,34,30,773,500.0,5047
10554,1.0,0.0,3.9,247,55,62,1045,400.0,5047
10555,1.0,0.0,4.1,343,35,72,1392,500.0,5047
10556,1.0,0.0,3.9,162,34,29,1465,750.0,5047
10557,1.0,0.0,3.9,232,35,29,235,650.0,5047
10558,1.0,0.0,2.6,210,55,62,1196,400.0,5047
10559,1.0,0.0,3.6,153,55,62,1517,400.0,360
10560,1.0,0.0,2.7,182,35,20,1426,450.0,5047
10561,1.0,0.0,3.7,93,35,62,1058,400.0,5047
10562,1.0,0.0,4.3,332,23,62,322,300.0,5047
10563,1.0,0.0,3.8,257,2,62,1196,600.0,5047
10564,1.0,0.0,3.4,182,2,20,577,500.0,5047
10565,1.0,1.0,4.4,347,34,20,249,600.0,5047
10566,1.0,0.0,4.0,156,55,66,320,550.0,5047
10567,1.0,0.0,3.7,41,23,29,1513,400.0,5047
10568,1.0,0.0,3.6,195,34,62,1196,500.0,5047
10569,1.0,0.0,3.8,140,34,20,925,700.0,5047
10570,1.0,1.0,4.3,1437,35,20,1625,1500.0,5047
10571,1.0,0.0,3.5,324,2,20,1375,600.0,5047
10572,1.0,0.0,3.9,115,35,20,521,550.0,5047
10573,1.0,0.0,3.7,50,64,30,769,300.0,5047
10574,1.0,0.0,3.2,107,23,29,1156,500.0,5047
10575,1.0,0.0,3.9,35,34,29,181,500.0,5047
10576,1.0,0.0,3.6,68,60,20,309,450.0,5047
10577,1.0,1.0,4.1,577,34,13,455,700.0,5047
10578,0.0,0.0,3.4,58,55,62,1586,500.0,5047
10579,1.0,0.0,2.7,64,55,41,521,700.0,5047
10580,1.0,0.0,4.0,177,55,20,698,600.0,5047
10581,1.0,0.0,3.9,190,35,20,1058,600.0,5047
10582,1.0,0.0,3.8,140,35,62,1190,500.0,5047
10583,1.0,0.0,3.9,110,35,62,817,400.0,5047
10584,1.0,0.0,3.7,48,55,72,93,150.0,5047
10585,1.0,0.0,2.6,227,2,62,1002,600.0,5047
10586,1.0,0.0,3.8,128,35,62,851,400.0,5047
10587,1.0,0.0,4.0,220,23,20,558,500.0,5047
10588,1.0,0.0,3.8,88,34,62,1047,400.0,5047
10589,1.0,0.0,3.6,90,55,62,1670,400.0,5047
10590,1.0,0.0,3.7,370,35,20,111,800.0,5047
10591,1.0,1.0,4.5,755,55,4,737,1300.0,5047
10592,1.0,0.0,3.9,611,2,20,539,750.0,5047
10593,1.0,0.0,3.8,103,55,62,1156,400.0,5047
10594,1.0,0.0,3.9,71,2,62,547,250.0,5047
10595,0.0,0.0,4.5,1181,34,16,338,900.0,5047
10596,1.0,1.0,4.2,341,34,26,912,1400.0,5047
10597,1.0,0.0,3.8,151,2,62,1476,500.0,5047
10598,1.0,0.0,3.8,109,2,30,956,450.0,5047
10599,1.0,0.0,3.1,78,23,29,1296,500.0,5047
10600,1.0,0.0,3.4,78,2,62,1552,400.0,5047
10601,1.0,0.0,3.6,76,35,62,1061,450.0,5047
10602,1.0,0.0,3.9,84,55,30,767,300.0,5047
10603,0.0,0.0,4.1,470,34,20,1156,800.0,5047
10604,1.0,0.0,3.7,57,23,29,624,500.0,5047
10605,1.0,0.0,3.1,150,34,20,1181,500.0,5047
10606,1.0,0.0,3.8,140,34,13,409,650.0,5047
10607,1.0,0.0,3.4,378,34,62,1474,400.0,5047
10608,1.0,0.0,3.7,118,35,62,609,450.0,5047
10609,1.0,0.0,2.7,171,34,20,282,500.0,5047
10610,1.0,1.0,4.2,559,34,13,406,1200.0,5047
10611,1.0,0.0,3.6,42,55,20,103,600.0,5047
10612,1.0,1.0,4.5,506,23,13,455,650.0,5047
10613,1.0,0.0,3.3,63,2,20,1197,500.0,5047
10614,1.0,0.0,3.7,91,34,62,1628,200.0,5047
10615,1.0,0.0,3.9,97,34,13,437,350.0,2407
10616,1.0,1.0,4.0,694,55,20,1375,1200.0,5047
10617,1.0,0.0,3.9,55,34,9,215,400.0,5047
10618,1.0,0.0,3.7,91,34,20,1277,500.0,5047
10619,1.0,0.0,4.0,297,34,62,1156,350.0,5047
10620,1.0,0.0,4.1,200,34,20,1067,800.0,5047
10621,1.0,0.0,3.8,49,35,62,1597,300.0,5047
10622,1.0,0.0,3.7,64,2,62,581,400.0,5047
10623,1.0,0.0,2.7,194,55,20,1599,400.0,5047
10624,1.0,0.0,4.1,399,34,33,785,700.0,5047
10625,1.0,0.0,4.1,98,23,13,384,500.0,5047
10626,1.0,0.0,3.9,224,2,20,611,600.0,5047
10627,1.0,0.0,2.6,254,2,20,1196,1050.0,5047
10628,1.0,0.0,4.2,386,34,62,322,500.0,4477
10629,0.0,1.0,3.9,300,34,20,56,750.0,5047
10630,1.0,0.0,3.9,64,34,31,770,600.0,5047
10631,1.0,1.0,4.1,840,35,13,474,800.0,5047
10632,1.0,0.0,4.0,3128,35,20,1402,750.0,5047
10633,1.0,0.0,4.0,91,55,62,322,500.0,5047
10634,1.0,0.0,3.7,145,55,20,1495,600.0,5047
10635,1.0,1.0,4.2,1196,34,60,888,1400.0,5047
10636,1.0,0.0,4.0,89,34,62,817,200.0,5047
10637,1.0,1.0,3.6,104,35,13,654,800.0,5047
10638,1.0,0.0,4.0,96,34,9,210,400.0,5047
10639,1.0,0.0,3.9,375,55,62,54,400.0,5047
10640,1.0,1.0,3.9,293,34,20,1521,900.0,5047
10641,1.0,0.0,3.8,31,2,41,773,300.0,5047
10642,1.0,0.0,3.6,147,35,20,1276,700.0,5047
10643,1.0,0.0,4.0,398,55,20,14,1500.0,5047
10644,1.0,0.0,3.8,69,34,62,1156,300.0,5047
10645,1.0,0.0,4.3,191,21,13,357,700.0,5047
10646,1.0,0.0,4.0,469,55,20,69,550.0,5047
10647,1.0,0.0,3.7,118,35,62,84,300.0,5047
10648,0.0,0.0,4.0,83,34,62,1352,500.0,5047
10649,1.0,0.0,3.9,191,21,20,1386,650.0,5047
10650,1.0,1.0,3.7,83,34,20,59,800.0,5047
10651,1.0,0.0,3.3,58,35,62,1497,300.0,5047
10652,1.0,0.0,3.7,301,35,20,262,750.0,5047
10653,0.0,0.0,3.9,47,34,62,1439,500.0,5047
10654,1.0,1.0,4.1,448,34,20,609,500.0,5047
10655,1.0,0.0,3.3,351,2,51,79,350.0,5047
10656,1.0,0.0,3.7,86,55,62,1109,400.0,5047
10657,1.0,1.0,3.5,131,2,20,1328,1000.0,5047
10658,1.0,0.0,3.8,306,55,62,1499,400.0,5047
10659,1.0,1.0,4.4,2589,35,22,1468,600.0,5047
10660,1.0,0.0,3.7,600,55,20,66,600.0,5047
10661,1.0,0.0,3.6,92,2,62,106,400.0,5047
10662,1.0,0.0,3.7,209,34,20,1057,600.0,5047
10663,1.0,0.0,3.8,80,34,20,521,750.0,5047
10664,0.0,1.0,4.4,1099,34,21,1172,1400.0,5047
10665,1.0,0.0,4.1,498,34,62,1644,250.0,5047
10666,1.0,0.0,3.9,283,2,62,1335,250.0,5047
10667,1.0,0.0,2.8,100,55,41,735,800.0,5047
10668,1.0,0.0,3.8,48,2,70,1121,150.0,5047
10669,1.0,0.0,4.2,533,55,20,1135,800.0,5047
10670,1.0,0.0,3.8,185,35,62,235,250.0,5047
10671,1.0,1.0,4.5,1013,34,20,558,1100.0,5047
10672,0.0,0.0,4.3,259,34,30,951,200.0,5047
10673,1.0,1.0,4.1,229,35,20,1065,550.0,5047
10674,1.0,0.0,3.8,232,20,20,1196,500.0,5047
10675,1.0,0.0,3.9,240,34,20,235,600.0,5047
10676,1.0,0.0,3.3,145,2,20,610,900.0,5047
10677,1.0,0.0,3.7,71,2,20,82,450.0,4608
10678,1.0,0.0,4.0,72,35,20,1088,400.0,5047
10679,1.0,0.0,3.7,214,34,20,111,700.0,5047
10680,1.0,0.0,3.9,186,35,62,558,500.0,5047
10681,1.0,0.0,3.5,119,34,20,266,750.0,976
10682,1.0,0.0,3.8,289,34,20,296,600.0,940
10683,1.0,0.0,2.7,227,64,20,572,750.0,5047
10684,1.0,0.0,2.8,234,34,20,521,700.0,5047
10685,1.0,0.0,4.0,120,35,32,216,150.0,4304
10686,1.0,0.0,3.5,312,35,20,1145,700.0,4060
10687,1.0,1.0,3.9,321,34,20,52,750.0,5047
10688,1.0,0.0,3.7,73,2,19,398,500.0,4880
10689,1.0,0.0,3.9,39,34,62,218,300.0,1716
10690,1.0,0.0,4.0,209,35,62,1150,550.0,4158
10691,1.0,0.0,4.1,174,34,30,953,500.0,2642
10692,1.0,0.0,3.8,173,21,62,235,300.0,4943
10693,1.0,1.0,4.4,2329,34,54,39,1400.0,1486
10694,1.0,0.0,4.4,203,34,20,131,800.0,5047
10695,1.0,1.0,4.3,496,35,19,372,800.0,5047
10696,1.0,0.0,3.9,358,21,20,1384,650.0,5047
10697,1.0,1.0,4.3,473,34,20,1547,750.0,5047
10698,1.0,1.0,4.5,418,35,20,145,1200.0,454
10699,1.0,0.0,3.9,219,35,20,68,600.0,4192
10700,0.0,1.0,4.3,416,34,54,799,1800.0,5047
10701,0.0,0.0,3.8,110,34,22,1221,700.0,5047
10702,1.0,0.0,3.8,98,2,20,558,500.0,5047
10703,1.0,0.0,4.0,175,35,62,208,400.0,5047
10704,1.0,0.0,3.6,519,34,20,1399,600.0,1227
10705,1.0,0.0,3.9,93,34,62,1358,400.0,5047
10706,1.0,0.0,4.1,274,34,13,416,900.0,3450
10707,1.0,0.0,3.7,220,34,62,266,400.0,5047
10708,1.0,1.0,4.0,667,2,20,1307,700.0,5047
10709,1.0,0.0,4.1,155,34,20,558,1100.0,5047
10710,1.0,0.0,3.9,41,35,62,315,550.0,2188
10711,1.0,0.0,4.1,201,34,20,1543,650.0,4366
10712,1.0,0.0,4.0,722,35,13,374,1000.0,5047
10713,1.0,1.0,4.2,405,34,20,1509,1500.0,5047
10714,1.0,1.0,4.1,223,34,20,135,500.0,5047
10715,1.0,0.0,4.2,219,34,20,84,1000.0,1331
10716,1.0,0.0,3.7,124,34,20,760,600.0,5047
10717,1.0,1.0,3.7,399,34,20,1414,1000.0,3564
10718,1.0,0.0,4.1,383,35,20,557,700.0,5047
10719,1.0,0.0,4.0,99,35,62,1121,400.0,5047
10720,1.0,0.0,3.8,202,21,20,558,600.0,5047
10721,0.0,0.0,4.1,107,34,9,223,350.0,5047
10722,1.0,0.0,4.0,165,55,20,1156,500.0,4100
10723,1.0,0.0,3.8,362,20,13,383,700.0,448
10724,1.0,0.0,3.9,116,64,20,1181,1000.0,2874
10725,1.0,0.0,2.9,619,55,62,1196,500.0,5047
10726,1.0,0.0,4.1,198,34,20,965,600.0,5047
10727,1.0,0.0,3.7,46,34,13,332,500.0,373
10728,1.0,0.0,4.1,1208,34,20,1156,800.0,5047
10729,0.0,1.0,4.2,783,34,20,1101,1400.0,5047
10730,1.0,0.0,4.1,172,34,13,763,700.0,5047
10731,1.0,0.0,3.9,77,34,20,975,800.0,1281
10732,1.0,0.0,3.0,119,35,72,267,500.0,5047
10733,1.0,1.0,3.8,360,34,60,730,1300.0,2008
10734,0.0,0.0,3.9,78,34,62,181,650.0,5047
10735,1.0,0.0,3.7,83,34,20,513,600.0,5047
10736,1.0,0.0,3.6,113,2,72,1156,400.0,5047
10737,1.0,1.0,3.9,751,21,57,628,1500.0,1780
10738,1.0,0.0,3.9,367,2,29,1429,450.0,5047
10739,1.0,0.0,3.9,82,55,62,558,400.0,4733
10740,0.0,0.0,2.6,45,34,29,235,650.0,5047
10741,0.0,0.0,4.0,81,34,20,2,1000.0,5047
10742,1.0,0.0,3.8,77,2,13,436,550.0,2753
10743,1.0,0.0,3.8,311,34,20,723,800.0,5047
10744,1.0,0.0,3.7,42,2,62,521,500.0,5047
10745,0.0,0.0,2.9,56,34,20,104,700.0,5047
10746,0.0,0.0,3.7,90,34,20,1144,600.0,5047
10747,1.0,0.0,3.7,68,23,20,1548,800.0,5047
10748,1.0,1.0,4.0,178,34,20,29,1000.0,5047
10749,1.0,0.0,4.0,129,35,62,118,600.0,5047
10750,1.0,0.0,3.9,52,35,62,823,300.0,2147
10751,0.0,0.0,4.0,161,35,20,286,600.0,5047
10752,0.0,1.0,4.1,737,35,21,50,800.0,5047
10753,0.0,0.0,3.9,247,35,20,95,450.0,5047
10754,0.0,0.0,3.9,121,21,20,107,600.0,5047
10755,0.0,0.0,4.1,109,35,20,558,450.0,5047
10756,0.0,0.0,3.8,161,2,62,235,300.0,5047
10757,1.0,1.0,4.4,816,34,46,682,1200.0,5047
10758,0.0,0.0,3.8,139,35,21,1222,500.0,5047
10759,1.0,0.0,4.0,50,23,3,188,250.0,5047
10760,0.0,0.0,4.2,216,35,51,1555,300.0,5047
10761,0.0,0.0,3.8,164,35,20,77,650.0,5047
10762,1.0,0.0,4.1,91,35,29,1465,600.0,4168
10763,0.0,1.0,3.9,198,35,20,1156,700.0,5047
10764,0.0,0.0,3.7,53,35,3,190,350.0,5047
10765,1.0,0.0,3.8,44,2,13,389,500.0,3179
10766,0.0,0.0,3.7,41,35,62,84,250.0,5047
10767,0.0,0.0,4.0,95,21,29,181,300.0,5047
10768,0.0,0.0,2.8,69,2,62,868,300.0,5047
10769,0.0,0.0,3.8,104,2,62,1061,400.0,5047
10770,1.0,0.0,3.8,51,2,41,1547,300.0,4541
10771,1.0,0.0,3.9,248,34,4,896,1200.0,2263
10772,1.0,0.0,2.9,54,2,62,852,250.0,5047
10773,0.0,0.0,3.8,92,34,13,332,700.0,5047
10774,1.0,0.0,2.9,54,2,62,852,250.0,5047
10775,1.0,0.0,4.8,265,34,30,767,400.0,5047
10776,1.0,0.0,4.1,399,34,33,785,700.0,504
10777,0.0,0.0,4.4,669,34,30,956,400.0,5047
10778,0.0,0.0,4.6,274,34,30,769,300.0,5047
10779,0.0,0.0,4.3,259,34,30,951,200.0,5047
10780,1.0,0.0,3.8,221,34,30,959,400.0,611
10781,1.0,0.0,4.2,432,34,30,773,500.0,817
10782,1.0,0.0,4.1,174,34,30,953,500.0,2641
10783,0.0,0.0,4.1,71,34,20,973,600.0,5047
10784,0.0,0.0,3.8,110,34,22,1221,700.0,5047
10785,1.0,0.0,3.9,35,34,29,181,500.0,1617
10786,1.0,0.0,3.9,90,34,30,767,300.0,1579
10787,0.0,0.0,3.9,87,34,30,773,300.0,5047
10788,1.0,0.0,3.9,64,34,31,770,600.0,604
10789,0.0,0.0,3.9,78,34,62,181,650.0,5047
10790,0.0,0.0,4.0,81,34,20,2,1000.0,5047
10791,1.0,0.0,3.0,38,34,0,181,400.0,5047
10792,0.0,0.0,3.9,130,21,0,175,400.0,5047
10793,1.0,1.0,4.3,496,35,19,372,800.0,5047
10794,0.0,0.0,3.7,53,35,3,190,350.0,5047
10795,1.0,0.0,4.0,99,35,62,1121,400.0,5047
10796,0.0,0.0,4.0,95,21,29,181,300.0,5047
10797,1.0,0.0,4.0,120,35,32,216,150.0,4304
10798,1.0,0.0,4.4,287,55,29,930,500.0,4161
10799,1.0,1.0,4.5,506,23,13,455,650.0,886
10800,1.0,0.0,3.8,109,2,30,956,450.0,2903
10801,1.0,0.0,3.8,48,2,70,1121,150.0,2772
10802,1.0,1.0,4.2,341,34,26,912,1400.0,5047
10803,0.0,1.0,4.3,416,34,54,799,1800.0,5047
10804,1.0,1.0,4.2,559,34,13,406,1200.0,5047
10805,0.0,1.0,4.6,1502,34,20,813,1400.0,5047
10806,0.0,1.0,4.4,1099,34,21,1172,1400.0,5047
10807,1.0,1.0,4.4,2329,34,54,39,1400.0,1486
10808,0.0,1.0,4.2,1132,34,20,1325,1600.0,5047
10809,0.0,0.0,4.5,1181,34,16,338,900.0,5047
10810,1.0,1.0,4.5,1013,34,20,558,1100.0,5047
10811,0.0,0.0,4.1,470,34,20,1156,800.0,5047
10812,1.0,1.0,4.5,1228,34,20,1385,800.0,2739
10813,1.0,1.0,4.4,347,34,20,249,600.0,5047
10814,1.0,0.0,4.1,1208,34,20,1156,800.0,5047
10815,1.0,1.0,4.4,816,34,46,682,1200.0,5047
10816,0.0,1.0,4.2,1989,34,20,703,800.0,5047
10817,0.0,1.0,3.9,300,34,20,56,750.0,5047
10818,1.0,0.0,4.2,219,34,20,84,1000.0,1331
10819,1.0,1.0,4.1,577,34,13,455,700.0,3114
10820,1.0,0.0,4.4,203,34,20,131,800.0,5047
10821,1.0,1.0,4.2,1196,34,60,888,1400.0,1389
10822,1.0,1.0,3.8,360,34,60,730,1300.0,2008
10823,0.0,1.0,4.0,662,34,54,746,1500.0,5047
10824,1.0,0.0,3.8,140,34,20,925,700.0,836
10825,1.0,0.0,3.6,519,34,20,1399,600.0,1227
10826,1.0,1.0,3.9,321,34,20,52,750.0,5047
10827,1.0,1.0,4.3,473,34,20,1547,750.0,5047
10828,1.0,1.0,4.2,405,34,20,1509,1500.0,5047
10829,0.0,1.0,4.2,308,34,20,1067,1300.0,5047
10830,1.0,0.0,4.1,201,34,20,1543,650.0,4366
10831,0.0,1.0,4.2,783,34,20,1101,1400.0,5047
10832,1.0,1.0,4.0,702,34,20,610,800.0,5047
10833,1.0,0.0,3.9,248,34,4,896,1200.0,2263
10834,1.0,0.0,3.7,83,34,20,513,600.0,5047
10835,1.0,0.0,4.1,198,34,20,965,600.0,1789
10836,1.0,0.0,3.8,311,34,20,723,800.0,5047
10837,1.0,0.0,4.1,155,34,20,558,1100.0,5047
10838,0.0,0.0,3.8,92,34,13,332,700.0,5047
10839,1.0,1.0,4.1,223,34,20,135,500.0,3054
10840,1.0,0.0,3.7,214,34,20,111,700.0,5047
10841,0.0,1.0,3.9,74,34,21,629,1200.0,5047
10842,1.0,1.0,3.9,293,34,20,1521,900.0,5047
10843,1.0,1.0,4.0,178,34,20,29,1000.0,5047
10844,0.0,1.0,4.0,377,34,4,738,1300.0,5047
10845,1.0,0.0,2.8,234,34,20,521,700.0,5047
10846,0.0,0.0,4.0,241,34,13,387,600.0,5047
10847,1.0,0.0,4.1,172,34,13,763,700.0,5047
10848,1.0,1.0,4.1,448,34,20,609,500.0,4776
10849,1.0,0.0,3.9,240,34,20,235,600.0,978
10850,1.0,1.0,3.7,399,34,20,1414,1000.0,3564
10851,1.0,0.0,3.7,220,34,62,266,400.0,5047
10852,1.0,0.0,3.7,209,34,20,1057,600.0,5047
10853,1.0,0.0,3.6,244,34,20,1599,400.0,4220
10854,1.0,0.0,4.1,200,34,20,1067,800.0,5047
10855,1.0,0.0,3.8,289,34,20,296,600.0,940
10856,1.0,0.0,4.1,274,34,13,416,900.0,3450
10857,0.0,0.0,4.1,71,34,20,973,600.0,5047
10858,0.0,0.0,3.8,110,34,22,1221,700.0,5047
10859,1.0,1.0,3.7,83,34,20,59,800.0,5047
10860,1.0,0.0,3.8,88,34,62,1047,400.0,3863
10861,1.0,0.0,3.7,46,34,13,332,500.0,373
10862,1.0,0.0,3.5,119,34,20,266,750.0,976
10863,1.0,0.0,3.8,140,34,13,409,650.0,1388
10864,1.0,0.0,3.7,91,34,20,1277,500.0,1207
10865,1.0,0.0,3.6,56,34,13,332,650.0,794
10866,1.0,0.0,3.1,150,34,20,1181,500.0,5047
10867,1.0,0.0,3.8,80,34,20,521,750.0,5047
10868,1.0,0.0,3.9,77,34,20,975,800.0,1281
10869,0.0,0.0,2.9,56,34,20,104,700.0,5047
10870,1.0,0.0,3.7,124,34,20,760,600.0,5047
10871,0.0,0.0,3.7,90,34,20,1144,600.0,5047
10872,0.0,0.0,4.0,81,34,20,2,1000.0,5047
10873,1.0,0.0,3.9,97,34,13,437,350.0,2407
10874,1.0,0.0,2.7,171,34,20,282,500.0,2568
10875,1.0,0.0,2.7,434,34,20,1474,750.0,2345
10876,1.0,0.0,4.1,399,34,33,785,700.0,504
10877,0.0,0.0,4.1,203,34,62,1547,250.0,5047
10878,0.0,0.0,4.0,83,34,62,1352,500.0,5047
10879,0.0,0.0,3.9,47,34,62,1439,500.0,5047
10880,1.0,0.0,4.0,297,34,62,1156,350.0,3449
10881,1.0,0.0,3.9,93,34,62,1358,400.0,5047
10882,1.0,0.0,3.4,378,34,62,1474,400.0,3127
10883,1.0,0.0,4.1,498,34,62,1644,250.0,1934
10884,1.0,0.0,4.1,327,34,62,1589,300.0,2676
10885,1.0,0.0,4.2,386,34,62,322,500.0,3750
10886,1.0,0.0,3.8,69,34,62,1156,300.0,284
10887,1.0,0.0,4.0,209,34,62,1507,600.0,863
10888,1.0,0.0,2.4,48,34,62,832,450.0,1938
10889,1.0,0.0,3.9,96,34,62,591,300.0,3719
10890,1.0,0.0,4.0,89,34,62,817,200.0,1928
10891,1.0,0.0,3.6,195,34,62,1196,500.0,5047
10892,0.0,0.0,3.9,78,34,62,181,650.0,5047
10893,1.0,0.0,3.7,52,34,62,1046,350.0,1094
10894,0.0,0.0,3.6,84,34,62,591,200.0,5047
10895,0.0,0.0,3.5,87,34,62,1547,150.0,5047
10896,1.0,0.0,3.7,91,34,62,1628,200.0,3040
10897,0.0,0.0,3.7,300,34,62,1416,400.0,5047
10898,0.0,0.0,4.0,161,35,20,286,600.0,5047
10899,0.0,1.0,4.1,737,35,21,50,800.0,5047
10900,1.0,1.0,4.4,2589,35,22,1468,600.0,2251
10901,1.0,1.0,4.3,1437,35,20,1625,1500.0,3864
10902,0.0,0.0,3.9,247,35,20,95,450.0,5047
10903,1.0,1.0,4.1,840,35,13,474,800.0,1386
10904,1.0,1.0,4.5,418,35,20,145,1200.0,454
10905,1.0,1.0,3.9,751,21,57,628,1500.0,1780
10906,0.0,0.0,3.9,121,21,20,107,600.0,5047
10907,1.0,0.0,3.9,219,35,20,68,600.0,4192
10908,0.0,1.0,4.0,237,35,20,1067,1400.0,5047
10909,1.0,0.0,3.9,420,35,20,1524,800.0,2895
10910,1.0,0.0,4.3,191,21,13,357,700.0,2120
10911,0.0,0.0,4.2,216,35,51,1555,300.0,5047
10912,0.0,0.0,4.1,109,35,20,558,450.0,5047
10913,0.0,0.0,3.8,164,35,20,77,650.0,5047
10914,1.0,1.0,4.1,229,35,20,1065,550.0,5047
10915,1.0,0.0,4.0,72,35,20,1088,400.0,5047
10916,1.0,0.0,3.9,358,21,20,1384,650.0,5047
10917,1.0,0.0,3.7,370,35,20,111,800.0,1131
10918,0.0,0.0,4.1,111,35,20,799,1400.0,5047
10919,1.0,0.0,4.1,383,35,20,557,700.0,5047
10920,1.0,0.0,4.0,3128,35,20,1402,750.0,2103
10921,0.0,0.0,4.2,89,35,20,84,700.0,5047
10922,1.0,0.0,3.9,191,21,20,1386,650.0,1119
10923,1.0,0.0,3.7,301,35,20,262,750.0,5047
10924,1.0,0.0,3.8,202,21,20,558,600.0,5047
10925,1.0,0.0,4.0,722,35,13,374,1000.0,452
10926,1.0,1.0,3.6,104,35,13,654,800.0,5043
10927,1.0,0.0,3.9,190,35,20,1058,600.0,585
10928,1.0,0.0,3.6,147,35,20,1276,700.0,570
10929,0.0,1.0,3.9,198,35,20,1156,700.0,5047
10930,0.0,0.0,3.8,139,35,21,1222,500.0,5047
10931,1.0,0.0,3.5,312,35,20,1145,700.0,4061
10932,1.0,0.0,3.9,115,35,20,521,550.0,5047
10933,1.0,0.0,2.7,182,35,20,1426,450.0,1677
10934,1.0,0.0,4.4,1418,35,62,1115,300.0,2143
10935,1.0,0.0,3.9,110,35,62,817,400.0,2223
10936,1.0,0.0,4.0,175,35,62,208,400.0,5047
10937,1.0,0.0,3.9,718,35,62,323,600.0,1473
10938,1.0,0.0,3.8,185,35,62,235,250.0,5047
10939,1.0,0.0,3.7,118,35,62,84,300.0,2816
10940,1.0,0.0,4.0,129,35,62,118,600.0,5047
10941,1.0,0.0,3.1,616,35,62,322,450.0,2629
10942,1.0,0.0,3.9,186,35,62,558,500.0,5047
10943,0.0,0.0,3.7,53,35,3,190,350.0,5047
10944,1.0,0.0,3.8,173,21,62,235,300.0,4943
10945,1.0,0.0,3.7,118,35,62,609,450.0,3397
10946,1.0,0.0,3.8,140,35,62,1190,500.0,1032
10947,1.0,0.0,3.9,41,35,62,315,550.0,2188
10948,1.0,0.0,3.8,128,35,62,851,400.0,1755
10949,1.0,0.0,3.3,58,35,62,1497,300.0,4681
10950,0.0,0.0,3.7,41,35,62,84,250.0,5047
10951,1.0,0.0,3.9,52,35,62,823,300.0,2147
10952,1.0,0.0,4.0,209,35,62,1150,550.0,4158
10953,1.0,0.0,3.7,93,35,62,1058,400.0,3818
10954,1.0,0.0,3.8,49,35,62,1597,300.0,3173
10955,1.0,0.0,2.9,215,35,62,322,500.0,3382
10956,1.0,0.0,3.6,76,35,62,1061,450.0,2375
10957,1.0,0.0,3.3,351,2,51,79,350.0,5047
10958,1.0,0.0,3.9,611,2,20,539,750.0,2395
10959,1.0,0.0,3.7,71,2,20,82,450.0,4608
10960,1.0,1.0,4.5,506,23,13,455,650.0,886
10961,0.0,0.0,4.0,157,2,57,878,1100.0,5047
10962,1.0,1.0,4.0,667,2,20,1307,700.0,2590
10963,1.0,1.0,3.5,131,2,20,1328,1000.0,4320
10964,1.0,0.0,3.8,200,2,20,66,600.0,4688
10965,1.0,0.0,4.1,98,23,13,384,500.0,5047
10966,1.0,0.0,3.7,73,2,19,398,500.0,4880
10967,0.0,0.0,3.8,161,2,62,235,300.0,5047
10968,1.0,0.0,4.3,332,23,62,322,300.0,2225
10969,1.0,0.0,3.5,324,2,20,1375,600.0,1569
10970,1.0,0.0,2.6,254,2,20,1196,1050.0,4075
10971,0.0,0.0,4.0,130,2,62,1547,200.0,5047
10972,1.0,0.0,3.9,71,2,62,547,250.0,1333
10973,1.0,0.0,3.8,109,2,21,56,600.0,1839
10974,1.0,0.0,3.8,44,2,13,389,500.0,3179
10975,1.0,0.0,3.2,123,2,20,1033,600.0,2900
10976,1.0,0.0,3.9,224,2,20,611,600.0,4867
10977,1.0,0.0,3.4,182,2,20,577,500.0,1190
10978,0.0,0.0,3.6,70,2,62,1561,200.0,5047
10979,0.0,0.0,3.5,50,2,20,1557,600.0,5047
10980,1.0,0.0,3.4,78,2,62,1552,400.0,5047
10981,1.0,0.0,3.7,64,2,62,581,400.0,463
10982,0.0,0.0,3.7,100,2,4,1429,1200.0,5047
10983,1.0,0.0,3.8,98,2,20,558,500.0,1144
10984,1.0,0.0,3.8,92,2,62,1121,400.0,4209
10985,1.0,0.0,3.9,283,2,62,1335,250.0,5047
10986,0.0,0.0,3.7,103,2,20,1156,600.0,5047
10987,1.0,0.0,3.8,77,2,13,436,550.0,2753
10988,1.0,0.0,3.7,42,2,62,521,500.0,5047
10989,1.0,0.0,3.8,151,2,62,1476,500.0,3487
10990,0.0,0.0,3.7,161,2,62,1597,300.0,5047
10991,0.0,0.0,2.8,69,2,62,868,300.0,5047
10992,1.0,0.0,3.6,92,2,62,106,400.0,4140
10993,0.0,0.0,3.8,104,2,62,1061,400.0,5047
10994,0.0,0.0,3.6,77,23,62,1589,400.0,5047
10995,1.0,1.0,4.4,2329,34,54,39,1400.0,1486
10996,0.0,1.0,4.3,416,34,54,799,1800.0,5047
10997,1.0,1.0,4.2,1196,34,60,888,1400.0,1389
10998,1.0,1.0,4.4,816,34,46,682,1200.0,5047
10999,1.0,1.0,3.8,360,34,60,730,1300.0,2008
11000,0.0,1.0,4.0,662,34,54,746,1500.0,5047
11001,1.0,0.0,3.9,248,34,4,896,1200.0,2263
11002,0.0,1.0,3.9,74,34,21,629,1200.0,5047
11003,0.0,1.0,4.0,377,34,4,738,1300.0,5047
11004,1.0,1.0,3.9,751,21,57,628,1500.0,1780
11005,0.0,0.0,3.8,139,35,21,1222,500.0,5047
11006,0.0,0.0,4.0,157,2,57,878,1100.0,5047
11007,0.0,0.0,3.7,100,2,4,1429,1200.0,5047
11008,1.0,1.0,4.1,840,35,13,474,800.0,1386
11009,1.0,1.0,4.4,2589,35,22,1468,600.0,2251
11010,1.0,1.0,4.3,496,35,19,372,800.0,5047
11011,1.0,0.0,4.0,722,35,13,374,1000.0,452
11012,1.0,1.0,3.6,104,35,13,654,800.0,5043
11013,0.0,0.0,4.5,1181,34,16,338,900.0,5047
11014,1.0,1.0,4.2,559,34,13,406,1200.0,387
11015,1.0,0.0,4.1,399,34,33,785,700.0,504
11016,1.0,1.0,4.1,577,34,13,455,700.0,3114
11017,0.0,0.0,4.3,167,34,13,332,500.0,5047
11018,1.0,0.0,4.3,191,21,13,357,700.0,2120
11019,0.0,0.0,3.8,92,34,13,332,700.0,5047
11020,1.0,0.0,3.7,73,2,19,398,500.0,4880
11021,0.0,0.0,4.0,241,34,13,387,600.0,5047
11022,1.0,0.0,4.1,172,34,13,763,700.0,5047
11023,1.0,0.0,3.8,44,2,13,389,500.0,3179
11024,1.0,0.0,4.1,274,34,13,416,900.0,3450
11025,0.0,0.0,3.8,110,34,22,1221,700.0,5047
11026,1.0,0.0,3.7,46,34,13,332,500.0,373
11027,1.0,0.0,3.8,140,34,13,409,650.0,1387
11028,0.0,0.0,3.9,63,2,13,436,450.0,5047
11029,1.0,0.0,3.8,77,2,13,436,550.0,2753
11030,1.0,0.0,3.9,97,34,13,437,350.0,2407
11031,1.0,1.0,4.5,506,23,13,455,650.0,886
11032,1.0,0.0,3.8,362,20,13,383,700.0,448
11033,1.0,0.0,4.4,861,26,29,930,500.0,2990
11034,1.0,0.0,3.8,221,34,30,959,400.0,611
11035,1.0,0.0,3.6,531,57,29,923,450.0,28
11036,1.0,0.0,4.0,297,34,62,1156,350.0,3449
11037,1.0,0.0,3.7,52,34,62,1046,350.0,1095
11038,1.0,0.0,4.0,209,34,62,1507,600.0,863
11039,1.0,0.0,4.2,386,34,62,322,500.0,3750
11040,1.0,0.0,4.4,220,2,30,956,400.0,4561
11041,1.0,0.0,3.7,118,35,62,84,300.0,2816
11042,1.0,0.0,4.0,3128,35,20,1402,750.0,4421
11043,1.0,0.0,4.4,1418,35,62,1115,300.0,2143
11044,1.0,0.0,4.1,498,34,62,1644,250.0,1934
11045,1.0,0.0,4.8,265,34,30,767,400.0,5047
11046,1.0,1.0,4.4,2589,35,22,1468,600.0,2251
11047,0.0,0.0,3.9,87,34,30,773,300.0,5047
11048,1.0,1.0,4.5,1228,34,20,1385,800.0,2739
11049,1.0,0.0,3.9,420,35,20,1524,800.0,2895
11050,1.0,0.0,3.7,215,2,72,574,450.0,5047
11051,1.0,0.0,3.3,58,35,62,1497,300.0,4681
11052,1.0,0.0,3.3,238,60,62,1196,400.0,2413
11053,1.0,0.0,4.0,148,21,29,260,400.0,2663
11054,1.0,1.0,4.1,448,34,20,609,500.0,4776
11055,1.0,0.0,3.9,191,21,20,1386,650.0,1141
11056,1.0,0.0,4.2,432,34,30,773,500.0,817
11057,1.0,0.0,3.7,306,55,62,1338,400.0,2382
11058,1.0,0.0,3.5,408,55,62,323,600.0,1821
11059,1.0,0.0,4.1,327,34,62,1589,300.0,2677
11060,1.0,0.0,3.8,306,55,62,1499,400.0,1370
11061,1.0,0.0,3.1,616,35,62,322,450.0,2629
11062,1.0,0.0,4.3,332,23,62,322,300.0,2225
11063,1.0,0.0,3.9,162,34,29,1465,750.0,2175
11064,1.0,0.0,4.1,189,34,62,1547,100.0,593
11065,1.0,0.0,3.8,257,2,62,1196,600.0,4059
11066,1.0,0.0,3.7,297,2,62,235,200.0,1961
11067,1.0,0.0,3.2,123,2,20,1033,600.0,2900
11068,1.0,0.0,3.9,96,34,62,591,300.0,3718
11069,1.0,0.0,3.6,92,2,62,106,400.0,4139
11070,1.0,0.0,3.7,41,23,29,1513,400.0,4228
11071,1.0,0.0,2.7,182,35,20,1426,450.0,1676
11072,1.0,0.0,3.9,247,55,62,1045,400.0,2899
11073,1.0,0.0,4.0,154,35,62,1121,400.0,424
11074,1.0,0.0,3.6,153,55,62,1517,400.0,1155
11075,1.0,0.0,4.1,343,35,72,1392,500.0,1889
11076,1.0,0.0,2.7,434,34,20,1474,750.0,2345
11077,1.0,0.0,3.9,232,35,29,235,650.0,1986
11078,1.0,0.0,3.7,301,35,20,262,750.0,1066
11079,1.0,0.0,3.9,35,34,29,181,500.0,1617
11080,1.0,0.0,3.7,93,35,62,1058,400.0,3818
11081,1.0,0.0,3.8,140,34,20,925,700.0,837
11082,1.0,0.0,3.7,50,64,30,769,300.0,605
11083,1.0,1.0,4.3,1437,35,20,1625,1500.0,3864
11084,1.0,1.0,4.4,2329,34,54,39,1400.0,1486
11085,1.0,0.0,3.4,182,2,20,577,500.0,1190
11086,1.0,0.0,3.6,90,55,62,1670,400.0,1440
11087,1.0,0.0,3.7,48,55,72,93,150.0,3634
11088,1.0,0.0,4.2,376,34,62,1644,350.0,1739
11089,1.0,0.0,2.7,64,55,41,521,700.0,4019
11090,1.0,0.0,3.7,214,34,20,111,700.0,5047
11091,1.0,0.0,3.8,151,2,62,1476,500.0,3487
11092,1.0,0.0,3.8,109,2,30,956,450.0,2903
11093,1.0,0.0,3.9,110,35,62,817,400.0,2223
11094,1.0,1.0,4.1,577,34,13,455,700.0,3114
11095,1.0,0.0,3.2,107,23,29,1156,500.0,872
11096,1.0,0.0,4.0,177,55,20,698,600.0,5047
11097,1.0,0.0,3.7,91,34,62,1628,200.0,3040
11098,1.0,0.0,3.8,128,35,62,851,400.0,1755
11099,1.0,0.0,2.6,227,2,62,1002,600.0,901
11100,1.0,0.0,4.2,533,55,20,1135,800.0,5047
11101,1.0,0.0,3.7,118,35,62,609,450.0,3397
11102,0.0,0.0,3.4,58,55,62,1586,500.0,5047
11103,1.0,0.0,4.1,174,34,30,953,500.0,2641
11104,1.0,0.0,3.8,189,2,62,1474,400.0,3133
11105,1.0,0.0,3.5,324,2,20,1375,600.0,1569
11106,1.0,0.0,3.8,128,55,62,1494,300.0,5047
11107,1.0,0.0,3.8,289,34,20,296,600.0,940
11108,1.0,0.0,3.8,140,35,62,1190,500.0,1032
11109,0.0,0.0,4.0,161,35,20,286,600.0,5047
11110,1.0,1.0,4.5,755,55,4,737,1300.0,5047
11111,1.0,0.0,3.9,84,55,30,767,300.0,5047
11112,1.0,0.0,3.7,370,35,20,111,800.0,1131
11113,1.0,0.0,3.8,48,2,70,1121,150.0,2772
11114,1.0,1.0,4.5,506,23,13,455,650.0,886
11115,1.0,0.0,3.9,82,55,62,558,400.0,4732
11116,1.0,0.0,3.9,71,2,62,547,250.0,1333
11117,1.0,0.0,3.8,140,34,13,409,650.0,1387
11118,1.0,0.0,3.5,119,34,20,266,750.0,976
11119,1.0,0.0,3.1,78,23,29,1296,500.0,873
11120,1.0,0.0,3.9,190,35,20,1058,600.0,585
11121,1.0,1.0,4.5,418,35,20,145,1200.0,454
11122,1.0,0.0,3.6,56,34,13,332,650.0,794
11123,1.0,0.0,3.7,57,23,29,624,500.0,5047
11124,1.0,0.0,3.9,41,35,62,315,550.0,2188
11125,1.0,0.0,3.8,173,21,62,235,300.0,4943
11126,1.0,0.0,3.7,71,2,20,82,450.0,4608
11127,1.0,0.0,3.9,64,34,31,770,600.0,604
11128,1.0,0.0,3.8,88,34,62,1047,400.0,3863
11129,1.0,1.0,4.2,341,34,26,912,1400.0,5047
11130,1.0,0.0,3.9,97,34,13,437,350.0,2407
11131,1.0,0.0,3.6,42,55,20,103,600.0,2985
11132,1.0,0.0,3.5,312,35,20,1145,700.0,4061
11133,1.0,0.0,3.9,55,34,9,215,400.0,506
11134,1.0,1.0,4.2,1196,34,60,888,1400.0,1389
11135,1.0,0.0,4.1,399,34,33,785,700.0,504
11136,1.0,0.0,4.1,70,20,20,1156,700.0,2807
11137,1.0,0.0,4.1,98,23,13,384,500.0,675
11138,1.0,0.0,2.4,48,34,62,832,450.0,1938
11139,1.0,1.0,3.7,399,34,20,1414,1000.0,3564
11140,1.0,0.0,3.8,98,2,20,558,500.0,1144
11141,1.0,0.0,3.7,64,2,62,581,400.0,463
11142,1.0,0.0,4.0,209,35,62,1150,550.0,4158
11143,1.0,0.0,3.1,150,34,20,1181,500.0,5047
11144,1.0,0.0,4.0,89,34,62,817,200.0,5047
11145,1.0,0.0,3.9,224,2,20,611,600.0,4867
11146,1.0,1.0,3.6,104,35,13,654,800.0,5043
11147,1.0,1.0,4.3,473,34,20,1547,750.0,5047
11148,1.0,0.0,4.0,96,34,9,210,400.0,3430
11149,1.0,0.0,3.6,76,35,62,1061,450.0,2374
11150,1.0,0.0,2.7,194,55,20,1599,400.0,4222
11151,1.0,0.0,4.1,201,34,20,1543,650.0,4366
11152,1.0,0.0,4.2,219,34,20,84,1000.0,1331
11153,1.0,1.0,4.1,840,35,13,474,800.0,1386
11154,1.0,0.0,4.3,191,21,13,357,700.0,2120
11155,1.0,0.0,2.9,215,35,62,322,500.0,3382
11156,1.0,0.0,3.7,91,34,20,1277,500.0,1208
11157,1.0,0.0,3.8,31,2,41,773,300.0,509
11158,1.0,0.0,3.9,240,34,20,235,600.0,978
11159,1.0,0.0,2.7,171,34,20,282,500.0,2568
11160,1.0,0.0,3.8,49,35,62,1597,300.0,3639
11161,1.0,0.0,3.7,86,55,62,1109,400.0,5047
11162,1.0,1.0,3.8,360,34,60,730,1300.0,2008
11163,1.0,0.0,3.8,69,34,62,1156,300.0,284
11164,1.0,0.0,3.9,219,35,20,68,600.0,4192
11165,1.0,0.0,3.6,147,35,20,1276,700.0,570
11166,0.0,0.0,3.9,247,35,20,95,450.0,5047
11167,1.0,0.0,3.7,81,20,62,1571,200.0,3502
11168,1.0,0.0,3.9,611,2,20,539,750.0,2395
11169,1.0,0.0,3.9,358,21,20,1384,650.0,194
11170,1.0,0.0,3.3,63,2,20,1197,500.0,5047
11171,1.0,1.0,3.9,751,21,57,628,1500.0,1780
11172,1.0,0.0,4.0,165,55,20,1156,500.0,5047
11173,1.0,0.0,4.1,252,20,1,177,350.0,4110
11174,1.0,0.0,3.6,68,60,20,309,450.0,5047
11175,1.0,0.0,3.7,73,2,19,398,500.0,5047
11176,1.0,0.0,3.8,80,34,20,521,750.0,5047
11177,1.0,0.0,2.8,100,55,41,735,800.0,5047
11178,1.0,0.0,3.8,109,2,21,56,600.0,5047
11179,0.0,0.0,4.2,216,35,51,1555,300.0,5047
11180,0.0,0.0,2.6,210,55,62,1196,400.0,5047
11181,1.0,0.0,3.9,375,55,62,54,400.0,5047
11182,1.0,0.0,4.1,274,34,13,416,900.0,3450
11183,1.0,1.0,3.9,293,34,20,1521,900.0,3364
11184,0.0,0.0,4.1,109,35,20,558,450.0,5047
11185,1.0,0.0,3.7,124,34,20,760,600.0,5047
11186,1.0,1.0,3.5,131,2,20,1328,1000.0,4320
11187,1.0,0.0,4.0,120,35,32,216,150.0,5047
11188,1.0,0.0,3.9,116,64,20,1181,1000.0,2875
11189,1.0,0.0,4.0,469,55,20,69,550.0,166
11190,1.0,0.0,4.0,253,23,20,1386,600.0,3519
11191,1.0,0.0,2.7,227,64,20,572,750.0,5047
11192,1.0,0.0,3.8,232,20,20,1196,500.0,5047
11193,1.0,0.0,3.3,351,2,51,79,350.0,3827
11194,1.0,0.0,3.7,209,34,20,1057,600.0,4671
11195,1.0,0.0,3.7,46,34,13,332,500.0,373
11196,1.0,0.0,3.8,77,2,13,436,550.0,2753
11197,1.0,0.0,3.9,77,34,20,975,800.0,1281
11198,1.0,0.0,4.1,91,35,29,1465,600.0,4168
11199,1.0,0.0,3.9,39,34,62,218,300.0,5047
11200,1.0,0.0,4.0,99,35,62,1121,400.0,5047
11201,1.0,1.0,4.3,496,35,19,372,800.0,5047
11202,1.0,0.0,3.6,519,34,20,1399,600.0,1228
11203,1.0,0.0,3.9,283,2,62,1335,250.0,5047
11204,1.0,0.0,3.6,113,2,72,1156,400.0,3568
11205,1.0,0.0,3.7,600,55,20,66,600.0,2399
11206,0.0,1.0,3.9,198,35,20,1156,700.0,5047
11207,0.0,0.0,3.7,53,35,3,190,350.0,5047
11208,0.0,1.0,4.1,737,35,21,50,800.0,5047
11209,1.0,0.0,3.7,83,34,20,513,600.0,5047
11210,1.0,1.0,4.0,202,55,62,1189,450.0,3843
11211,1.0,0.0,3.6,195,34,62,1196,500.0,2451
11212,1.0,0.0,4.0,220,23,20,558,500.0,4893
11213,1.0,0.0,3.8,185,35,62,235,250.0,5047
11214,1.0,1.0,4.3,53,55,20,249,600.0,3517
11215,1.0,0.0,3.9,52,35,62,823,300.0,2148
11216,1.0,1.0,4.5,1013,34,20,558,1100.0,466
11217,1.0,0.0,3.9,186,35,62,558,500.0,1439
11218,0.0,0.0,3.8,139,35,21,1222,500.0,5047
11219,1.0,0.0,4.1,172,34,13,763,700.0,5047
11220,1.0,1.0,4.1,229,35,20,1065,550.0,5047
11221,0.0,0.0,3.7,41,35,62,84,250.0,5047
11222,1.0,0.0,3.0,58,20,72,1268,400.0,2431
11223,1.0,0.0,3.8,362,20,13,383,700.0,5047
11224,1.0,0.0,4.1,200,34,20,1067,800.0,5047
11225,1.0,0.0,3.0,119,35,72,267,500.0,3182
11226,1.0,0.0,3.7,145,55,20,1495,600.0,5047
11227,1.0,0.0,4.1,198,34,20,965,600.0,5047
11228,1.0,1.0,4.1,223,34,20,135,500.0,3054
11229,1.0,0.0,3.4,78,2,62,1552,400.0,5047
11230,1.0,0.0,3.3,145,2,20,610,900.0,5047
11231,1.0,0.0,2.9,619,55,62,1196,500.0,2462
11232,1.0,1.0,3.7,83,34,20,59,800.0,4352
11233,1.0,0.0,2.6,254,2,20,1196,1050.0,5047
11234,0.0,0.0,3.8,164,35,20,77,650.0,5047
11235,1.0,0.0,2.8,234,34,20,521,700.0,1409
11236,1.0,0.0,4.0,72,35,20,1088,400.0,1347
11237,1.0,1.0,3.9,321,34,20,52,750.0,646
11238,1.0,1.0,4.2,405,34,20,1509,1500.0,5045
11239,1.0,0.0,3.7,220,34,62,266,400.0,5047
11240,1.0,0.0,4.0,722,35,13,374,1000.0,452
11241,1.0,0.0,4.0,175,35,62,208,400.0,5047
11242,1.0,0.0,3.9,93,34,62,1358,400.0,2884
11243,1.0,0.0,3.8,202,21,20,558,600.0,3399
11244,1.0,0.0,3.7,82,2,20,558,800.0,5047
11245,1.0,1.0,4.0,667,2,20,1307,700.0,2590
11246,1.0,0.0,4.1,383,35,20,557,700.0,1313
11247,1.0,0.0,4.1,1208,34,20,1156,800.0,3678
11248,1.0,0.0,3.9,367,2,29,1429,450.0,2747
11249,1.0,1.0,4.0,694,55,20,1375,1200.0,5047
11250,1.0,0.0,4.1,155,34,20,558,1100.0,1408
11251,1.0,0.0,4.4,203,34,20,131,800.0,5047
11252,1.0,0.0,4.3,785,20,62,1156,300.0,5047
11253,1.0,0.0,3.7,42,2,62,521,500.0,5047
11254,1.0,0.0,3.8,311,34,20,723,800.0,5047
11255,0.0,1.0,4.4,1099,34,21,1172,1400.0,5047
11256,1.0,0.0,4.0,222,59,13,489,850.0,5047
11257,0.0,0.0,4.1,470,34,20,1156,800.0,5047
11258,0.0,0.0,3.8,161,2,62,235,300.0,5047
11259,0.0,1.0,4.2,783,34,20,1101,1400.0,5047
11260,0.0,0.0,4.2,142,20,0,175,500.0,5047
11261,0.0,0.0,3.8,41,20,0,175,500.0,5047
11262,1.0,0.0,4.1,178,20,29,824,400.0,5047
11263,1.0,0.0,3.9,115,35,20,521,550.0,1076
11264,1.0,1.0,4.0,178,34,20,29,1000.0,5047
11265,1.0,0.0,4.1,620,34,62,1569,200.0,5047
11266,1.0,0.0,3.9,248,34,4,896,1200.0,2263
11267,1.0,0.0,2.8,142,20,3,181,300.0,5047
11268,1.0,0.0,4.0,129,35,62,118,600.0,5047
11269,1.0,0.0,2.8,132,2,62,873,200.0,5047
11270,0.0,1.0,4.3,416,34,54,799,1800.0,5047
11271,1.0,0.0,3.7,68,23,20,1548,800.0,5047
11272,0.0,0.0,4.5,1181,34,16,338,900.0,5047
11273,1.0,1.0,4.2,559,34,13,406,1200.0,387
11274,0.0,1.0,3.9,300,34,20,56,750.0,5047
11275,0.0,0.0,4.0,83,34,62,1352,500.0,5047
11276,0.0,0.0,3.9,121,21,20,107,600.0,5047
11277,0.0,0.0,3.9,47,34,62,1439,500.0,5047
11278,0.0,0.0,4.3,259,34,30,951,200.0,5047
11279,1.0,0.0,3.8,44,2,13,389,500.0,3179
11280,0.0,0.0,3.8,110,34,22,1221,700.0,5047
11281,0.0,0.0,3.8,41,2,0,175,400.0,5047
11282,0.0,0.0,4.3,241,20,0,181,100.0,5047
11283,0.0,0.0,4.1,107,34,9,223,350.0,5047
11284,0.0,0.0,4.0,95,21,29,181,300.0,5047
11285,0.0,0.0,3.9,78,34,62,181,650.0,5047
11286,0.0,0.0,2.9,56,34,20,104,700.0,5047
11287,0.0,0.0,2.8,69,2,62,868,300.0,5047
11288,0.0,0.0,3.7,90,34,20,1144,600.0,5047
11289,0.0,0.0,3.8,104,2,62,1061,400.0,5047
11290,0.0,0.0,2.6,45,34,29,235,650.0,5047
11291,0.0,0.0,4.0,81,34,20,2,1000.0,5047
11292,1.0,0.0,3.8,51,2,41,1547,300.0,4541
11293,1.0,0.0,2.9,54,2,62,852,250.0,5047
11294,0.0,0.0,3.8,92,34,13,332,700.0,5047
11295,1.0,1.0,4.4,816,34,46,682,1200.0,5047
11296,1.0,1.0,4.3,496,35,19,372,800.0,5047
11297,1.0,0.0,4.0,154,35,62,1121,400.0,5047
11298,0.0,0.0,3.7,53,35,3,190,350.0,5047
11299,1.0,0.0,4.0,99,35,62,1121,400.0,5047
11300,1.0,0.0,4.0,120,35,32,216,150.0,4305
11301,1.0,0.0,4.8,265,34,30,767,400.0,5047
11302,1.0,0.0,4.1,399,34,33,785,700.0,504
11303,0.0,0.0,4.4,669,34,30,956,400.0,5047
11304,0.0,0.0,3.9,130,21,0,175,400.0,5047
11305,0.0,0.0,4.6,274,34,30,769,300.0,5047
11306,0.0,0.0,4.3,259,34,30,951,200.0,5047
11307,1.0,0.0,3.8,221,34,30,959,400.0,611
11308,1.0,0.0,4.2,432,34,30,773,500.0,817
11309,1.0,0.0,4.1,174,34,30,953,500.0,2641
11310,0.0,0.0,4.1,71,34,20,973,600.0,5047
11311,0.0,0.0,3.8,110,34,22,1221,700.0,5047
11312,0.0,0.0,3.8,41,2,0,175,400.0,5047
11313,1.0,0.0,3.8,109,2,30,956,450.0,2903
11314,1.0,0.0,3.8,31,2,41,773,300.0,5047
11315,1.0,0.0,3.9,35,34,29,181,500.0,1617
11316,1.0,0.0,3.9,90,34,30,767,300.0,5047
11317,0.0,0.0,3.9,87,34,30,773,300.0,5047
11318,0.0,0.0,4.0,95,21,29,181,300.0,5047
11319,1.0,0.0,3.8,48,2,70,1121,150.0,5047
11320,1.0,0.0,3.9,64,34,31,770,600.0,604
11321,0.0,0.0,3.9,78,34,62,181,650.0,5047
11322,0.0,0.0,4.0,81,34,20,2,1000.0,5047
11323,1.0,1.0,4.5,506,23,13,455,650.0,5047
11324,0.0,0.0,4.2,142,20,0,175,500.0,5047
11325,0.0,0.0,4.3,241,20,0,181,100.0,5047
11326,0.0,0.0,3.8,41,20,0,175,500.0,5047
11327,0.0,0.0,4.0,168,35,20,286,600.0,5047
11328,0.0,1.0,4.2,788,35,21,50,800.0,5047
11329,1.0,1.0,4.4,2640,35,22,1468,600.0,5047
11330,1.0,1.0,4.3,1446,35,20,1625,1500.0,5047
11331,0.0,0.0,3.9,259,35,20,95,450.0,5047
11332,1.0,1.0,4.2,884,35,13,474,800.0,5047
11333,1.0,1.0,4.5,435,35,20,145,1200.0,5047
11334,1.0,0.0,3.8,223,35,20,68,600.0,5047
11335,1.0,0.0,4.0,430,35,20,1524,800.0,5047
11336,0.0,1.0,4.0,240,35,20,1067,1400.0,5047
11337,0.0,0.0,4.2,232,35,51,1555,300.0,5047
11338,0.0,0.0,4.1,112,35,20,558,450.0,5047
11339,0.0,0.0,3.8,167,35,20,77,650.0,5047
11340,1.0,1.0,4.1,232,35,20,1065,550.0,5047
11341,1.0,0.0,3.8,65,35,62,1605,400.0,5047
11342,1.0,0.0,3.7,380,35,20,111,800.0,5047
11343,1.0,0.0,4.0,72,35,20,1088,550.0,5047
11344,0.0,0.0,4.1,114,35,20,799,1400.0,5047
11345,1.0,0.0,4.0,386,35,20,557,700.0,5047
11346,1.0,0.0,4.1,3248,35,20,1402,750.0,5047
11347,0.0,0.0,4.2,96,35,20,84,700.0,5047
11348,1.0,0.0,3.4,309,35,20,262,750.0,5047
11349,1.0,1.0,3.6,108,35,13,654,800.0,5047
11350,1.0,0.0,3.9,197,35,20,1058,600.0,5047
11351,1.0,0.0,3.6,149,35,20,1276,700.0,5047
11352,0.0,1.0,3.9,203,35,20,1156,700.0,5047
11353,0.0,0.0,3.8,139,35,21,1222,500.0,5047
11354,1.0,0.0,3.5,316,35,20,1145,700.0,5047
11355,1.0,0.0,3.8,98,35,20,1572,600.0,5047
11356,1.0,0.0,3.9,118,35,20,521,550.0,5047
11357,1.0,0.0,2.7,185,35,20,1426,450.0,3171
11358,1.0,0.0,4.4,1514,35,62,1115,300.0,5047
11359,0.0,0.0,3.8,33,35,62,1041,250.0,5047
11360,1.0,0.0,3.9,118,35,62,821,400.0,5047
11361,1.0,0.0,4.0,182,35,62,208,400.0,5047
11362,1.0,0.0,3.9,727,35,62,323,600.0,5047
11363,1.0,0.0,3.8,189,35,62,235,250.0,5047
11364,1.0,0.0,3.7,119,35,62,96,300.0,5047
11365,1.0,0.0,3.1,639,35,62,322,450.0,5047
11366,0.0,0.0,4.0,129,35,62,118,600.0,5047
11367,1.0,0.0,3.9,187,35,62,560,500.0,5047
11368,0.0,0.0,3.7,54,35,3,190,350.0,5047
11369,1.0,0.0,3.7,120,35,62,609,450.0,5047
11370,1.0,0.0,4.0,160,35,62,1190,500.0,5047
11371,1.0,0.0,3.9,43,35,62,315,600.0,5047
11372,1.0,0.0,3.8,134,35,62,851,400.0,5047
11373,1.0,0.0,3.7,59,35,62,1497,300.0,5047
11374,1.0,0.0,3.9,57,35,62,823,300.0,5047
11375,1.0,0.0,4.0,211,35,62,1150,550.0,5047
11376,1.0,0.0,3.7,94,35,62,1058,400.0,3160
11377,1.0,0.0,3.8,52,35,62,1597,300.0,5047
11378,1.0,0.0,2.9,217,35,62,322,500.0,5047
11379,1.0,0.0,3.6,80,35,62,1061,450.0,5047
11380,0.0,1.0,4.7,1697,34,20,813,1400.0,5047
11381,0.0,1.0,4.4,1129,34,21,1492,1400.0,5047
11382,1.0,1.0,4.2,471,34,54,196,1800.0,5047
11383,1.0,1.0,4.4,2392,34,54,19,2000.0,5047
11384,0.0,1.0,4.2,1145,34,20,1325,1600.0,5047
11385,0.0,0.0,4.5,1239,34,16,338,900.0,5047
11386,1.0,1.0,4.5,1065,34,20,521,1100.0,5047
11387,0.0,0.0,4.1,488,34,20,1156,800.0,5047
11388,1.0,1.0,4.4,1339,34,20,1385,800.0,5047
11389,1.0,1.0,4.6,376,34,20,276,800.0,5047
11390,1.0,1.0,4.2,609,34,13,406,1200.0,5047
11391,1.0,0.0,4.1,1286,34,20,1156,800.0,5047
11392,1.0,1.0,4.4,859,34,46,682,1200.0,5047
11393,1.0,0.0,3.4,356,2,51,79,350.0,5047
11394,0.0,1.0,4.2,2011,34,20,703,800.0,5047
11395,0.0,1.0,3.9,303,34,20,56,750.0,5047
11396,1.0,0.0,4.2,224,34,20,84,1000.0,5047
11397,1.0,1.0,4.1,605,34,13,455,700.0,5047
11398,1.0,0.0,3.9,63,2,62,1564,400.0,688
11399,1.0,0.0,4.4,214,34,20,131,800.0,5047
11400,1.0,1.0,4.2,367,34,26,912,1400.0,5047
11401,1.0,1.0,4.2,1223,34,60,888,1400.0,5047
11402,1.0,0.0,3.9,616,2,20,539,750.0,5047
11403,0.0,1.0,3.9,695,34,54,746,1500.0,5047
11404,1.0,1.0,3.8,389,34,60,730,1300.0,5047
11405,1.0,0.0,3.8,142,34,20,925,700.0,2918
11406,1.0,0.0,3.5,531,34,20,1399,600.0,5047
11407,1.0,0.0,3.8,77,2,20,82,450.0,5047
11408,1.0,1.0,3.8,325,34,20,52,750.0,5047
11409,1.0,1.0,4.3,482,34,20,1547,750.0,5047
11410,1.0,1.0,4.2,421,34,20,1509,1500.0,5047
11411,1.0,1.0,3.9,764,21,57,628,1500.0,5047
11412,0.0,0.0,3.9,130,21,20,107,600.0,5047
11413,0.0,1.0,4.2,310,34,20,1067,1300.0,5047
11414,0.0,0.0,4.0,55,2,51,1569,200.0,5047
11415,1.0,0.0,4.1,206,34,20,1543,650.0,5047
11416,1.0,0.0,4.3,193,21,13,357,700.0,5047
11417,0.0,1.0,4.2,789,34,20,1101,1400.0,5047
11418,1.0,1.0,4.0,717,34,20,610,800.0,5047
11419,0.0,0.0,4.0,170,2,57,878,1100.0,5047
11420,0.0,0.0,3.9,248,34,4,896,1200.0,5047
11421,1.0,1.0,4.0,671,2,20,1307,700.0,5047
11422,1.0,1.0,3.5,135,2,20,1328,1000.0,5047
11423,1.0,0.0,3.7,82,34,20,513,600.0,5047
11424,1.0,0.0,4.1,203,34,20,965,600.0,5047
11425,1.0,1.0,4.0,47,34,20,656,800.0,5047
11426,1.0,0.0,3.8,323,34,20,723,800.0,5047
11427,1.0,0.0,4.1,163,34,20,558,1100.0,5047
11428,1.0,0.0,3.9,360,21,20,1384,650.0,5047
11429,0.0,0.0,3.8,94,34,13,332,700.0,5047
11430,1.0,1.0,4.1,226,34,20,135,500.0,5047
11431,1.0,0.0,3.8,204,2,20,66,600.0,5047
11432,1.0,0.0,3.7,214,34,20,111,700.0,5047
11433,0.0,1.0,3.9,75,34,21,629,1200.0,5047
11434,1.0,0.0,3.5,67,2,20,1197,500.0,5047
11435,1.0,1.0,3.9,293,34,20,1521,900.0,5047
11436,1.0,0.0,3.8,191,21,20,1386,650.0,5047
11437,1.0,0.0,3.7,75,2,19,398,500.0,5047
11438,1.0,1.0,4.0,183,34,20,29,1000.0,5047
11439,0.0,1.0,4.0,395,34,4,738,1300.0,5047
11440,1.0,0.0,2.8,236,34,20,524,600.0,5047
11441,0.0,0.0,4.0,250,34,13,387,600.0,5047
11442,1.0,0.0,3.7,205,21,20,558,600.0,5047
11443,1.0,1.0,4.1,449,34,20,609,500.0,5047
11444,1.0,0.0,4.0,249,34,20,235,600.0,5047
11445,1.0,1.0,3.7,399,34,20,1414,1000.0,5047
11446,1.0,0.0,3.6,328,2,20,1375,600.0,5047
11447,1.0,0.0,3.6,226,34,62,266,400.0,5047
11448,1.0,0.0,3.7,214,34,20,1057,600.0,5047
11449,1.0,0.0,4.1,202,34,20,1067,800.0,5047
11450,1.0,0.0,3.9,58,2,13,389,500.0,5047
11451,1.0,0.0,3.8,292,34,20,296,600.0,5047
11452,1.0,0.0,4.0,277,34,13,416,900.0,5047
11453,0.0,0.0,4.1,71,34,20,973,600.0,5047
11454,0.0,0.0,3.7,110,34,22,1221,700.0,5047
11455,1.0,0.0,2.5,256,2,20,1196,1050.0,5047
11456,1.0,1.0,3.9,123,34,20,59,800.0,5047
11457,0.0,0.0,3.9,58,2,4,685,1300.0,5047
11458,1.0,0.0,3.8,88,34,62,1047,400.0,3346
11459,0.0,0.0,3.7,46,34,13,332,500.0,5047
11460,1.0,0.0,3.7,111,2,21,56,600.0,5047
11461,1.0,0.0,2.9,128,2,20,1033,600.0,5047
11462,1.0,0.0,3.9,228,2,20,611,600.0,5047
11463,1.0,0.0,3.5,122,34,20,236,750.0,5047
11464,1.0,0.0,3.5,183,2,20,577,500.0,5047
11465,0.0,0.0,3.5,50,2,20,1557,600.0,5047
11466,1.0,0.0,3.8,141,34,13,409,650.0,5047
11467,0.0,0.0,3.7,102,2,4,1429,1200.0,5047
11468,1.0,0.0,3.7,92,34,20,1277,500.0,5047
11469,1.0,0.0,3.7,66,2,62,581,400.0,5047
11470,1.0,0.0,3.8,103,2,20,558,500.0,5047
11471,0.0,0.0,3.9,62,2,13,436,450.0,5047
11472,1.0,0.0,3.6,57,34,13,332,650.0,5047
11473,1.0,0.0,3.1,151,34,20,1181,500.0,5047
11474,1.0,0.0,3.8,80,34,20,521,750.0,5047
11475,1.0,0.0,3.6,80,34,20,975,800.0,5047
11476,0.0,0.0,3.7,103,2,20,1156,600.0,5047
11477,0.0,0.0,2.9,55,34,20,104,700.0,5047
11478,1.0,0.0,3.7,42,2,62,521,500.0,5047
11479,1.0,0.0,3.8,78,2,13,436,550.0,5047
11480,1.0,0.0,3.7,124,34,20,760,600.0,5047
11481,0.0,0.0,4.0,82,34,20,2,1000.0,5047
11482,1.0,0.0,3.9,97,34,13,437,350.0,1945
11483,1.0,0.0,2.7,171,34,20,282,500.0,5047
11484,1.0,0.0,2.7,442,34,20,1474,750.0,5047
11485,1.0,0.0,4.1,415,34,33,785,700.0,5047
11486,0.0,0.0,4.1,208,34,62,1547,250.0,5047
11487,0.0,0.0,4.0,91,34,62,1352,500.0,5047
11488,0.0,0.0,3.8,164,2,62,235,300.0,5047
11489,0.0,0.0,3.9,54,34,62,1439,500.0,5047
11490,1.0,0.0,3.9,95,34,62,1358,400.0,5047
11491,0.0,0.0,4.0,134,2,62,1547,200.0,5047
11492,1.0,0.0,3.8,72,2,62,547,250.0,5047
11493,1.0,0.0,3.5,383,34,62,1474,400.0,5047
11494,1.0,0.0,4.0,498,34,62,1644,250.0,5047
11495,1.0,0.0,3.8,301,2,62,235,200.0,1962
11496,1.0,0.0,4.0,332,34,62,1589,300.0,3174
11497,1.0,0.0,4.2,398,34,62,322,500.0,4476
11498,1.0,0.0,3.7,87,2,62,521,450.0,5047
11499,1.0,0.0,3.8,69,34,62,1156,300.0,5047
11500,1.0,0.0,3.8,59,2,41,1547,300.0,5047
11501,1.0,0.0,4.0,209,34,62,937,500.0,5047
11502,0.0,0.0,3.6,70,2,62,1561,200.0,5047
11503,1.0,0.0,3.9,268,2,62,1196,600.0,5047
11504,1.0,0.0,3.9,100,34,62,591,300.0,4114
11505,1.0,0.0,3.5,78,2,62,1547,400.0,5047
11506,1.0,0.0,2.4,48,34,62,832,450.0,4236
11507,1.0,0.0,3.8,173,21,62,235,300.0,5047
11508,1.0,0.0,4.0,91,34,62,817,200.0,5047
11509,1.0,0.0,3.8,96,2,62,1121,400.0,5047
11510,1.0,0.0,3.9,287,2,62,1335,250.0,5047
11511,1.0,0.0,3.6,199,34,62,1196,500.0,5047
11512,0.0,0.0,3.8,79,34,62,181,650.0,5047
11513,1.0,0.0,3.8,153,2,62,1476,500.0,5047
11514,1.0,0.0,4.0,154,34,62,1035,500.0,3157
11515,1.0,0.0,2.8,40,2,41,1670,400.0,5047
11516,0.0,0.0,3.7,161,2,62,1597,300.0,5047
11517,0.0,0.0,3.7,85,34,62,591,200.0,5047
11518,0.0,0.0,2.8,69,2,62,868,300.0,5047
11519,1.0,0.0,3.7,95,2,62,106,400.0,5047
11520,0.0,0.0,3.5,87,34,62,1547,150.0,5047
11521,0.0,0.0,3.8,104,2,62,1061,400.0,5047
11522,0.0,0.0,3.7,300,34,62,1416,400.0,5047
11523,1.0,0.0,3.9,237,20,20,1196,500.0,5047
11524,1.0,0.0,4.3,345,23,62,322,300.0,5047
11525,1.0,0.0,3.8,365,20,13,383,700.0,5047
11526,0.0,0.0,3.6,77,23,62,1589,400.0,5047
11527,1.0,1.0,4.2,1198,34,60,888,1400.0,1389
11528,0.0,1.0,4.3,419,34,54,799,1800.0,5047
11529,1.0,1.0,4.5,2330,34,54,19,2000.0,1486
11530,0.0,0.0,3.8,139,35,21,1222,500.0,5047
11531,1.0,1.0,4.4,815,34,46,682,1200.0,5047
11532,0.0,1.0,4.0,661,34,54,746,1500.0,5047
11533,1.0,1.0,3.8,361,34,60,730,1300.0,2008
11534,1.0,1.0,3.9,753,21,57,628,1500.0,1780
11535,0.0,0.0,4.0,159,2,57,878,1100.0,5047
11536,1.0,0.0,3.9,248,34,4,896,1200.0,2263
11537,0.0,1.0,3.9,74,34,21,629,1200.0,5047
11538,0.0,1.0,4.0,377,34,4,738,1300.0,5047
11539,0.0,0.0,3.7,100,2,4,1429,1200.0,5047
11540,1.0,1.0,4.5,3468,42,20,1400,1300.0,5047
11541,1.0,1.0,4.5,3156,42,21,1233,1500.0,5047
11542,0.0,1.0,4.7,10471,42,21,1323,1400.0,5047
11543,1.0,1.0,4.4,9064,41,22,1468,600.0,3420
11544,1.0,1.0,4.4,1804,41,20,1678,1000.0,4519
11545,1.0,1.0,4.2,767,41,20,1272,1700.0,5047
11546,1.0,1.0,4.0,281,41,21,801,1500.0,5047
11547,0.0,1.0,4.4,1555,42,54,1128,2000.0,5047
11548,0.0,1.0,4.2,1741,42,20,637,1200.0,5047
11549,0.0,1.0,4.4,369,40,18,334,1000.0,5047
11550,1.0,1.0,4.9,2215,42,21,134,1500.0,5047
11551,0.0,1.0,4.7,3617,38,20,1325,1600.0,5047
11552,1.0,1.0,4.4,457,44,21,1156,1500.0,4322
11553,1.0,1.0,4.2,2620,42,20,514,1300.0,5047
11554,0.0,1.0,4.1,786,40,20,1375,1500.0,5047
11555,1.0,1.0,4.5,717,44,20,1009,1500.0,805
11556,0.0,0.0,3.8,4646,43,50,1304,2000.0,5047
11557,1.0,1.0,4.4,679,44,20,1381,1500.0,1856
11558,1.0,0.0,4.1,6914,42,20,1402,750.0,2105
11559,1.0,1.0,4.1,673,40,20,605,900.0,5047
11560,0.0,1.0,4.3,2245,42,20,609,1100.0,5047
11561,1.0,1.0,4.0,150,39,20,706,1100.0,1878
11562,1.0,1.0,4.0,1863,43,20,1156,600.0,5047
11563,1.0,0.0,3.9,455,43,20,521,1000.0,5047
11564,0.0,1.0,3.9,1389,42,46,718,1400.0,5047
11565,1.0,1.0,3.9,484,42,20,1427,700.0,5047
11566,0.0,1.0,4.2,117,44,20,1425,800.0,5047
11567,0.0,1.0,4.1,354,40,37,802,2000.0,5047
11568,0.0,1.0,4.3,104,44,20,1164,1000.0,5047
11569,0.0,0.0,3.8,38,43,20,1450,900.0,5047
11570,0.0,1.0,3.5,32,42,20,1196,1000.0,5047
11571,0.0,1.0,4.2,468,16,37,1171,3000.0,5047
11572,1.0,0.0,4.3,791,22,20,168,1000.0,5047
11573,1.0,0.0,4.5,217,22,20,1076,1200.0,5047
11574,1.0,1.0,4.2,217,16,20,808,1500.0,3746
11575,1.0,0.0,3.9,421,0,20,112,800.0,3647
11576,0.0,0.0,3.9,371,22,20,1587,400.0,5047
11577,1.0,0.0,3.3,292,22,20,208,600.0,5047
11578,1.0,1.0,3.9,224,22,20,1285,800.0,5047
11579,0.0,0.0,3.4,46,16,20,1156,1100.0,5047
11580,1.0,1.0,4.2,2714,40,13,404,1000.0,4141
11581,0.0,1.0,4.4,467,41,13,403,800.0,5047
11582,0.0,0.0,4.6,7113,41,13,335,600.0,5047
11583,1.0,1.0,4.4,9064,41,22,1468,600.0,3420
11584,0.0,0.0,4.4,1224,41,13,399,800.0,5047
11585,0.0,0.0,4.1,314,41,13,383,600.0,5047
11586,0.0,0.0,4.3,294,41,13,473,850.0,5047
11587,1.0,1.0,4.0,1236,41,13,332,700.0,3513
11588,1.0,0.0,4.2,168,41,13,427,700.0,2650
11589,1.0,0.0,4.1,65,41,16,462,700.0,4747
11590,1.0,1.0,4.0,1208,41,13,408,650.0,2982
11591,1.0,0.0,3.6,76,41,13,436,650.0,797
11592,0.0,0.0,4.0,236,41,13,436,500.0,5047
11593,0.0,0.0,3.6,36,41,13,332,300.0,5047
11594,1.0,0.0,3.7,52,41,13,473,450.0,3086
11595,0.0,0.0,4.7,14690,42,16,338,900.0,5047
11596,0.0,0.0,4.5,3838,42,13,469,800.0,5047
11597,0.0,0.0,4.1,2730,42,13,400,1300.0,5047
11598,1.0,0.0,4.4,360,43,13,493,500.0,3612
11599,1.0,0.0,4.0,67,45,13,382,400.0,1765
11600,0.0,0.0,4.4,168,42,17,467,600.0,5047
11601,1.0,0.0,4.4,2867,42,13,337,600.0,2283
11602,1.0,1.0,4.1,1850,38,13,343,600.0,626
11603,1.0,1.0,4.3,1804,42,22,660,900.0,4535
11604,1.0,0.0,4.5,2611,42,33,955,500.0,721
11605,1.0,0.0,4.1,3007,38,13,374,1000.0,5047
11606,1.0,0.0,4.2,174,43,13,332,600.0,2501
11607,1.0,0.0,4.4,946,42,13,435,900.0,4072
11608,1.0,1.0,4.2,493,42,13,389,800.0,3107
11609,0.0,1.0,4.3,1469,42,13,406,800.0,5047
11610,0.0,1.0,4.5,548,42,13,412,900.0,5047
11611,1.0,1.0,4.4,191,40,13,332,1000.0,833
11612,1.0,1.0,4.4,204,42,13,498,800.0,619
11613,0.0,0.0,4.1,2448,43,13,371,700.0,5047
11614,1.0,0.0,4.6,1026,44,17,431,550.0,3777
11615,0.0,0.0,4.2,1358,44,13,427,700.0,5047
11616,1.0,1.0,4.2,872,42,13,339,600.0,963
11617,0.0,1.0,4.2,815,43,13,397,800.0,5047
11618,1.0,0.0,4.1,778,38,13,383,700.0,192
11619,1.0,0.0,4.2,1063,42,13,394,800.0,3198
11620,1.0,0.0,4.5,341,42,33,779,300.0,5047
11621,1.0,0.0,4.1,86,43,13,427,700.0,376
11622,1.0,1.0,4.0,1513,40,13,383,900.0,5047
11623,1.0,0.0,4.1,306,44,13,414,600.0,496
11624,1.0,1.0,4.1,402,42,15,422,1200.0,1721
11625,1.0,0.0,4.1,991,43,13,404,600.0,1334
11626,1.0,1.0,4.2,1701,42,13,459,650.0,1349
11627,1.0,0.0,4.1,889,40,13,395,800.0,4658
11628,0.0,0.0,4.2,224,39,13,506,200.0,5047
11629,1.0,0.0,4.1,138,42,13,452,1200.0,5047
11630,1.0,0.0,4.2,100,44,33,781,900.0,530
11631,0.0,0.0,4.1,172,44,13,365,650.0,5047
11632,1.0,1.0,4.4,102,45,13,389,700.0,4848
11633,1.0,0.0,4.1,62,39,13,451,600.0,4468
11634,0.0,0.0,4.1,324,44,13,342,700.0,5047
11635,1.0,0.0,4.3,480,42,13,512,450.0,548
11636,0.0,0.0,4.1,367,44,13,332,350.0,5047
11637,0.0,0.0,3.8,289,45,33,784,500.0,5047
11638,1.0,0.0,3.7,107,43,62,370,400.0,1089
11639,1.0,0.0,4.0,201,42,13,406,800.0,5047
11640,1.0,0.0,4.1,93,42,13,383,600.0,3096
11641,0.0,0.0,3.8,63,44,14,428,600.0,5047
11642,1.0,1.0,4.1,152,43,62,378,600.0,3441
11643,1.0,0.0,4.1,506,43,13,381,600.0,5047
11644,0.0,0.0,3.8,47,42,13,455,600.0,5047
11645,0.0,0.0,4.2,130,42,13,383,800.0,5047
11646,1.0,0.0,4.0,275,40,13,332,500.0,149
11647,0.0,0.0,2.8,227,43,13,332,450.0,5047
11648,0.0,0.0,3.7,46,38,13,383,600.0,5047
11649,0.0,0.0,3.6,54,43,12,1652,250.0,5047
11650,1.0,0.0,4.2,414,42,13,429,700.0,5047
11651,1.0,0.0,3.8,231,38,13,394,600.0,4017
11652,0.0,1.0,4.0,1755,16,48,750,1600.0,5047
11653,0.0,0.0,4.6,1587,22,13,336,750.0,5047
11654,1.0,1.0,4.5,1880,0,13,394,900.0,1820
11655,1.0,0.0,4.3,1101,22,13,419,700.0,329
11656,0.0,0.0,4.3,128,22,22,159,800.0,5047
11657,0.0,0.0,2.6,49,22,13,436,450.0,5047
11658,1.0,0.0,3.6,42,0,13,401,600.0,3472
11659,1.0,0.0,3.7,59,22,13,443,600.0,1534
11660,0.0,0.0,3.6,61,0,13,332,500.0,5047
11661,1.0,0.0,4.6,1189,0,29,930,500.0,1056
11662,1.0,0.0,4.2,787,0,62,1597,300.0,2694
11663,1.0,0.0,4.0,58,22,72,1518,250.0,3882
11664,1.0,0.0,3.8,339,0,20,65,800.0,5047
11665,1.0,0.0,3.9,584,37,29,923,450.0,3287
11666,1.0,0.0,4.3,169,22,29,1156,400.0,563
11667,1.0,0.0,4.2,1285,0,20,105,900.0,3544
11668,1.0,0.0,3.8,376,0,62,1357,500.0,1255
11669,1.0,0.0,3.8,256,0,20,282,800.0,1277
11670,1.0,0.0,4.0,176,22,62,1644,100.0,2771
11671,1.0,0.0,4.1,499,41,62,1003,600.0,4855
11672,1.0,0.0,4.0,992,22,20,238,800.0,751
11673,1.0,0.0,4.0,206,0,70,1122,200.0,1660
11674,1.0,0.0,3.4,152,0,62,1046,400.0,1356
11675,1.0,0.0,4.1,319,38,29,1156,450.0,4327
11676,1.0,0.0,4.3,168,42,62,322,500.0,4978
11677,1.0,0.0,4.2,190,43,62,1645,300.0,2820
11678,1.0,0.0,4.0,293,43,45,1644,250.0,4544
11679,1.0,0.0,4.5,558,0,30,773,400.0,4494
11680,1.0,0.0,4.2,385,38,72,1181,500.0,1883
11681,1.0,0.0,4.2,462,22,72,1392,500.0,1891
11682,1.0,0.0,3.7,216,0,62,1038,200.0,2381
11683,1.0,0.0,4.1,357,22,62,323,600.0,3355
11684,1.0,0.0,3.9,331,0,13,1195,200.0,2302
11685,1.0,0.0,4.1,1959,43,20,201,650.0,5047
11686,1.0,0.0,3.5,738,0,20,47,600.0,1248
11687,1.0,0.0,3.5,98,45,0,181,400.0,2090
11688,1.0,0.0,3.3,910,38,62,1177,250.0,4922
11689,1.0,0.0,4.1,212,45,9,224,150.0,3497
11690,0.0,0.0,3.9,626,42,20,558,600.0,5047
11691,1.0,0.0,3.6,137,22,72,285,300.0,1378
11692,1.0,0.0,4.4,102,37,29,1184,400.0,1359
11693,1.0,0.0,3.9,341,22,62,1582,400.0,1123
11694,1.0,0.0,4.0,412,42,62,84,300.0,1747
11695,1.0,0.0,4.3,3614,43,62,1635,400.0,2960
11696,1.0,0.0,4.0,138,45,62,1609,250.0,3166
11697,1.0,0.0,3.9,229,38,72,1196,250.0,3548
11698,1.0,0.0,3.9,303,16,62,1063,300.0,2006
11699,1.0,0.0,4.3,1588,42,20,152,550.0,4845
11700,1.0,0.0,4.6,277,42,30,956,400.0,764
11701,1.0,0.0,4.1,200,0,62,1156,300.0,2784
11702,1.0,0.0,4.1,1962,43,62,1110,600.0,4790
11703,1.0,0.0,4.0,88,22,72,1056,400.0,2107
11704,1.0,1.0,3.4,411,22,20,1375,750.0,2046
11705,1.0,0.0,4.2,426,38,62,266,250.0,2926
11706,1.0,0.0,3.7,477,0,62,1235,450.0,4045
11707,1.0,1.0,4.4,3766,22,22,1468,600.0,2238
11708,1.0,0.0,4.2,556,42,62,1672,400.0,3766
11709,1.0,0.0,3.8,1076,0,20,235,500.0,1325
11710,1.0,0.0,3.1,382,22,62,1507,600.0,3796
11711,1.0,0.0,4.2,467,0,62,1060,400.0,3702
11712,1.0,0.0,3.9,65,0,62,235,700.0,1836
11713,1.0,0.0,3.9,89,42,62,1381,400.0,1000
11714,1.0,0.0,4.1,130,0,62,1156,150.0,1920
11715,1.0,0.0,3.9,490,43,20,1474,750.0,4226
11716,1.0,0.0,3.9,783,22,62,1196,300.0,4441
11717,1.0,0.0,4.0,317,22,12,1652,250.0,441
11718,1.0,0.0,3.7,646,22,62,322,400.0,5047
11719,1.0,0.0,3.4,355,18,62,1156,350.0,2788
11720,1.0,0.0,4.2,848,22,62,1595,300.0,2788
11721,1.0,0.0,4.2,1076,42,69,1121,400.0,3950
11722,1.0,0.0,3.9,297,41,72,1156,400.0,294
11723,1.0,0.0,4.1,314,38,72,933,650.0,2919
11724,1.0,0.0,3.8,348,22,62,1156,300.0,189
11725,1.0,0.0,3.9,421,0,20,112,800.0,3646
11726,1.0,0.0,3.9,189,0,62,294,600.0,732
11727,1.0,0.0,3.9,148,22,69,1121,200.0,286
11728,1.0,0.0,4.2,592,22,20,1300,550.0,1405
11729,1.0,0.0,3.9,325,43,20,43,500.0,1064
11730,1.0,0.0,4.3,891,16,29,181,500.0,702
11731,1.0,0.0,4.1,360,42,72,264,400.0,987
11732,1.0,0.0,2.8,213,58,29,1469,300.0,1072
11733,1.0,0.0,4.2,703,44,30,182,450.0,2941
11734,1.0,0.0,4.0,357,45,29,235,650.0,1997
11735,1.0,0.0,3.9,57,0,62,282,300.0,2391
11736,1.0,0.0,4.1,71,22,30,959,400.0,4004
11737,1.0,0.0,3.6,144,22,62,1547,150.0,106
11738,1.0,1.0,4.1,2726,0,20,296,800.0,4383
11739,1.0,0.0,3.4,137,0,72,282,500.0,2396
11740,1.0,0.0,3.9,260,0,20,50,500.0,1109
11741,1.0,0.0,4.3,283,22,62,1547,150.0,2419
11742,1.0,0.0,4.0,326,22,29,1637,200.0,5047
11743,1.0,0.0,4.1,192,45,29,1465,750.0,2177
11744,1.0,0.0,4.1,382,0,62,84,250.0,4063
11745,1.0,0.0,4.1,130,22,30,773,350.0,4145
11746,1.0,0.0,3.8,884,0,62,1356,500.0,2369
11747,1.0,0.0,3.8,99,0,20,1589,350.0,3411
11748,1.0,0.0,3.9,124,22,20,301,600.0,4598
11749,1.0,0.0,3.8,510,22,62,322,500.0,3383
11750,1.0,0.0,3.7,382,42,20,1037,600.0,5019
11751,1.0,0.0,3.4,47,0,62,1636,200.0,3832
11752,1.0,0.0,4.1,1128,16,29,271,650.0,1737
11753,1.0,0.0,3.9,52,0,62,1589,300.0,5047
11754,1.0,0.0,4.0,65,22,20,1591,300.0,120
11755,1.0,0.0,3.9,183,0,62,1497,300.0,4674
11756,1.0,0.0,3.1,332,16,20,1196,500.0,4801
11757,1.0,0.0,4.3,338,42,20,555,800.0,1397
11758,1.0,0.0,2.9,67,0,20,1460,500.0,3823
11759,1.0,0.0,3.9,499,43,62,1638,300.0,66
11760,1.0,0.0,3.1,53,38,62,817,100.0,5047
11761,1.0,0.0,3.9,468,0,20,112,750.0,1245
11762,1.0,0.0,3.9,101,0,20,558,600.0,4707
11763,1.0,0.0,4.0,457,43,29,932,500.0,691
11764,1.0,0.0,4.2,105,0,62,537,300.0,3772
11765,1.0,0.0,4.1,414,44,12,1026,300.0,2531
11766,1.0,0.0,4.0,269,42,45,1677,300.0,2146
11767,1.0,0.0,4.1,511,43,30,789,500.0,1645
11768,1.0,0.0,4.0,182,22,29,609,600.0,4668
11769,1.0,0.0,4.1,889,40,13,395,800.0,4657
11770,1.0,0.0,4.0,114,0,62,591,400.0,1748
11771,1.0,0.0,3.9,47,22,30,211,400.0,1691
11772,1.0,0.0,4.3,653,43,62,1547,250.0,357
11773,1.0,0.0,3.9,99,30,62,1547,200.0,2683
11774,1.0,0.0,3.9,191,0,62,256,300.0,1558
11775,1.0,0.0,4.6,119,38,30,773,300.0,319
11776,1.0,0.0,2.8,152,44,20,1206,700.0,1342
11777,1.0,0.0,4.1,93,22,20,989,700.0,13
11778,1.0,1.0,4.3,548,42,26,1265,1000.0,3047
11779,1.0,0.0,3.6,218,22,62,252,400.0,5047
11780,1.0,0.0,3.6,176,22,29,259,400.0,3781
11781,1.0,0.0,3.8,99,38,20,1156,500.0,311
11782,1.0,0.0,4.0,52,22,62,197,450.0,3938
11783,1.0,0.0,3.5,47,16,29,313,300.0,4640
11784,1.0,0.0,4.0,85,0,62,856,400.0,2550
11785,1.0,0.0,4.4,798,22,13,375,700.0,428
11786,1.0,0.0,4.3,723,42,62,817,400.0,3861
11787,1.0,0.0,4.2,701,41,29,1181,450.0,1327
11788,1.0,0.0,3.9,369,22,20,50,550.0,2472
11789,1.0,0.0,4.8,187,42,30,767,400.0,5047
11790,1.0,0.0,3.6,218,0,20,286,600.0,4947
11791,1.0,0.0,4.1,93,42,13,383,600.0,3095
11792,1.0,0.0,3.9,462,22,62,262,600.0,4613
11793,1.0,0.0,3.9,232,38,29,1106,400.0,1707
11794,1.0,0.0,4.3,190,41,0,181,400.0,2085
11795,1.0,0.0,3.6,95,38,62,1335,300.0,4087
11796,1.0,0.0,4.4,537,58,29,769,600.0,2078
11797,1.0,0.0,4.0,402,22,30,956,450.0,613
11798,1.0,0.0,3.9,150,22,30,773,300.0,773
11799,1.0,0.0,3.0,39,22,20,1156,450.0,1904
11800,1.0,0.0,3.9,45,22,13,432,300.0,1644
11801,1.0,0.0,3.7,186,0,62,858,400.0,1139
11802,1.0,1.0,4.2,1701,42,13,459,650.0,1349
11803,1.0,0.0,3.7,118,0,62,266,400.0,2015
11804,1.0,0.0,4.5,341,42,33,779,300.0,5047
11805,1.0,1.0,4.4,1804,41,20,1678,1000.0,4519
11806,1.0,0.0,4.2,530,44,62,1669,450.0,5047
11807,1.0,0.0,4.3,245,42,62,1668,600.0,1146
11808,1.0,0.0,3.8,140,42,62,1591,200.0,3247
11809,1.0,1.0,3.9,488,0,13,710,700.0,5047
11810,1.0,0.0,4.1,191,41,30,767,300.0,3973
11811,1.0,0.0,3.3,292,22,20,208,600.0,5047
11812,1.0,1.0,4.2,493,42,13,389,800.0,3107
11813,1.0,0.0,3.7,59,22,13,443,600.0,1534
11814,1.0,0.0,4.1,163,22,30,767,400.0,1629
11815,1.0,1.0,4.5,804,0,20,716,800.0,1040
11816,1.0,0.0,3.5,221,0,70,1119,400.0,325
11817,1.0,0.0,3.7,130,38,21,624,1200.0,1957
11818,1.0,0.0,4.1,86,43,13,427,700.0,376
11819,1.0,1.0,4.4,204,42,13,498,800.0,619
11820,1.0,0.0,4.1,613,44,20,161,500.0,1431
11821,1.0,0.0,3.0,64,16,30,794,200.0,3062
11822,1.0,0.0,3.7,328,0,72,1185,500.0,4857
11823,1.0,0.0,4.5,2611,42,33,955,500.0,721
11824,1.0,1.0,4.1,1061,22,21,992,1200.0,3258
11825,1.0,0.0,4.1,1115,42,20,289,750.0,4393
11826,1.0,0.0,4.2,55,42,9,210,400.0,534
11827,1.0,0.0,3.8,53,44,62,917,350.0,3236
11828,1.0,0.0,4.0,36,0,32,775,300.0,498
11829,1.0,0.0,4.6,1026,44,17,431,550.0,5047
11830,1.0,0.0,4.1,441,22,13,394,750.0,4749
11831,1.0,0.0,3.9,163,22,62,1597,300.0,108
11832,1.0,0.0,3.8,66,42,20,98,800.0,4601
11833,1.0,0.0,4.1,205,42,62,817,250.0,261
11834,1.0,0.0,4.6,4686,44,46,32,1500.0,1532
11835,1.0,0.0,4.0,958,44,20,1669,500.0,1322
11836,1.0,0.0,4.2,53,42,30,773,400.0,1932
11837,1.0,0.0,3.8,77,22,62,1460,350.0,3323
11838,1.0,0.0,3.2,64,0,62,1268,250.0,4805
11839,1.0,0.0,3.7,197,22,62,1571,400.0,2703
11840,1.0,0.0,3.5,235,22,62,1600,400.0,2690
11841,1.0,0.0,3.9,106,44,29,918,600.0,2977
11842,1.0,0.0,4.0,71,22,69,1121,200.0,674
11843,1.0,0.0,3.5,117,22,20,58,600.0,344
11844,1.0,1.0,4.2,872,22,16,510,800.0,3057
11845,1.0,0.0,2.9,321,16,20,1252,1000.0,752
11846,1.0,0.0,4.3,3455,44,20,1156,600.0,2480
11847,1.0,1.0,4.0,1208,41,13,408,650.0,2981
11848,1.0,0.0,4.2,174,43,13,332,600.0,2501
11849,1.0,0.0,4.2,821,43,20,1156,1000.0,3791
11850,1.0,0.0,3.4,277,0,66,1455,250.0,167
11851,1.0,0.0,4.0,138,22,20,625,750.0,4275
11852,1.0,0.0,4.0,168,42,11,778,400.0,2536
11853,1.0,0.0,3.3,394,44,62,1156,400.0,3559
11854,1.0,0.0,3.9,113,22,62,323,600.0,2767
11855,1.0,0.0,3.9,106,22,62,1547,150.0,738
11856,1.0,1.0,4.2,1542,0,20,1054,800.0,2387
11857,1.0,0.0,3.1,89,0,62,1374,350.0,2916
11858,1.0,0.0,4.1,95,0,29,1113,600.0,1499
11859,1.0,0.0,3.9,462,16,20,1219,600.0,983
11860,1.0,0.0,4.0,186,44,2,188,500.0,2084
11861,1.0,0.0,3.2,166,16,62,1476,600.0,3486
11862,1.0,0.0,3.8,80,22,62,1465,800.0,4828
11863,1.0,0.0,3.9,171,0,62,1063,300.0,210
11864,1.0,0.0,4.1,61,42,30,792,450.0,1744
11865,1.0,0.0,4.2,1023,22,30,773,500.0,816
11866,1.0,0.0,4.3,279,44,62,1156,450.0,291
11867,1.0,0.0,4.1,321,43,62,1156,600.0,4377
11868,1.0,0.0,4.2,289,3,62,6,400.0,4030
11869,1.0,0.0,3.7,34,22,72,232,400.0,2993
11870,1.0,0.0,4.3,480,42,13,512,450.0,548
11871,1.0,0.0,3.9,717,22,20,977,1000.0,1978
11872,1.0,0.0,4.2,533,42,20,600,600.0,4877
11873,1.0,1.0,3.9,74,0,20,1277,900.0,2093
11874,1.0,0.0,4.1,138,42,13,452,1200.0,5047
11875,1.0,0.0,4.3,219,38,62,1075,300.0,3809
11876,0.0,0.0,4.4,1224,41,13,399,800.0,5047
11877,1.0,0.0,4.0,779,43,20,1005,750.0,5047
11878,1.0,0.0,3.9,151,41,41,1670,400.0,4993
11879,1.0,0.0,3.1,266,22,20,517,550.0,1841
11880,1.0,0.0,3.7,439,22,72,282,550.0,3439
11881,1.0,0.0,3.7,215,42,62,1628,200.0,5047
11882,1.0,0.0,3.9,138,0,62,1327,300.0,5047
11883,1.0,0.0,3.6,42,0,13,401,600.0,3472
11884,1.0,1.0,4.1,221,42,20,1239,600.0,2216
11885,1.0,0.0,3.9,374,38,20,235,750.0,5047
11886,1.0,0.0,4.0,229,42,30,956,500.0,2607
11887,1.0,0.0,3.9,97,18,62,202,500.0,5047
11888,1.0,0.0,3.9,554,44,62,818,600.0,1148
11889,1.0,0.0,4.0,567,43,62,1474,400.0,3138
11890,1.0,0.0,4.2,71,22,62,1467,400.0,4508
11891,1.0,0.0,3.7,85,22,62,265,350.0,2827
11892,1.0,0.0,4.0,76,38,0,181,500.0,1594
11893,1.0,0.0,4.2,310,0,29,1045,600.0,180
11894,1.0,1.0,4.3,342,41,62,790,450.0,4036
11895,1.0,0.0,3.7,91,22,0,181,400.0,5047
11896,1.0,0.0,4.0,67,45,13,382,400.0,1765
11897,1.0,0.0,3.9,88,22,62,817,250.0,5047
11898,1.0,1.0,4.2,325,44,20,1205,800.0,213
11899,1.0,0.0,4.0,76,38,62,1511,300.0,3076
11900,1.0,1.0,4.5,255,41,20,1008,1300.0,2349
11901,1.0,0.0,3.9,69,42,12,1023,150.0,5047
11902,1.0,1.0,4.0,85,22,17,431,500.0,5047
11903,1.0,0.0,3.8,38,41,29,282,600.0,3001
11904,1.0,0.0,4.2,600,44,30,773,900.0,522
11905,1.0,0.0,3.9,688,0,20,1156,500.0,3614
11906,1.0,0.0,4.2,62,22,45,817,200.0,5047
11907,1.0,0.0,4.0,164,22,62,86,500.0,5047
11908,1.0,1.0,4.5,717,44,20,1009,1500.0,805
11909,1.0,0.0,3.2,49,42,62,120,300.0,5047
11910,1.0,0.0,4.2,50,45,29,181,500.0,1619
11911,1.0,0.0,3.9,110,42,30,950,200.0,3386
11912,1.0,0.0,3.5,177,0,62,203,500.0,2064
11913,1.0,0.0,3.6,90,44,62,826,500.0,3019
11914,1.0,0.0,4.0,131,0,30,949,230.0,3239
11915,1.0,0.0,4.1,187,22,9,215,400.0,1751
11916,1.0,0.0,4.0,205,0,14,350,500.0,3976
11917,1.0,0.0,3.9,77,16,32,773,300.0,5047
11918,1.0,0.0,3.9,122,58,62,217,250.0,5047
11919,1.0,1.0,4.4,679,44,20,1381,1500.0,5047
11920,1.0,0.0,4.0,165,42,29,44,300.0,5047
11921,1.0,0.0,3.7,259,42,20,1139,750.0,5047
11922,1.0,0.0,3.8,63,0,62,203,300.0,177
11923,1.0,0.0,3.4,95,42,62,96,200.0,5047
11924,1.0,1.0,3.5,59,22,20,1279,700.0,3164
11925,1.0,0.0,4.4,946,42,13,435,900.0,5047
11926,1.0,0.0,4.1,41,16,31,769,400.0,3971
11927,1.0,1.0,4.5,3944,42,25,713,1600.0,493
11928,1.0,0.0,4.0,188,38,29,171,300.0,2509
11929,1.0,0.0,3.4,34,22,13,436,900.0,786
11930,1.0,0.0,4.1,270,38,62,132,500.0,4506
11931,1.0,0.0,3.8,212,22,62,1027,200.0,5047
11932,1.0,0.0,3.9,660,42,20,616,500.0,1070
11933,1.0,0.0,4.0,463,45,62,1190,500.0,1028
11934,1.0,0.0,3.2,909,42,20,1381,600.0,1421
11935,1.0,1.0,4.1,1785,42,57,881,1200.0,2233
11936,1.0,0.0,3.8,257,37,29,1196,300.0,3289
11937,1.0,0.0,3.8,206,22,1,657,600.0,5047
11938,1.0,0.0,3.8,209,0,19,370,400.0,316
11939,1.0,0.0,3.6,207,42,20,1050,500.0,5047
11940,1.0,0.0,4.1,724,43,29,1477,700.0,4808
11941,1.0,0.0,4.0,63,42,62,228,150.0,2189
11942,1.0,0.0,3.9,59,41,62,1416,300.0,323
11943,1.0,0.0,2.4,438,22,20,521,1000.0,4781
11944,1.0,0.0,3.8,214,44,20,1354,700.0,1419
11945,1.0,0.0,4.1,121,22,62,1578,200.0,5047
11946,1.0,0.0,2.8,261,22,20,1040,700.0,948
11947,1.0,0.0,4.3,324,22,30,956,180.0,349
11948,1.0,0.0,4.1,673,22,62,1002,450.0,5047
11949,1.0,0.0,3.9,61,22,62,1336,400.0,5047
11950,1.0,0.0,3.6,108,16,62,1589,40.0,5047
11951,1.0,0.0,3.7,60,42,62,1156,200.0,2051
11952,1.0,0.0,3.9,237,42,62,1551,200.0,5047
11953,1.0,0.0,4.1,62,39,13,451,600.0,5047
11954,1.0,1.0,4.2,344,42,20,1156,700.0,4184
11955,1.0,0.0,3.7,310,22,20,197,600.0,5047
11956,1.0,0.0,3.8,265,44,20,1154,650.0,5047
11957,1.0,0.0,3.5,888,44,20,1375,650.0,5047
11958,1.0,0.0,3.6,74,42,20,197,700.0,4907
11959,1.0,0.0,3.9,97,0,62,967,1000.0,1794
11960,1.0,0.0,3.9,55,22,66,650,300.0,1597
11961,1.0,0.0,3.9,206,22,14,356,600.0,1969
11962,1.0,0.0,4.2,971,42,62,1547,200.0,5047
11963,1.0,0.0,3.9,45,43,62,621,550.0,2534
11964,1.0,1.0,4.2,1149,22,20,1018,1800.0,436
11965,1.0,0.0,3.8,191,22,62,1573,250.0,1671
11966,1.0,0.0,3.7,483,41,20,761,800.0,1344
11967,1.0,1.0,4.1,723,22,13,418,950.0,4025
11968,0.0,0.0,4.3,294,41,13,473,850.0,5047
11969,1.0,0.0,4.0,515,44,20,562,750.0,5047
11970,1.0,0.0,3.9,93,22,12,1652,250.0,1944
11971,1.0,1.0,4.5,1880,0,13,394,900.0,5047
11972,0.0,0.0,3.9,1160,41,20,517,650.0,5047
11973,1.0,1.0,3.9,603,22,20,1092,1000.0,3878
11974,1.0,1.0,4.4,385,42,21,1108,1500.0,1731
11975,1.0,1.0,4.2,1910,22,49,889,1500.0,4454
11976,1.0,0.0,4.2,166,42,62,817,300.0,5047
11977,1.0,0.0,3.9,1139,42,20,1352,500.0,5047
11978,1.0,0.0,3.8,615,0,13,472,600.0,5047
11979,1.0,0.0,4.0,76,40,62,1602,300.0,5047
11980,1.0,0.0,3.6,69,42,62,1670,250.0,4262
11981,1.0,1.0,4.4,191,40,13,332,1000.0,5047
11982,0.0,1.0,4.2,1739,41,57,539,1400.0,5047
11983,1.0,0.0,3.8,174,22,62,1475,400.0,5047
11984,1.0,1.0,4.3,2569,42,4,688,1200.0,5047
11985,0.0,1.0,4.1,778,41,21,50,800.0,5047
11986,1.0,0.0,4.0,575,38,20,208,600.0,5047
11987,1.0,1.0,4.1,734,22,13,405,1200.0,5047
11988,1.0,0.0,4.1,778,38,13,383,700.0,5047
11989,1.0,0.0,3.9,1247,22,21,1102,1400.0,5047
11990,1.0,0.0,3.6,97,38,62,1039,300.0,5047
11991,1.0,1.0,4.4,344,42,21,541,1000.0,399
11992,1.0,0.0,3.8,153,44,29,1296,500.0,5047
11993,1.0,0.0,4.1,65,41,16,462,700.0,5047
11994,1.0,0.0,4.3,65,42,30,1676,250.0,430
11995,1.0,0.0,3.9,393,44,20,911,750.0,5047
11996,1.0,0.0,3.9,668,22,20,292,800.0,5047
11997,1.0,0.0,4.4,149,42,72,214,350.0,3974
11998,0.0,1.0,4.4,467,41,13,403,800.0,5047
11999,1.0,0.0,3.2,68,22,20,1619,400.0,5047
12000,1.0,0.0,3.8,64,22,62,64,500.0,335
12001,1.0,0.0,3.8,41,44,62,235,200.0,5047
12002,1.0,0.0,4.2,106,24,62,233,300.0,5047
12003,1.0,0.0,4.2,115,0,12,217,400.0,5047
12004,1.0,0.0,3.9,34,18,62,1156,300.0,3546
12005,1.0,0.0,4.3,81,22,20,268,650.0,5047
12006,1.0,1.0,4.4,457,44,21,1156,1500.0,4322
12007,1.0,0.0,3.8,63,24,62,866,350.0,5047
12008,1.0,0.0,4.3,1101,22,13,419,700.0,5047
12009,1.0,1.0,4.2,1175,41,57,883,1300.0,5047
12010,1.0,1.0,4.2,1621,41,20,1512,1500.0,3739
12011,1.0,0.0,3.8,473,42,20,1597,500.0,5047
12012,1.0,0.0,3.7,100,0,13,488,700.0,2517
12013,1.0,0.0,3.8,76,42,62,202,500.0,4258
12014,1.0,0.0,4.1,464,0,13,344,500.0,5047
12015,1.0,0.0,4.2,1063,42,13,394,800.0,5047
12016,1.0,0.0,4.1,132,22,20,1156,650.0,5047
12017,1.0,0.0,2.8,137,0,62,1451,300.0,5047
12018,1.0,1.0,4.2,872,42,13,339,600.0,5047
12019,1.0,1.0,4.2,2714,40,13,404,1000.0,5047
12020,1.0,0.0,4.0,197,41,62,1156,500.0,2441
12021,1.0,0.0,3.7,127,18,72,849,300.0,2229
12022,1.0,0.0,3.7,92,22,0,181,350.0,5047
12023,1.0,0.0,3.7,829,22,20,1079,850.0,5047
12024,1.0,0.0,3.9,203,0,62,1451,300.0,5047
12025,1.0,1.0,4.0,391,22,16,421,1300.0,5047
12026,1.0,0.0,2.8,137,38,62,1156,500.0,2437
12027,1.0,0.0,2.8,414,58,20,1145,700.0,1006
12028,1.0,1.0,4.0,540,22,20,1156,600.0,5047
12029,1.0,0.0,2.9,330,16,29,1002,600.0,898
12030,1.0,1.0,4.0,1386,44,20,674,1100.0,5047
12031,1.0,0.0,3.6,192,0,29,917,450.0,5047
12032,1.0,0.0,3.6,74,42,62,323,600.0,3230
12033,1.0,0.0,3.2,51,22,29,1196,600.0,2235
12034,1.0,0.0,4.4,7227,42,20,304,600.0,662
12035,1.0,0.0,3.8,149,42,20,277,600.0,4969
12036,1.0,1.0,4.0,1236,41,13,332,700.0,5047
12037,1.0,1.0,4.1,1850,38,13,343,600.0,5047
12038,1.0,0.0,3.7,70,43,12,224,250.0,5047
12039,1.0,1.0,3.8,503,22,16,391,700.0,5047
12040,1.0,1.0,4.2,294,42,20,1532,800.0,2954
12041,1.0,0.0,3.9,331,38,20,604,600.0,4942
12042,1.0,0.0,4.0,188,0,62,43,400.0,5047
12043,1.0,0.0,3.7,69,0,29,83,400.0,5047
12044,1.0,0.0,2.9,95,0,29,1432,700.0,1182
12045,1.0,0.0,3.9,356,22,20,1267,450.0,2831
12046,1.0,0.0,4.5,217,22,20,1076,1200.0,5047
12047,1.0,0.0,3.9,337,22,62,1196,500.0,1145
12048,1.0,0.0,4.0,100,44,30,175,150.0,5047
12049,1.0,0.0,3.9,455,43,20,521,1000.0,5047
12050,1.0,1.0,4.3,1804,42,22,660,900.0,4533
12051,1.0,0.0,3.9,214,0,20,1240,600.0,5047
12052,1.0,0.0,3.9,79,44,30,956,800.0,4474
12053,1.0,0.0,4.1,56,42,62,817,500.0,5047
12054,1.0,1.0,4.1,1340,22,20,1375,800.0,5047
12055,1.0,0.0,4.2,168,41,13,427,700.0,5047
12056,1.0,0.0,3.8,331,22,62,1156,350.0,5047
12057,1.0,0.0,4.1,3007,38,13,374,1000.0,5047
12058,1.0,1.0,4.2,1368,44,21,123,1400.0,5047
12059,1.0,0.0,3.8,44,44,62,832,400.0,4937
12060,1.0,1.0,4.4,102,45,13,389,700.0,5047
12061,1.0,1.0,4.0,235,42,20,1141,800.0,4277
12062,1.0,0.0,3.9,187,45,62,563,400.0,1318
12063,1.0,1.0,4.0,150,39,20,706,1100.0,5047
12064,1.0,0.0,2.8,102,3,62,1196,350.0,5047
12065,1.0,0.0,3.5,33,43,69,1117,250.0,5047
12066,1.0,0.0,3.9,213,43,62,317,400.0,2259
12067,1.0,0.0,4.0,70,44,30,767,400.0,5047
12068,1.0,0.0,3.9,119,22,20,303,900.0,5047
12069,1.0,0.0,4.0,457,38,20,1156,650.0,5047
12070,0.0,0.0,3.7,61,0,69,1116,250.0,5047
12071,1.0,0.0,4.0,61,43,62,986,400.0,5047
12072,1.0,0.0,3.7,180,0,62,1196,400.0,5047
12073,1.0,0.0,4.1,57,38,12,1023,200.0,5047
12074,1.0,0.0,3.9,1189,0,62,1196,500.0,5047
12075,1.0,0.0,4.3,376,22,20,30,700.0,5047
12076,1.0,0.0,3.8,94,38,20,1253,600.0,5047
12077,1.0,0.0,3.5,323,38,62,1077,500.0,5047
12078,1.0,1.0,4.4,2389,41,20,1083,1000.0,5047
12079,1.0,0.0,3.6,72,43,62,1109,200.0,5047
12080,1.0,1.0,4.2,217,16,20,808,1500.0,5047
12081,1.0,0.0,3.8,273,0,20,1310,900.0,5047
12082,1.0,1.0,4.1,402,42,15,422,1200.0,5047
12083,1.0,0.0,2.3,298,7,62,286,450.0,1181
12084,1.0,0.0,3.7,52,41,13,473,450.0,5047
12085,1.0,0.0,4.1,506,43,13,381,600.0,5047
12086,1.0,0.0,4.4,1290,22,62,1156,400.0,5047
12087,1.0,0.0,3.1,97,58,62,1196,450.0,5047
12088,1.0,0.0,3.7,434,41,62,1423,400.0,5047
12089,1.0,0.0,3.9,64,42,62,1072,300.0,5047
12090,1.0,0.0,3.8,74,41,20,700,750.0,5047
12091,1.0,0.0,3.8,127,0,62,1196,400.0,5047
12092,1.0,0.0,3.8,258,22,20,1552,600.0,5047
12093,1.0,0.0,4.0,758,24,62,1156,250.0,5047
12094,1.0,0.0,4.1,991,43,13,404,600.0,5047
12095,1.0,0.0,4.5,2071,22,20,1626,1200.0,5047
12096,1.0,0.0,4.0,611,22,20,124,800.0,5047
12097,1.0,0.0,2.7,73,0,20,565,600.0,5047
12098,1.0,0.0,3.8,83,22,62,578,400.0,5047
12099,1.0,0.0,3.9,522,41,20,609,500.0,5047
12100,1.0,0.0,4.0,870,0,29,250,500.0,5047
12101,1.0,0.0,3.5,304,22,72,287,400.0,5047
12102,1.0,0.0,3.8,88,22,20,638,600.0,5047
12103,1.0,1.0,4.1,256,41,20,1149,750.0,5047
12104,1.0,0.0,3.7,141,22,20,54,500.0,5047
12105,1.0,0.0,4.4,2867,42,13,337,600.0,5047
12106,1.0,0.0,3.8,123,42,0,181,400.0,5047
12107,1.0,1.0,3.9,597,41,4,899,1200.0,5047
12108,1.0,0.0,2.8,189,22,20,1196,400.0,5047
12109,1.0,0.0,3.8,283,22,62,286,400.0,5047
12110,1.0,0.0,3.6,485,22,16,476,700.0,5047
12111,1.0,0.0,4.2,163,22,62,235,300.0,5047
12112,1.0,0.0,3.8,231,38,13,394,600.0,5047
12113,1.0,1.0,3.9,143,41,20,665,1000.0,5047
12114,1.0,0.0,3.5,125,22,20,1558,550.0,5047
12115,0.0,1.0,4.3,162,41,20,526,800.0,5047
12116,0.0,0.0,4.1,445,41,30,180,400.0,5047
12117,1.0,0.0,3.7,61,0,62,831,350.0,5047
12118,1.0,0.0,3.6,71,0,62,1248,350.0,5047
12119,1.0,1.0,4.9,2217,42,21,134,1500.0,5047
12120,1.0,0.0,4.1,306,44,13,414,600.0,5047
12121,1.0,0.0,4.1,67,43,20,1090,1000.0,5047
12122,1.0,0.0,3.7,455,22,72,1196,400.0,5047
12123,1.0,0.0,3.9,121,38,62,1209,400.0,5047
12124,1.0,0.0,3.9,85,44,62,1156,400.0,5047
12125,0.0,0.0,2.5,547,41,20,1156,450.0,5047
12126,1.0,1.0,4.1,1326,22,20,1319,800.0,5047
12127,1.0,0.0,3.8,178,38,20,1335,800.0,5047
12128,1.0,1.0,3.9,202,22,13,492,500.0,5047
12129,1.0,1.0,4.5,1888,38,21,1430,1200.0,5047
12130,1.0,0.0,3.0,137,75,71,1341,650.0,5047
12131,1.0,0.0,3.6,165,40,20,1196,500.0,5047
12132,1.0,1.0,3.7,291,41,20,69,750.0,5047
12133,1.0,1.0,3.9,161,22,24,1296,900.0,5047
12134,1.0,0.0,3.6,59,22,29,1339,300.0,5047
12135,1.0,0.0,3.5,74,43,20,1028,600.0,5047
12136,1.0,1.0,3.8,1168,22,20,1057,600.0,5047
12137,1.0,0.0,4.3,791,22,20,168,1000.0,5047
12138,1.0,1.0,4.0,795,44,20,1156,900.0,5047
12139,0.0,0.0,4.1,724,41,31,769,300.0,5047
12140,1.0,0.0,3.8,57,44,20,1531,700.0,5047
12141,1.0,0.0,3.9,71,0,20,1165,1000.0,5047
12142,1.0,1.0,3.7,113,22,20,1196,800.0,5047
12143,1.0,0.0,3.8,48,45,62,1196,300.0,5047
12144,1.0,1.0,3.7,109,42,20,1196,900.0,5047
12145,0.0,0.0,3.9,220,41,62,1156,250.0,5047
12146,1.0,0.0,3.9,475,43,20,1459,600.0,5047
12147,0.0,0.0,2.8,289,41,20,1597,250.0,5047
12148,1.0,1.0,4.1,221,41,20,1156,1000.0,5047
12149,1.0,0.0,3.8,117,0,20,1181,600.0,5047
12150,1.0,1.0,4.1,152,43,62,378,600.0,5047
12151,1.0,0.0,3.9,450,22,20,1209,550.0,5047
12152,1.0,1.0,3.9,535,22,20,76,900.0,5047
12153,0.0,0.0,2.8,53,41,3,191,600.0,5047
12154,1.0,1.0,4.5,3156,42,21,1233,1500.0,5047
12155,1.0,0.0,2.8,79,16,62,1235,300.0,5047
12156,1.0,1.0,4.0,404,22,20,1555,800.0,5047
12157,1.0,0.0,3.9,95,38,62,1327,350.0,5047
12158,1.0,0.0,4.0,684,42,62,617,250.0,5047
12159,1.0,0.0,3.0,61,0,13,332,650.0,5047
12160,1.0,0.0,4.1,37,44,35,787,500.0,5047
12161,1.0,0.0,4.0,314,42,20,610,800.0,5047
12162,1.0,1.0,4.4,3673,42,20,606,1400.0,5047
12163,1.0,0.0,2.9,361,22,20,1197,450.0,5047
12164,0.0,0.0,3.7,99,41,29,1002,700.0,5047
12165,1.0,0.0,3.9,823,42,20,558,750.0,5047
12166,1.0,0.0,4.1,293,43,62,328,600.0,5047
12167,1.0,0.0,4.1,1003,42,20,1388,700.0,5047
12168,1.0,0.0,4.0,211,41,62,749,400.0,5047
12169,1.0,0.0,3.9,49,41,62,1567,400.0,5047
12170,0.0,0.0,3.8,31,41,29,1588,400.0,5047
12171,1.0,0.0,4.0,201,42,13,406,800.0,5047
12172,1.0,0.0,3.9,226,38,29,1429,450.0,5047
12173,1.0,1.0,4.5,3467,42,20,1400,1300.0,5047
12174,1.0,0.0,3.6,82,38,62,1505,400.0,5047
12175,1.0,1.0,3.9,224,22,20,1285,800.0,5047
12176,1.0,0.0,4.0,529,18,29,314,350.0,5047
12177,1.0,1.0,3.9,484,42,20,1427,700.0,5047
12178,1.0,1.0,4.2,2620,42,20,514,1300.0,5047
12179,1.0,0.0,4.1,845,43,20,1534,700.0,5047
12180,1.0,0.0,3.6,119,58,20,565,550.0,5047
12181,1.0,0.0,3.7,502,38,29,1423,500.0,5047
12182,1.0,0.0,4.0,1110,41,29,1209,500.0,5047
12183,1.0,0.0,4.0,195,43,29,1657,500.0,5047
12184,1.0,1.0,4.4,1853,43,20,521,1100.0,5047
12185,1.0,0.0,4.4,384,44,62,1584,300.0,5047
12186,1.0,0.0,3.1,248,22,20,521,500.0,5047
12187,1.0,0.0,4.0,494,22,20,528,800.0,5047
12188,1.0,0.0,2.6,54,0,29,251,600.0,5047
12189,1.0,1.0,4.1,672,40,20,605,900.0,5047
12190,1.0,1.0,4.3,519,43,20,23,2500.0,5047
12191,1.0,0.0,3.4,433,38,29,1429,500.0,5047
12192,1.0,0.0,3.8,110,43,72,1002,400.0,5047
12193,1.0,1.0,4.2,767,41,20,1272,1700.0,5047
12194,1.0,0.0,3.8,34,22,63,186,350.0,5047
12195,1.0,0.0,3.8,215,43,20,1111,700.0,5047
12196,1.0,0.0,3.7,95,38,62,1156,150.0,5047
12197,1.0,0.0,4.2,185,0,51,1209,300.0,5047
12198,1.0,1.0,4.0,1862,43,20,1156,600.0,5047
12199,1.0,0.0,3.7,175,22,72,257,400.0,5047
12200,1.0,1.0,4.0,1513,40,13,383,900.0,5047
12201,1.0,0.0,3.7,57,22,72,1156,400.0,5047
12202,1.0,0.0,3.8,103,43,62,1209,400.0,5047
12203,1.0,0.0,2.1,253,26,29,1386,500.0,5047
12204,1.0,0.0,3.8,211,22,29,38,600.0,5047
12205,1.0,0.0,4.3,169,41,30,773,450.0,5047
12206,1.0,0.0,3.5,283,0,62,206,350.0,5047
12207,0.0,0.0,4.3,2303,42,20,65,800.0,5047
12208,0.0,0.0,3.8,1161,42,20,50,650.0,5047
12209,0.0,1.0,4.3,2246,42,20,609,1100.0,5047
12210,0.0,0.0,4.1,183,42,51,1156,150.0,5047
12211,0.0,0.0,3.7,107,38,20,1212,500.0,5047
12212,0.0,0.0,3.8,89,42,62,1337,300.0,5047
12213,0.0,0.0,3.8,196,38,29,838,500.0,5047
12214,1.0,0.0,4.1,76,42,62,1517,450.0,5047
12215,1.0,0.0,3.8,254,0,20,521,600.0,5047
12216,1.0,0.0,3.4,212,22,20,1258,800.0,5047
12217,1.0,0.0,3.1,40,0,62,1156,400.0,5047
12218,1.0,0.0,3.6,132,0,72,286,600.0,5047
12219,1.0,0.0,3.7,46,0,20,1196,600.0,5047
12220,1.0,0.0,3.1,120,43,20,1196,500.0,5047
12221,1.0,0.0,3.3,334,0,62,282,400.0,5047
12222,1.0,0.0,3.7,67,0,62,1563,300.0,5047
12223,0.0,0.0,4.1,324,44,13,342,700.0,5047
12224,0.0,0.0,3.8,47,42,13,455,600.0,5047
12225,1.0,0.0,3.6,243,43,20,1522,800.0,5047
12226,1.0,0.0,4.0,177,43,29,834,300.0,5047
12227,1.0,1.0,4.1,601,43,20,998,1100.0,5047
12228,1.0,0.0,3.7,47,0,30,951,200.0,5047
12229,1.0,1.0,3.7,1014,43,4,663,1300.0,5047
12230,1.0,0.0,3.8,38,38,20,1156,500.0,5047
12231,0.0,1.0,4.5,3909,42,60,889,1000.0,5047
12232,1.0,1.0,4.1,1697,42,20,1196,1200.0,5047
12233,0.0,1.0,4.8,4441,42,4,643,1000.0,5047
12234,1.0,0.0,3.7,47,43,20,1207,800.0,5047
12235,1.0,0.0,3.1,140,0,20,1182,600.0,5047
12236,1.0,0.0,3.5,34,44,20,1359,650.0,5047
12237,0.0,1.0,4.0,2155,42,46,627,1000.0,5047
12238,0.0,1.0,4.0,1758,16,48,750,1600.0,5047
12239,0.0,0.0,3.8,4648,43,50,1304,2000.0,5047
12240,0.0,1.0,3.9,1389,42,46,718,1400.0,5047
12241,0.0,0.0,4.7,14694,42,16,338,900.0,5047
12242,1.0,0.0,4.2,218,22,29,1465,600.0,5047
12243,1.0,0.0,4.3,1901,42,30,767,400.0,5047
12244,0.0,0.0,4.5,3842,42,13,469,800.0,5047
12245,0.0,0.0,4.1,2731,42,13,400,1300.0,5047
12246,0.0,0.0,4.2,1531,43,62,1245,600.0,5047
12247,1.0,0.0,3.1,247,22,72,273,200.0,5047
12248,0.0,1.0,4.5,684,42,20,603,1400.0,5047
12249,0.0,0.0,4.1,1225,42,62,1112,400.0,5047
12250,0.0,0.0,4.1,439,42,20,1209,500.0,5047
12251,0.0,0.0,4.3,995,42,62,617,350.0,5047
12252,0.0,1.0,3.8,321,22,20,948,800.0,5047
12253,0.0,1.0,4.5,548,42,13,412,900.0,5047
12254,0.0,0.0,4.1,2448,43,13,371,700.0,5047
12255,0.0,0.0,4.3,450,42,30,958,400.0,5047
12256,0.0,0.0,4.2,676,42,20,1589,650.0,5047
12257,0.0,0.0,4.1,43,42,62,1636,150.0,5047
12258,0.0,1.0,4.1,450,44,20,1156,650.0,5047
12259,0.0,1.0,4.5,324,42,20,1067,1200.0,5047
12260,0.0,0.0,4.4,316,0,51,1059,300.0,5047
12261,0.0,0.0,4.5,940,38,30,951,200.0,5047
12262,0.0,0.0,4.3,236,44,9,223,350.0,5047
12263,0.0,0.0,3.1,117,44,62,235,200.0,5047
12264,0.0,0.0,3.9,154,43,62,1451,200.0,5047
12265,0.0,0.0,3.9,164,45,9,217,400.0,5047
12266,0.0,0.0,3.8,289,45,33,784,500.0,5047
12267,0.0,0.0,3.7,73,43,70,1118,250.0,5047
12268,0.0,0.0,4.0,98,43,62,1630,200.0,5047
12269,0.0,0.0,3.8,62,44,2,767,150.0,5047
12270,0.0,0.0,2.7,56,22,29,293,500.0,5047
12271,0.0,0.0,3.6,72,44,62,1268,250.0,5047
12272,0.0,0.0,4.0,203,43,43,198,350.0,5047
12273,0.0,0.0,3.6,51,22,72,1121,150.0,5047
12274,0.0,0.0,4.0,115,0,20,762,1000.0,5047
12275,0.0,0.0,3.4,46,16,20,1156,1100.0,5047
12276,0.0,0.0,4.0,128,42,30,949,200.0,5047
12277,0.0,0.0,3.6,54,43,62,1280,400.0,5047
12278,0.0,0.0,3.7,126,43,29,532,500.0,5047
12279,0.0,0.0,3.1,53,0,20,1251,600.0,5047
12280,0.0,0.0,3.9,64,43,62,624,550.0,5047
12281,0.0,0.0,3.6,61,0,13,332,500.0,5047
12282,0.0,0.0,4.0,40,43,30,787,300.0,5047
12283,0.0,0.0,3.8,35,0,72,817,200.0,5047
12284,0.0,0.0,3.8,38,42,30,952,400.0,5047
12285,0.0,0.0,3.6,34,0,62,1002,650.0,5047
12286,0.0,0.0,4.0,157,43,30,767,300.0,5047
12287,0.0,0.0,3.4,9,45,72,1537,800.0,5047
12288,0.0,0.0,4.0,65,38,62,565,350.0,5047
12289,0.0,0.0,2.7,61,43,62,89,500.0,5047
12290,1.0,0.0,3.4,257,38,62,266,250.0,5047
12291,1.0,1.0,4.0,344,58,26,624,900.0,5047
12292,1.0,0.0,4.0,87,0,9,210,200.0,5047
12293,1.0,0.0,4.0,152,42,12,219,350.0,5047
12294,0.0,0.0,4.0,138,44,20,1167,800.0,5047
12295,1.0,1.0,4.0,126,22,20,1390,900.0,5047
12296,1.0,0.0,3.9,48,22,62,821,400.0,5047
12297,1.0,0.0,3.9,145,41,29,1156,500.0,5047
12298,1.0,0.0,3.8,172,42,20,1423,550.0,5047
12299,1.0,1.0,4.0,281,41,21,801,1500.0,5047
12300,1.0,0.0,4.2,414,42,13,429,700.0,5047
12301,1.0,0.0,4.3,169,41,30,773,450.0,5047
12302,1.0,0.0,3.7,52,41,13,473,450.0,5047
12303,1.0,1.0,4.3,552,43,54,743,2000.0,5047
12304,0.0,0.0,4.7,262,42,35,787,350.0,5047
12305,1.0,1.0,4.2,2620,42,20,514,1300.0,5047
12306,0.0,0.0,4.2,1531,43,62,1245,600.0,5047
12307,1.0,0.0,4.4,361,43,13,493,500.0,5047
12308,0.0,0.0,4.4,168,42,17,467,600.0,5047
12309,1.0,1.0,4.1,1850,38,13,343,600.0,5047
12310,1.0,0.0,4.5,833,42,30,773,400.0,5047
12311,1.0,0.0,4.5,2613,42,33,955,500.0,5047
12312,1.0,1.0,4.2,494,42,13,389,800.0,5047
12313,1.0,1.0,4.1,601,43,20,998,1100.0,5047
12314,1.0,0.0,4.6,1026,44,17,431,550.0,5047
12315,1.0,1.0,4.0,152,39,20,706,1100.0,5047
12316,0.0,0.0,4.3,450,42,30,958,400.0,5047
12317,1.0,0.0,4.6,277,42,30,956,400.0,5047
12318,1.0,0.0,4.2,1077,42,69,1121,400.0,5047
12319,1.0,0.0,4.1,61,42,30,792,450.0,5047
12320,1.0,0.0,4.1,314,38,72,933,650.0,5029
12321,1.0,0.0,4.5,151,42,29,930,500.0,2316
12322,1.0,0.0,4.5,342,42,33,779,300.0,5047
12323,1.0,0.0,4.3,1901,42,30,767,400.0,5047
12324,0.0,0.0,4.4,491,43,30,789,500.0,5047
12325,1.0,1.0,4.2,1702,42,13,459,650.0,5047
12326,0.0,0.0,4.5,940,38,30,951,200.0,5047
12327,1.0,0.0,4.2,195,43,30,959,400.0,5047
12328,1.0,0.0,4.2,600,44,30,773,900.0,5047
12329,1.0,0.0,4.1,241,42,9,215,400.0,5047
12330,1.0,0.0,4.0,70,44,30,767,400.0,5047
12331,1.0,0.0,4.3,67,42,30,1676,250.0,5047
12332,1.0,0.0,4.8,187,42,30,767,400.0,5047
12333,1.0,0.0,4.1,138,42,13,452,1200.0,5047
12334,1.0,0.0,4.2,340,42,30,773,500.0,5047
12335,1.0,0.0,4.2,178,42,30,773,350.0,5047
12336,0.0,0.0,3.9,140,44,68,1640,200.0,5047
12337,0.0,0.0,4.1,77,44,30,956,250.0,5047
12338,1.0,0.0,4.0,231,42,30,956,500.0,5047
12339,1.0,1.0,4.4,102,45,13,389,700.0,5047
12340,1.0,0.0,3.9,128,42,30,956,200.0,5047
12341,1.0,0.0,3.8,123,42,0,181,400.0,5047
12342,1.0,0.0,4.0,186,44,2,188,500.0,5047
12343,1.0,0.0,4.2,448,44,30,773,300.0,5047
12344,0.0,0.0,4.1,324,44,13,342,700.0,5047
12345,1.0,0.0,3.9,79,44,30,956,800.0,5047
12346,1.0,0.0,4.0,100,44,30,175,150.0,5047
12347,1.0,0.0,4.0,152,42,12,219,350.0,5047
12348,1.0,0.0,4.0,210,42,9,221,200.0,5047
12349,0.0,0.0,3.9,43,42,9,224,200.0,5047
12350,0.0,0.0,3.8,34,42,0,187,400.0,5047
12351,0.0,0.0,3.8,289,45,33,784,500.0,5047
12352,1.0,0.0,3.8,75,40,69,1121,200.0,5047
12353,1.0,0.0,3.5,98,45,0,181,400.0,5047
12354,0.0,0.0,3.7,73,43,70,1118,250.0,5047
12355,1.0,0.0,4.2,53,42,30,773,400.0,5047
12356,1.0,0.0,4.1,37,44,35,787,500.0,5047
12357,0.0,0.0,3.8,63,44,14,428,600.0,5047
12358,1.0,0.0,4.2,703,44,30,182,450.0,5047
12359,1.0,0.0,4.1,511,43,30,789,500.0,5047
12360,0.0,0.0,3.8,62,44,2,767,150.0,5047
12361,1.0,0.0,3.9,110,42,30,950,200.0,5047
12362,1.0,0.0,4.4,149,42,72,214,350.0,5047
12363,1.0,0.0,3.5,33,43,69,1117,250.0,5047
12364,1.0,0.0,4.0,275,40,13,332,500.0,5047
12365,0.0,0.0,4.0,128,42,30,949,200.0,5047
12366,0.0,0.0,4.0,40,43,30,787,300.0,5047
12367,0.0,0.0,3.8,38,42,30,952,400.0,5047
12368,0.0,0.0,4.0,157,43,30,767,300.0,5047
12369,0.0,0.0,3.7,49,44,32,773,400.0,5047
12370,1.0,0.0,4.0,76,38,0,181,500.0,5047
12371,1.0,0.0,3.8,433,42,35,767,800.0,5047
12372,1.0,0.0,4.0,206,0,70,1122,200.0,1662
12373,1.0,0.0,4.1,41,16,31,769,400.0,5047
12374,1.0,0.0,3.9,48,22,30,211,400.0,5047
12375,1.0,0.0,4.0,87,0,9,210,200.0,5047
12376,1.0,0.0,3.7,92,22,0,181,350.0,5047
12377,0.0,0.0,2.7,56,22,29,293,500.0,5047
12378,0.0,0.0,3.6,51,22,72,1121,150.0,5047
12379,1.0,0.0,3.8,34,22,63,186,350.0,5047
12380,1.0,1.0,4.4,2395,41,20,1083,1000.0,5047
12381,0.0,1.0,4.3,216,41,21,755,1200.0,5047
12382,0.0,1.0,4.8,460,42,61,728,2100.0,5047
12383,0.0,0.0,4.6,7120,41,13,335,600.0,5047
12384,0.0,1.0,4.5,7854,41,61,17,1800.0,5047
12385,1.0,1.0,4.4,9080,41,22,1468,600.0,2931
12386,0.0,1.0,4.6,886,41,54,687,1400.0,5047
12387,0.0,1.0,4.5,1228,41,53,35,1200.0,5047
12388,0.0,0.0,4.4,1224,41,13,399,800.0,5047
12389,0.0,1.0,4.4,4079,41,5,126,1200.0,5047
12390,0.0,1.0,4.2,1741,41,57,539,1400.0,5047
12391,1.0,1.0,4.5,256,41,20,1008,1300.0,928
12392,1.0,1.0,4.2,1175,41,57,883,1300.0,1383
12393,0.0,0.0,4.1,314,41,13,383,600.0,5047
12394,1.0,1.0,4.4,1808,41,20,1678,1000.0,1470
12395,0.0,1.0,4.3,164,41,20,526,800.0,5047
12396,0.0,0.0,4.3,294,41,13,473,850.0,5047
12397,0.0,0.0,3.9,1160,41,20,517,650.0,5047
12398,1.0,1.0,4.2,1624,41,20,1512,1500.0,3224
12399,1.0,1.0,4.1,258,41,20,1149,750.0,3305
12400,0.0,1.0,4.1,807,41,21,50,800.0,5047
12401,1.0,1.0,4.4,466,41,13,403,800.0,4267
12402,1.0,1.0,4.0,1238,41,13,332,700.0,3513
12403,1.0,1.0,4.2,767,41,20,1272,1700.0,3605
12404,1.0,0.0,3.8,75,41,20,700,750.0,5047
12405,1.0,1.0,3.9,144,41,20,665,1000.0,3388
12406,1.0,0.0,4.2,169,41,13,427,700.0,2650
12407,1.0,1.0,3.7,291,41,20,69,750.0,1051
12408,1.0,0.0,4.1,65,41,16,462,700.0,4746
12409,1.0,1.0,4.0,281,41,21,801,1500.0,1786
12410,1.0,0.0,3.7,483,41,20,761,800.0,1344
12411,1.0,1.0,3.9,597,41,4,899,1200.0,953
12412,0.0,0.0,4.1,100,41,20,13,600.0,5047
12413,1.0,1.0,4.0,1209,41,13,408,650.0,5047
12414,0.0,0.0,3.9,105,41,4,878,1500.0,5047
12415,1.0,0.0,3.6,76,41,13,436,650.0,796
12416,1.0,0.0,3.9,523,41,20,609,500.0,4777
12417,0.0,0.0,2.5,547,41,20,1156,450.0,5047
12418,0.0,1.0,3.8,169,41,4,1587,1300.0,5047
12419,1.0,1.0,4.1,221,41,20,1156,1000.0,555
12420,0.0,0.0,3.9,220,41,62,1156,250.0,5047
12421,0.0,0.0,2.8,289,41,20,1597,250.0,5047
12422,0.0,0.0,2.7,47,41,20,1156,800.0,5047
12423,1.0,0.0,3.7,52,41,13,473,450.0,3086
12424,1.0,0.0,4.1,502,41,62,1003,600.0,4854
12425,1.0,1.0,4.3,342,41,62,790,450.0,5047
12426,1.0,0.0,3.0,290,41,62,1474,400.0,3120
12427,1.0,0.0,4.0,198,41,62,1156,500.0,2453
12428,1.0,0.0,3.9,49,41,62,1567,400.0,947
12429,1.0,0.0,4.0,211,41,62,749,400.0,5047
12430,1.0,0.0,3.7,434,41,62,1423,400.0,2778
12431,0.0,0.0,2.7,53,41,3,191,600.0,5047
12432,1.0,0.0,3.9,241,41,62,1476,600.0,3492
12433,1.0,0.0,3.9,151,41,41,1670,400.0,4991
12434,0.0,1.0,4.7,10503,42,21,1323,1400.0,5047
12435,0.0,0.0,4.7,14704,42,16,338,900.0,5047
12436,1.0,1.0,4.3,559,43,54,743,2000.0,3089
12437,1.0,0.0,4.6,4689,44,46,32,1500.0,1533
12438,0.0,1.0,4.4,1562,42,54,1128,2000.0,5047
12439,0.0,1.0,4.5,3912,42,60,889,1000.0,5047
12440,0.0,1.0,4.4,2355,44,21,1124,1100.0,5047
12441,1.0,1.0,4.5,3161,42,21,1233,1500.0,1571
12442,0.0,1.0,4.2,1750,42,20,637,1200.0,5047
12443,0.0,1.0,4.6,2579,42,5,724,1300.0,5047
12444,0.0,0.0,4.2,2368,42,57,886,1400.0,5047
12445,1.0,1.0,4.2,147,42,20,68,900.0,2944
12446,1.0,1.0,4.5,3467,42,20,1400,1300.0,4288
12447,0.0,1.0,4.6,6371,44,5,1107,1600.0,5047
12448,1.0,1.0,4.5,3950,42,25,713,1600.0,494
12449,0.0,1.0,4.4,1557,42,20,1133,700.0,5047
12450,0.0,0.0,4.7,3214,42,16,522,750.0,5047
12451,0.0,0.0,4.5,3843,42,13,469,800.0,5047
12452,0.0,1.0,4.7,4441,42,4,643,1000.0,5047
12453,0.0,1.0,4.4,374,40,18,334,1000.0,5047
12454,1.0,1.0,4.9,2227,42,21,134,1500.0,4955
12455,0.0,1.0,4.7,3625,38,20,1325,1600.0,5047
12456,0.0,1.0,4.7,4857,42,20,965,1500.0,5047
12457,0.0,1.0,4.3,114,42,46,1471,1500.0,5047
12458,1.0,1.0,4.5,1888,38,21,1430,1200.0,4424
12459,0.0,1.0,4.6,4986,42,26,803,1800.0,5047
12460,1.0,0.0,4.4,7232,42,20,304,600.0,658
12461,0.0,0.0,4.1,2732,42,13,400,1300.0,5047
12462,1.0,0.0,4.3,3458,44,20,1156,600.0,2482
12463,1.0,1.0,4.4,460,44,21,1156,1500.0,3304
12464,0.0,1.0,4.5,1991,42,54,630,1400.0,5047
12465,1.0,1.0,4.2,2620,42,20,514,1300.0,5047
12466,0.0,1.0,4.1,786,40,20,1375,1500.0,5047
12467,0.0,1.0,4.0,2158,42,46,627,1000.0,5047
12468,1.0,1.0,4.1,1250,42,20,1156,600.0,2794
12469,1.0,1.0,4.5,718,44,20,1009,1500.0,806
12470,1.0,1.0,4.3,2571,42,4,688,1200.0,4821
12471,0.0,0.0,4.3,2304,42,20,65,800.0,5047
12472,1.0,0.0,4.4,362,43,13,493,500.0,3613
12473,0.0,1.0,4.5,569,43,4,901,1000.0,5047
12474,1.0,1.0,4.3,549,42,26,1265,1000.0,3046
12475,1.0,1.0,4.4,3674,42,20,606,1400.0,3004
12476,1.0,0.0,4.0,74,45,13,382,400.0,1766
12477,0.0,0.0,4.4,174,42,17,467,600.0,5047
12478,0.0,1.0,4.5,685,42,20,603,1400.0,5047
12479,0.0,1.0,4.3,1550,38,57,898,1200.0,5047
12480,1.0,1.0,4.2,1367,44,21,123,1400.0,5047
12481,1.0,0.0,4.3,2871,42,13,337,600.0,1750
12482,1.0,1.0,4.4,520,43,20,23,2500.0,5047
12483,0.0,0.0,3.8,1161,42,20,50,650.0,5047
12484,0.0,0.0,3.7,4650,43,50,1304,2000.0,5047
12485,1.0,1.0,4.4,1854,43,20,521,1100.0,5047
12486,1.0,1.0,4.4,679,44,20,1381,1500.0,5047
12487,1.0,1.0,4.1,1853,38,13,343,600.0,5047
12488,1.0,1.0,4.3,1805,42,22,660,900.0,5047
12489,1.0,0.0,4.1,6937,42,20,1402,750.0,5047
12490,0.0,0.0,4.5,733,42,20,1109,1200.0,5047
12491,1.0,0.0,4.1,3006,38,13,374,1000.0,3790
12492,0.0,0.0,4.1,439,42,20,1209,500.0,5047
12493,1.0,1.0,4.2,2714,40,13,404,1000.0,2992
12494,0.0,1.0,4.1,1794,42,20,14,1000.0,5047
12495,1.0,0.0,4.4,949,42,13,435,900.0,4069
12496,1.0,0.0,4.0,576,38,20,208,600.0,856
12497,1.0,1.0,4.1,1697,42,20,1196,1200.0,4586
12498,1.0,1.0,4.4,386,42,21,1108,1500.0,1728
12499,1.0,1.0,4.2,494,42,13,389,800.0,2499
12500,1.0,0.0,4.2,534,42,20,600,600.0,4878
12501,1.0,1.0,4.1,1788,42,57,881,1200.0,1516
12502,0.0,1.0,4.3,1470,42,13,406,800.0,5047
12503,1.0,0.0,4.3,340,42,20,555,800.0,1399
12504,1.0,1.0,4.5,208,42,13,498,800.0,618
12505,0.0,1.0,4.5,548,42,13,412,900.0,5047
12506,1.0,1.0,4.4,192,40,13,332,1000.0,2303
12507,1.0,0.0,4.2,822,43,20,1156,1000.0,2365
12508,1.0,0.0,4.1,1567,42,20,109,750.0,3350
12509,0.0,0.0,4.1,2449,43,13,371,700.0,5047
12510,1.0,0.0,4.3,1593,42,20,152,550.0,4842
12511,1.0,1.0,4.1,601,43,20,998,1100.0,5047
12512,1.0,0.0,4.6,1027,44,17,431,550.0,5047
12513,1.0,1.0,4.1,675,40,20,605,900.0,5047
12514,0.0,1.0,4.3,2248,42,20,609,1100.0,5047
12515,1.0,0.0,4.1,845,43,20,1534,700.0,5047
12516,1.0,0.0,4.0,960,44,20,1669,500.0,5047
12517,1.0,1.0,4.0,151,39,20,706,1100.0,5047
12518,1.0,0.0,4.1,1959,43,20,201,650.0,5047
12519,0.0,0.0,4.2,676,42,20,1589,650.0,5047
12520,1.0,1.0,4.2,872,42,13,339,600.0,5047
12521,1.0,1.0,4.0,1863,43,20,1156,600.0,5047
12522,0.0,1.0,4.1,759,40,4,1196,1200.0,5047
12523,1.0,1.0,4.1,222,42,20,1239,600.0,5047
12524,0.0,1.0,4.2,818,43,13,397,800.0,5047
12525,0.0,0.0,4.0,1409,43,60,633,1000.0,5047
12526,1.0,0.0,3.9,660,42,20,618,500.0,1807
12527,1.0,0.0,4.1,778,38,13,383,700.0,3433
12528,0.0,1.0,4.1,450,44,20,1156,650.0,5047
12529,1.0,0.0,4.1,1117,42,20,289,750.0,4395
12530,0.0,1.0,4.4,325,42,20,1067,1200.0,5047
12531,1.0,0.0,3.8,178,38,20,1335,800.0,5047
12532,1.0,0.0,4.0,782,42,20,238,800.0,2138
12533,1.0,1.0,4.0,859,42,20,604,850.0,4768
12534,1.0,0.0,4.2,1063,42,13,394,800.0,3199
12535,0.0,0.0,3.9,740,43,5,15,1400.0,5047
12536,0.0,1.0,3.9,149,42,58,902,1000.0,5047
12537,1.0,0.0,4.1,85,43,13,427,700.0,374
12538,1.0,1.0,4.2,344,42,20,1156,700.0,1666
12539,1.0,1.0,4.0,1512,40,13,383,900.0,5047
12540,1.0,0.0,3.1,910,42,20,1381,600.0,1424
12541,1.0,0.0,4.0,457,38,20,1156,650.0,5047
12542,1.0,0.0,4.1,306,44,13,414,600.0,496
12543,1.0,0.0,3.7,259,42,20,1139,750.0,1221
12544,1.0,1.0,4.1,402,42,15,422,1200.0,1385
12545,1.0,0.0,4.0,314,42,20,610,800.0,4964
12546,1.0,0.0,4.1,992,43,13,404,600.0,1539
12547,1.0,1.0,4.0,797,44,20,1156,900.0,5031
12548,1.0,1.0,4.2,1703,42,13,459,650.0,5047
12549,0.0,1.0,4.1,1236,42,49,632,1500.0,5047
12550,1.0,0.0,4.1,893,40,13,395,800.0,4650
12551,1.0,1.0,4.4,345,42,21,541,1000.0,402
12552,1.0,0.0,3.9,375,38,20,235,750.0,5047
12553,0.0,1.0,3.9,283,44,21,747,1000.0,5047
12554,1.0,1.0,4.2,294,42,20,1532,800.0,2952
12555,1.0,0.0,3.8,473,42,20,1597,500.0,3714
12556,1.0,0.0,3.9,1142,42,20,1352,500.0,2360
12557,1.0,0.0,3.8,66,42,20,98,800.0,4623
12558,0.0,0.0,4.2,224,39,13,506,200.0,5047
12559,1.0,1.0,4.0,1389,44,20,674,1100.0,5047
12560,1.0,0.0,3.9,455,43,20,521,1000.0,5047
12561,1.0,0.0,4.0,515,44,20,562,750.0,5047
12562,1.0,0.0,4.1,141,42,13,452,1200.0,5047
12563,1.0,0.0,3.5,888,44,20,1375,650.0,5047
12564,1.0,0.0,3.6,73,42,20,197,700.0,5047
12565,1.0,0.0,3.9,475,43,20,1459,600.0,5047
12566,0.0,0.0,4.2,270,43,60,748,1400.0,5047
12567,0.0,1.0,3.9,1389,42,46,718,1400.0,5047
12568,1.0,1.0,3.9,484,42,20,1427,700.0,5047
12569,0.0,1.0,3.9,589,42,60,723,1300.0,5047
12570,1.0,0.0,3.9,823,42,20,558,750.0,5047
12571,1.0,0.0,4.0,107,38,20,1156,500.0,309
12572,0.0,1.0,4.2,117,44,20,1425,800.0,5047
12573,1.0,0.0,4.1,1003,42,20,1388,700.0,5047
12574,0.0,0.0,4.1,172,44,13,365,650.0,5047
12575,1.0,1.0,4.4,102,45,13,389,700.0,5047
12576,1.0,0.0,3.7,130,38,21,624,1200.0,5047
12577,1.0,0.0,4.1,61,39,13,451,600.0,5047
12578,1.0,0.0,4.0,781,43,20,1005,750.0,5047
12579,1.0,0.0,3.8,267,44,20,1154,650.0,5047
12580,0.0,0.0,3.8,674,43,57,31,1700.0,5047
12581,0.0,1.0,4.1,354,40,37,802,2000.0,5047
12582,0.0,0.0,4.1,324,44,13,342,700.0,5047
12583,1.0,0.0,3.9,453,44,20,197,600.0,5047
12584,1.0,0.0,4.4,480,42,13,512,450.0,5047
12585,0.0,0.0,4.1,183,42,51,1156,150.0,5047
12586,0.0,0.0,4.0,293,43,12,1652,250.0,5047
12587,0.0,1.0,4.3,105,44,20,1164,1000.0,5047
12588,1.0,0.0,2.8,152,44,20,1206,700.0,1343
12589,1.0,0.0,4.0,152,42,12,219,350.0,5047
12590,1.0,1.0,4.0,236,42,20,1141,800.0,4277
12591,0.0,0.0,3.7,107,38,20,1212,500.0,5047
12592,0.0,0.0,3.8,38,43,20,1450,900.0,5047
12593,1.0,0.0,4.0,293,43,45,1644,250.0,1668
12594,1.0,1.0,4.2,325,44,20,1205,800.0,213
12595,1.0,0.0,3.8,172,42,20,1423,550.0,2780
12596,1.0,0.0,3.8,94,38,20,1253,600.0,1276
12597,1.0,0.0,3.9,331,38,20,604,600.0,4941
12598,1.0,0.0,3.6,165,40,20,1196,500.0,4628
12599,1.0,0.0,4.0,201,42,13,406,800.0,2244
12600,1.0,0.0,4.1,67,43,20,1090,1000.0,1164
12601,1.0,0.0,3.8,38,38,20,1156,500.0,5047
12602,1.0,1.0,3.7,1014,43,4,663,1300.0,3266
12603,0.0,0.0,3.7,73,43,70,1118,250.0,5047
12604,1.0,0.0,4.1,93,42,13,383,600.0,3098
12605,1.0,0.0,3.6,242,42,20,1412,1000.0,1202
12606,1.0,0.0,3.5,74,43,20,1028,600.0,5047
12607,1.0,0.0,3.8,222,18,20,558,600.0,3403
12608,1.0,0.0,3.9,394,44,20,911,750.0,3867
12609,1.0,0.0,4.1,505,43,13,381,600.0,5047
12610,1.0,0.0,3.7,382,42,20,1037,600.0,2845
12611,0.0,0.0,4.0,57,42,20,1666,500.0,5047
12612,0.0,0.0,3.8,47,42,13,455,600.0,5047
12613,1.0,0.0,3.1,120,43,20,1196,500.0,5047
12614,1.0,0.0,2.7,249,44,20,1599,400.0,5047
12615,0.0,0.0,4.3,135,42,13,383,800.0,5047
12616,1.0,0.0,3.8,149,42,20,277,600.0,4969
12617,0.0,1.0,3.5,32,42,20,1196,1000.0,5047
12618,1.0,0.0,3.5,34,43,69,1117,250.0,5047
12619,1.0,0.0,4.1,237,42,20,1322,500.0,5047
12620,1.0,0.0,4.0,275,40,13,332,500.0,5047
12621,1.0,0.0,3.6,243,43,20,1522,800.0,5047
12622,1.0,0.0,3.8,57,44,20,1531,700.0,5047
12623,0.0,0.0,2.8,227,43,13,332,450.0,5047
12624,1.0,0.0,3.7,47,43,20,1207,800.0,5047
12625,1.0,0.0,3.8,215,43,20,1111,700.0,5047
12626,1.0,0.0,3.4,34,44,20,1359,650.0,5047
12627,0.0,0.0,3.9,626,42,20,558,600.0,5047
12628,0.0,0.0,3.6,54,43,62,1280,400.0,5047
12629,0.0,0.0,3.8,152,43,60,37,1500.0,5047
12630,0.0,0.0,3.7,46,38,13,383,600.0,5047
12631,0.0,0.0,3.8,40,44,20,1561,500.0,5047
12632,0.0,0.0,4.0,138,44,20,1167,800.0,5047
12633,0.0,0.0,2.7,61,43,62,89,500.0,5047
12634,1.0,0.0,3.4,356,18,62,1156,350.0,55
12635,1.0,0.0,3.6,207,42,20,1050,500.0,5047
12636,1.0,1.0,3.7,111,42,20,1196,900.0,4290
12637,1.0,0.0,4.2,414,42,13,429,700.0,5047
12638,1.0,0.0,3.8,214,44,20,1354,700.0,1417
12639,1.0,0.0,3.9,326,43,20,43,500.0,1065
12640,1.0,0.0,3.7,708,44,20,1474,750.0,2340
12641,0.0,1.0,3.7,81,43,46,878,1200.0,5047
12642,1.0,0.0,3.8,230,38,13,394,600.0,4017
12643,1.0,0.0,4.1,1962,43,62,1110,600.0,4787
12644,1.0,0.0,4.3,3618,43,62,1635,400.0,5047
12645,0.0,0.0,4.2,1531,43,62,1245,600.0,5047
12646,0.0,0.0,4.2,93,43,62,1156,400.0,5047
12647,1.0,0.0,4.5,2617,42,33,955,500.0,721
12648,0.0,0.0,4.1,1227,42,62,1112,400.0,5047
12649,1.0,0.0,4.2,972,42,62,1547,200.0,3830
12650,0.0,0.0,4.3,995,42,62,617,350.0,5047
12651,1.0,0.0,3.8,53,44,62,917,350.0,3208
12652,1.0,0.0,3.9,45,43,62,621,550.0,2533
12653,1.0,0.0,4.3,221,38,62,1075,300.0,3808
12654,1.0,0.0,4.2,532,44,62,1669,450.0,5047
12655,1.0,0.0,4.3,654,43,62,1547,250.0,5047
12656,1.0,0.0,4.0,61,43,62,986,400.0,5047
12657,1.0,0.0,4.2,190,43,62,1645,300.0,5047
12658,1.0,0.0,4.2,557,42,62,1672,400.0,5047
12659,0.0,0.0,4.2,52,42,62,1547,200.0,5047
12660,0.0,0.0,3.7,468,43,62,1547,200.0,5047
12661,1.0,0.0,4.3,279,44,62,1156,450.0,5047
12662,1.0,0.0,4.0,138,45,62,1609,250.0,5047
12663,1.0,0.0,4.3,169,42,62,322,500.0,5047
12664,1.0,0.0,4.3,246,42,62,1668,600.0,5047
12665,1.0,0.0,4.1,271,38,62,132,500.0,5047
12666,0.0,0.0,4.1,209,42,62,176,200.0,5047
12667,1.0,0.0,4.2,195,43,30,792,400.0,5047
12668,1.0,0.0,3.7,219,42,67,1507,600.0,5047
12669,1.0,0.0,3.8,76,42,62,202,500.0,5047
12670,1.0,0.0,3.8,476,43,62,322,450.0,5047
12671,1.0,0.0,4.4,384,44,62,1584,300.0,5047
12672,1.0,0.0,3.8,94,38,62,217,250.0,5047
12673,1.0,0.0,3.9,34,18,62,1156,300.0,5047
12674,1.0,0.0,4.0,684,42,62,617,250.0,5047
12675,0.0,0.0,3.9,140,44,68,1640,200.0,5047
12676,1.0,0.0,4.2,100,44,33,781,900.0,5047
12677,1.0,0.0,3.3,911,38,62,1177,250.0,5047
12678,1.0,0.0,4.0,76,40,62,1602,300.0,5047
12679,1.0,0.0,3.8,45,44,62,832,400.0,2544
12680,1.0,0.0,3.9,1047,44,62,323,600.0,1471
12681,1.0,0.0,3.8,295,42,62,826,500.0,3376
12682,1.0,0.0,4.0,462,45,62,1190,500.0,1033
12683,1.0,0.0,3.9,121,38,62,1209,400.0,1373
12684,1.0,0.0,4.2,166,42,62,817,300.0,5047
12685,1.0,0.0,3.5,323,38,62,1077,500.0,5047
12686,1.0,0.0,3.9,213,43,62,317,400.0,2259
12687,1.0,0.0,3.9,501,43,62,1638,300.0,5047
12688,0.0,0.0,3.1,117,44,62,235,200.0,5047
12689,1.0,0.0,3.9,97,18,62,202,500.0,5047
12690,0.0,0.0,3.9,154,43,62,1451,200.0,5047
12691,1.0,0.0,3.9,85,44,62,1156,400.0,5047
12692,1.0,0.0,4.0,76,38,62,1511,300.0,3075
12693,1.0,0.0,3.8,41,44,62,235,200.0,986
12694,0.0,0.0,3.8,289,45,33,784,500.0,5047
12695,1.0,0.0,3.9,96,38,62,1327,350.0,1326
12696,1.0,0.0,3.8,108,43,62,370,400.0,1089
12697,1.0,0.0,3.6,95,38,62,1335,300.0,4088
12698,1.0,0.0,3.8,48,45,62,1196,300.0,69
12699,0.0,0.0,4.0,98,43,62,1630,200.0,5047
12700,1.0,0.0,3.8,140,42,62,1591,200.0,135
12701,1.0,0.0,3.6,75,42,62,323,600.0,2163
12702,1.0,0.0,4.1,321,43,62,1156,600.0,4380
12703,1.0,0.0,2.8,137,38,62,1156,500.0,2438
12704,1.0,1.0,4.1,152,43,62,378,600.0,1485
12705,0.0,0.0,3.9,150,44,41,575,500.0,5047
12706,1.0,0.0,3.9,64,42,62,1072,300.0,5047
12707,0.0,0.0,3.5,70,44,62,1648,200.0,5047
12708,0.0,0.0,3.7,73,44,62,1268,250.0,5047
12709,0.0,0.0,3.6,36,44,43,1042,400.0,5047
12710,1.0,0.0,3.6,97,38,62,1039,300.0,5047
12711,1.0,0.0,3.3,395,44,62,1156,400.0,3560
12712,0.0,0.0,2.6,153,38,62,868,300.0,5047
12713,1.0,0.0,3.9,554,44,62,818,600.0,4699
12714,1.0,0.0,3.9,188,45,62,563,400.0,1317
12715,0.0,0.0,4.0,203,43,43,198,350.0,5047
12716,0.0,0.0,2.8,64,44,62,1589,300.0,5047
12717,0.0,0.0,3.8,89,42,62,1337,300.0,5047
12718,1.0,0.0,3.6,90,44,62,826,500.0,3020
12719,0.0,0.0,3.6,68,44,41,1033,550.0,5047
12720,0.0,0.0,3.8,82,44,62,547,200.0,5047
12721,1.0,0.0,3.7,95,38,62,1156,150.0,5047
12722,1.0,0.0,4.1,76,42,62,1517,450.0,5047
12723,0.0,0.0,3.6,47,38,62,1587,300.0,5047
12724,0.0,0.0,2.9,53,44,62,1070,300.0,5047
12725,1.0,0.0,3.6,82,38,62,1505,400.0,5047
12726,1.0,0.0,4.0,270,38,62,1207,450.0,5047
12727,0.0,0.0,3.8,64,43,62,624,550.0,5047
12728,0.0,0.0,4.0,126,43,62,1515,300.0,5047
12729,1.0,0.0,3.6,72,43,62,1109,200.0,5047
12730,0.0,0.0,3.8,56,44,41,1526,400.0,5047
12731,0.0,0.0,4.0,65,38,62,565,350.0,5047
12732,1.0,0.0,3.8,132,44,62,1497,300.0,5047
12733,1.0,0.0,4.1,205,42,62,817,250.0,5047
12734,1.0,0.0,3.8,103,43,62,1209,400.0,5047
12735,1.0,0.0,3.4,257,38,62,266,250.0,2011
12736,1.0,0.0,3.7,34,18,62,1156,200.0,5047
12737,1.0,0.0,3.8,433,42,35,767,800.0,5047
12738,1.0,0.0,3.1,53,38,62,817,100.0,5047
12739,0.0,0.0,4.3,411,22,5,1442,1200.0,5047
12740,0.0,1.0,4.6,650,22,7,686,850.0,5047
12741,1.0,1.0,4.5,811,0,20,716,800.0,1042
12742,0.0,1.0,4.7,798,22,46,542,1200.0,5047
12743,0.0,1.0,4.0,1768,16,48,750,1600.0,5047
12744,0.0,1.0,4.2,469,16,37,1171,3000.0,5047
12745,1.0,0.0,4.3,793,22,20,168,1000.0,5047
12746,0.0,0.0,4.6,1590,22,13,336,750.0,5047
12747,1.0,0.0,4.5,229,22,20,1076,1200.0,5047
12748,0.0,1.0,4.1,1377,22,5,729,1200.0,5047
12749,1.0,1.0,4.5,1879,0,13,394,900.0,5047
12750,0.0,1.0,4.3,2035,16,61,737,1700.0,5047
12751,0.0,1.0,4.4,243,22,57,893,1250.0,5047
12752,1.0,0.0,4.3,1104,22,13,419,700.0,5047
12753,0.0,1.0,4.3,127,22,22,159,800.0,5047
12754,0.0,1.0,3.8,321,22,20,948,800.0,5047
12755,1.0,1.0,4.2,1542,0,20,1054,800.0,5047
12756,1.0,0.0,3.9,126,22,20,301,600.0,1038
12757,1.0,1.0,4.2,217,16,20,808,1500.0,5047
12758,1.0,1.0,4.1,1341,22,20,1375,800.0,5047
12759,1.0,0.0,3.9,370,22,20,50,550.0,5047
12760,1.0,0.0,4.3,83,22,20,268,650.0,5047
12761,0.0,0.0,4.3,316,0,51,1059,300.0,5047
12762,1.0,0.0,3.9,468,0,20,112,700.0,1220
12763,0.0,1.0,4.2,325,16,20,1528,1800.0,5047
12764,1.0,1.0,3.8,1167,22,20,1057,600.0,5047
12765,1.0,1.0,3.9,74,0,20,1277,900.0,5047
12766,0.0,1.0,4.2,209,16,4,802,2000.0,5047
12767,1.0,1.0,4.1,2727,0,20,296,800.0,4370
12768,1.0,0.0,3.9,670,22,20,292,800.0,5047
12769,1.0,0.0,4.0,494,22,20,528,800.0,5047
12770,1.0,0.0,3.9,421,0,20,112,800.0,2658
12771,1.0,0.0,2.9,361,22,20,1197,450.0,5047
12772,0.0,0.0,3.8,157,22,47,694,1300.0,5047
12773,1.0,1.0,3.5,59,22,20,1279,700.0,5047
12774,0.0,0.0,4.4,228,22,62,1547,150.0,5047
12775,1.0,0.0,4.2,468,0,62,1060,400.0,5047
12776,1.0,0.0,2.8,261,22,20,1040,700.0,5047
12777,1.0,0.0,3.6,220,0,20,286,600.0,4944
12778,1.0,0.0,3.8,71,0,20,1165,1000.0,3744
12779,0.0,0.0,4.0,139,0,62,1038,200.0,5047
12780,1.0,1.0,4.0,344,58,26,624,900.0,5047
12781,0.0,1.0,4.1,94,16,37,814,3000.0,5047
12782,1.0,0.0,3.9,214,0,20,1240,600.0,5047
12783,1.0,0.0,3.1,266,22,20,517,550.0,5047
12784,1.0,0.0,4.1,134,22,20,1156,650.0,5047
12785,1.0,0.0,3.9,97,0,62,967,1000.0,403
12786,0.0,0.0,2.6,49,22,13,436,450.0,5047
12787,0.0,0.0,3.9,371,22,20,1587,400.0,5047
12788,1.0,0.0,3.8,331,22,62,1156,350.0,5047
12789,1.0,0.0,4.0,65,22,20,1591,300.0,5047
12790,1.0,0.0,3.3,293,22,20,208,600.0,5047
12791,1.0,0.0,3.9,106,22,62,1547,150.0,5047
12792,0.0,1.0,4.1,146,16,21,1601,1200.0,5047
12793,1.0,0.0,3.9,450,22,20,1209,550.0,5047
12794,1.0,0.0,3.8,78,22,62,1460,350.0,5047
12795,1.0,1.0,3.9,224,22,20,1285,800.0,5047
12796,0.0,0.0,2.8,228,22,62,266,500.0,5047
12797,1.0,0.0,3.2,68,22,20,1619,400.0,5047
12798,1.0,0.0,3.9,48,22,62,821,400.0,5047
12799,1.0,0.0,3.8,341,22,62,1582,400.0,5047
12800,1.0,1.0,4.0,126,22,20,1390,900.0,5047
12801,1.0,0.0,3.4,212,22,20,1258,800.0,5047
12802,1.0,0.0,3.8,278,22,62,235,200.0,5047
12803,1.0,0.0,3.1,283,22,62,1356,500.0,5047
12804,1.0,0.0,3.6,42,0,13,401,600.0,5047
12805,1.0,0.0,3.7,141,22,20,54,500.0,5047
12806,1.0,0.0,2.7,73,0,20,565,600.0,5047
12807,1.0,0.0,3.9,462,22,62,262,600.0,5047
12808,1.0,0.0,4.2,106,24,62,233,300.0,5047
12809,0.0,0.0,3.7,56,16,20,1141,1800.0,5047
12810,1.0,0.0,3.9,717,22,20,977,1000.0,5047
12811,1.0,0.0,3.8,377,0,62,1357,500.0,5047
12812,1.0,0.0,3.9,191,0,62,294,600.0,729
12813,1.0,0.0,3.7,84,22,62,265,350.0,5047
12814,1.0,0.0,3.7,59,22,13,443,600.0,5047
12815,1.0,0.0,3.7,61,0,62,831,350.0,5047
12816,1.0,0.0,3.9,338,22,62,1196,500.0,4806
12817,1.0,0.0,3.9,139,0,62,1327,300.0,5047
12818,1.0,0.0,3.3,334,0,62,282,400.0,5047
12819,1.0,0.0,3.9,58,0,62,282,300.0,5047
12820,0.0,0.0,4.0,115,0,20,762,1000.0,5047
12821,0.0,0.0,3.4,46,16,20,1156,1100.0,5047
12822,1.0,0.0,3.9,172,0,62,1612,300.0,5047
12823,0.0,0.0,3.1,53,0,20,1251,600.0,5047
12824,0.0,0.0,3.6,61,0,13,332,500.0,5047
12825,1.0,0.0,3.1,40,0,62,1196,250.0,5047
12826,0.0,0.0,3.0,67,0,62,1589,300.0,5047
12827,0.0,0.0,4.0,40,0,9,210,400.0,5047
12828,0.0,0.0,3.6,34,0,62,1002,650.0,5047
12829,1.0,0.0,3.8,63,24,62,866,350.0,5047
12830,1.0,0.0,2.8,137,0,62,1451,300.0,5047
12831,0.0,0.0,3.7,112,0,20,550,500.0,5047
12832,1.0,0.0,3.2,64,0,62,1268,250.0,5047
12833,1.0,0.0,3.7,180,0,62,1196,400.0,5047
12834,1.0,0.0,3.4,154,0,62,1046,400.0,5047
12835,1.0,0.0,3.5,117,22,20,58,600.0,5047
12836,1.0,0.0,3.9,52,0,62,1589,300.0,5047
12837,1.0,0.0,3.9,66,0,62,235,700.0,1833
12838,0.0,1.0,4.6,890,41,54,687,1400.0,5047
12839,0.0,1.0,4.5,1231,41,53,35,1200.0,5047
12840,0.0,1.0,4.3,217,41,21,755,1200.0,5047
12841,0.0,1.0,4.5,7854,41,61,17,1800.0,5047
12842,0.0,1.0,4.4,4081,41,5,126,1200.0,5047
12843,0.0,1.0,4.2,1741,41,57,539,1400.0,5047
12844,1.0,1.0,4.2,1176,41,57,883,1300.0,5047
12845,1.0,1.0,4.0,281,41,21,801,1500.0,5047
12846,1.0,1.0,3.9,599,41,4,899,1200.0,5047
12847,0.0,0.0,3.9,105,41,4,878,1500.0,5047
12848,0.0,1.0,3.8,169,41,4,1587,1300.0,5047
12849,1.0,1.0,4.3,563,43,54,743,2000.0,5047
12850,1.0,0.0,4.6,4694,44,46,32,1500.0,5047
12851,0.0,1.0,4.4,1569,42,54,1128,2000.0,5047
12852,0.0,1.0,4.5,3915,42,60,889,1000.0,5047
12853,0.0,1.0,4.4,2362,44,21,1124,1100.0,5047
12854,0.0,1.0,4.6,6372,44,5,1107,1600.0,5047
12855,0.0,1.0,4.8,467,42,61,728,2100.0,5047
12856,1.0,1.0,4.5,3967,42,25,713,1600.0,5047
12857,0.0,1.0,4.7,4442,42,4,643,1000.0,5047
12858,0.0,1.0,4.4,373,40,18,334,1000.0,5047
12859,0.0,1.0,4.3,114,42,46,1471,1500.0,5047
12860,0.0,1.0,4.6,4997,42,26,803,1800.0,5047
12861,0.0,1.0,4.5,1995,42,54,630,1400.0,5047
12862,0.0,1.0,4.0,2159,42,46,627,1000.0,5047
12863,1.0,1.0,4.3,2572,42,4,688,1200.0,5047
12864,0.0,1.0,4.5,571,43,4,901,1000.0,5047
12865,0.0,1.0,4.3,1551,38,57,898,1200.0,5047
12866,1.0,1.0,4.2,1367,44,21,123,1400.0,5047
12867,0.0,0.0,3.7,4652,43,50,1304,2000.0,5047
12868,1.0,1.0,4.1,1789,42,57,881,1200.0,5047
12869,0.0,1.0,4.1,759,40,4,1196,1200.0,5047
12870,0.0,0.0,4.0,1408,43,60,633,1000.0,5047
12871,0.0,0.0,3.9,740,43,5,15,1400.0,5047
12872,0.0,1.0,3.9,150,42,58,902,1000.0,5047
12873,0.0,1.0,4.1,1237,42,49,632,1500.0,5047
12874,1.0,1.0,4.4,347,42,21,541,1000.0,5047
12875,0.0,0.0,4.2,270,43,60,748,1400.0,5047
12876,0.0,1.0,3.9,1389,42,46,718,1400.0,5047
12877,0.0,1.0,3.9,590,42,60,723,1300.0,5047
12878,1.0,0.0,3.7,130,38,21,624,1200.0,5047
12879,0.0,0.0,3.8,674,43,57,31,1700.0,5047
12880,1.0,1.0,3.7,1014,43,4,663,1300.0,5047
12881,0.0,0.0,3.8,152,43,60,37,1500.0,5047
12882,0.0,1.0,3.7,81,43,46,878,1200.0,5047
12883,0.0,0.0,4.3,416,22,5,1442,1200.0,5047
12884,0.0,1.0,4.6,653,22,7,686,850.0,5047
12885,0.0,1.0,4.0,1776,16,48,750,1600.0,5047
12886,0.0,1.0,4.1,1382,22,5,729,1200.0,5047
12887,0.0,1.0,4.3,2035,16,61,737,1700.0,5047
12888,0.0,1.0,4.7,10512,42,21,1323,1400.0,5047
12889,0.0,1.0,4.2,1754,42,20,637,1200.0,5047
12890,1.0,1.0,4.2,2620,42,20,514,1300.0,5047
12891,0.0,1.0,4.4,1569,42,54,1128,2000.0,5047
12892,1.0,1.0,4.5,3163,42,21,1233,1500.0,5047
12893,1.0,1.0,4.5,3467,42,20,1400,1300.0,5047
12894,1.0,1.0,4.9,2235,42,21,134,1500.0,5047
12895,1.0,0.0,4.1,6943,42,20,1402,750.0,5047
12896,0.0,1.0,4.3,2248,42,20,609,1100.0,5047
12897,0.0,1.0,3.9,1389,42,46,718,1400.0,5047
12898,1.0,1.0,3.9,485,42,20,1427,700.0,5047
12899,0.0,1.0,3.5,32,42,20,1196,1000.0,5047
12900,0.0,1.0,4.4,373,40,18,334,1000.0,5047
12901,1.0,1.0,4.4,9079,41,22,1468,600.0,5047
12902,0.0,1.0,4.7,3628,38,20,1325,1600.0,5047
12903,1.0,1.0,4.4,459,44,21,1156,1500.0,5047
12904,0.0,1.0,4.1,786,40,20,1375,1500.0,5047
12905,1.0,1.0,4.5,718,44,20,1009,1500.0,5047
12906,0.0,0.0,3.7,4652,43,50,1304,2000.0,5047
12907,1.0,1.0,4.4,681,44,20,1381,1500.0,5047
12908,1.0,1.0,4.4,1808,41,20,1678,1000.0,5047
12909,1.0,1.0,4.1,674,40,20,605,900.0,5047
12910,1.0,1.0,4.0,151,39,20,706,1100.0,5047
12911,1.0,1.0,4.0,1864,43,20,1156,600.0,5047
12912,1.0,1.0,4.2,767,41,20,1272,1700.0,5047
12913,1.0,1.0,4.0,281,41,21,801,1500.0,5047
12914,1.0,0.0,3.9,457,43,20,521,1000.0,5047
12915,0.0,1.0,4.2,117,44,20,1425,800.0,5047
12916,0.0,1.0,4.1,354,40,37,802,2000.0,5047
12917,0.0,1.0,4.3,105,44,20,1164,1000.0,5047
12918,0.0,0.0,3.8,38,43,20,1450,900.0,5047
12919,0.0,1.0,4.4,274,0,20,720,1300.0,5047
12920,1.0,0.0,3.9,421,0,20,112,800.0,5047
12921,0.0,0.0,4.7,14710,42,16,338,900.0,5047
12922,0.0,0.0,4.5,3845,42,13,469,800.0,5047
12923,0.0,0.0,4.1,2733,42,13,400,1300.0,5047
12924,0.0,0.0,4.4,174,42,17,467,600.0,5047
12925,1.0,0.0,4.3,2873,42,13,337,600.0,1750
12926,1.0,1.0,4.3,1807,42,22,660,900.0,5047
12927,1.0,0.0,4.5,2620,42,33,955,500.0,5047
12928,1.0,0.0,4.4,949,42,13,435,900.0,5047
12929,1.0,1.0,4.2,496,42,13,389,800.0,2498
12930,0.0,1.0,4.3,1470,42,13,406,800.0,5047
12931,0.0,1.0,4.5,549,42,13,412,900.0,5047
12932,1.0,1.0,4.5,208,42,13,498,800.0,5047
12933,1.0,1.0,4.2,874,42,13,339,600.0,964
12934,1.0,0.0,4.2,1063,42,13,394,800.0,3199
12935,1.0,0.0,4.5,344,42,33,779,300.0,5047
12936,1.0,1.0,4.1,402,42,15,422,1200.0,1385
12937,1.0,1.0,4.2,1704,42,13,459,650.0,5047
12938,1.0,0.0,4.1,141,42,13,452,1200.0,5047
12939,1.0,0.0,4.4,480,42,13,512,450.0,5047
12940,1.0,0.0,4.0,201,42,13,406,800.0,5047
12941,1.0,0.0,4.1,93,42,13,383,600.0,5047
12942,0.0,0.0,3.5,66,42,13,332,300.0,5047
12943,0.0,0.0,3.8,47,42,13,455,600.0,5047
12944,0.0,0.0,4.3,138,42,13,383,800.0,5047
12945,1.0,0.0,2.9,70,42,13,332,650.0,5047
12946,1.0,0.0,4.2,414,42,13,429,700.0,5047
12947,0.0,0.0,4.6,7122,41,13,335,600.0,5047
12948,1.0,1.0,4.4,9079,41,22,1468,600.0,5047
12949,0.0,0.0,4.4,1225,41,13,399,800.0,5047
12950,1.0,0.0,4.4,362,43,13,493,500.0,5047
12951,1.0,0.0,4.0,75,45,13,382,400.0,5047
12952,1.0,1.0,4.1,1855,38,13,343,600.0,5047
12953,1.0,0.0,4.1,3006,38,13,374,1000.0,5047
12954,0.0,0.0,4.1,314,41,13,383,600.0,5047
12955,1.0,0.0,4.2,177,43,13,332,600.0,5047
12956,1.0,1.0,4.2,2714,40,13,404,1000.0,2992
12957,0.0,0.0,4.3,294,41,13,473,850.0,5047
12958,1.0,1.0,4.4,192,40,13,332,1000.0,5047
12959,0.0,0.0,4.1,2449,43,13,371,700.0,5047
12960,1.0,0.0,4.6,1193,0,29,930,500.0,1262
12961,1.0,0.0,4.1,325,38,29,1156,450.0,4329
12962,1.0,0.0,4.0,996,22,20,238,800.0,2878
12963,1.0,0.0,3.7,340,0,20,65,800.0,5047
12964,1.0,0.0,4.1,54,0,72,1518,250.0,5047
12965,1.0,0.0,4.1,789,0,62,1597,300.0,2697
12966,1.0,0.0,3.7,216,0,62,1038,200.0,2383
12967,1.0,0.0,3.9,586,37,29,923,450.0,2947
12968,1.0,0.0,4.3,169,22,29,1156,400.0,563
12969,1.0,0.0,4.2,1294,0,20,105,900.0,5047
12970,1.0,0.0,4.3,171,42,62,322,500.0,4478
12971,1.0,0.0,3.3,911,38,62,1177,250.0,4923
12972,1.0,0.0,3.9,255,0,62,202,400.0,162
12973,1.0,0.0,3.8,256,0,20,282,800.0,5047
12974,1.0,0.0,3.4,154,0,62,1046,400.0,2028
12975,1.0,0.0,4.1,504,41,62,1003,600.0,4853
12976,1.0,0.0,4.4,107,37,29,1184,400.0,5047
12977,1.0,0.0,3.8,377,0,62,1357,500.0,5047
12978,1.0,0.0,4.1,359,22,62,323,600.0,3354
12979,1.0,0.0,4.2,190,43,62,1645,300.0,1876
12980,1.0,0.0,3.5,738,0,20,47,600.0,5047
12981,1.0,0.0,3.8,342,22,62,1582,400.0,2886
12982,1.0,0.0,4.1,1962,43,20,201,650.0,5047
12983,1.0,0.0,4.1,388,38,72,1181,500.0,1881
12984,1.0,0.0,3.0,260,0,62,1156,250.0,3511
12985,1.0,0.0,3.9,184,0,72,285,450.0,5047
12986,1.0,0.0,4.1,77,0,72,869,300.0,5047
12987,1.0,0.0,4.0,138,45,62,1609,250.0,2718
12988,1.0,0.0,4.0,208,0,70,1122,200.0,1656
12989,1.0,0.0,3.7,479,0,62,1235,450.0,4043
12990,1.0,0.0,3.8,103,0,72,1056,400.0,5047
12991,1.0,0.0,3.8,1080,0,20,235,500.0,3737
12992,1.0,0.0,4.0,200,0,62,1156,300.0,5047
12993,1.0,0.0,3.8,305,16,62,1063,300.0,2058
12994,1.0,0.0,4.3,83,22,20,268,650.0,5047
12995,1.0,0.0,4.1,212,45,9,224,150.0,3499
12996,1.0,0.0,4.0,189,0,62,43,400.0,5047
12997,1.0,0.0,4.2,469,0,62,1060,400.0,3703
12998,1.0,0.0,3.9,333,0,13,1195,200.0,2301
12999,1.0,0.0,4.2,428,38,62,266,250.0,2925
13000,1.0,0.0,4.1,133,0,62,1156,150.0,252
13001,1.0,0.0,3.9,234,38,72,1196,250.0,327
13002,1.0,0.0,3.9,182,0,62,1461,250.0,4901
13003,1.0,0.0,4.3,1593,42,20,152,550.0,4840
13004,1.0,0.0,4.6,277,42,30,956,400.0,764
13005,0.0,0.0,3.9,626,42,20,558,600.0,5047
13006,1.0,0.0,4.5,560,0,30,773,400.0,4496
13007,1.0,0.0,4.3,3617,43,62,1635,400.0,2958
13008,1.0,0.0,2.9,178,0,62,1196,300.0,4719
13009,1.0,0.0,4.1,1962,43,62,1110,600.0,4789
13010,1.0,0.0,4.2,557,42,62,1672,400.0,3767
13011,1.0,1.0,3.4,411,22,20,1375,750.0,5047
13012,1.0,0.0,3.9,331,38,20,604,600.0,4941
13013,1.0,0.0,4.2,850,22,62,1595,300.0,1844
13014,1.0,0.0,4.0,412,42,62,84,300.0,2759
13015,1.0,0.0,3.4,356,18,62,1156,350.0,56
13016,1.0,0.0,3.5,98,45,0,181,400.0,2070
13017,0.0,0.0,4.7,14710,42,16,338,900.0,5047
13018,1.0,0.0,3.1,382,22,62,1507,600.0,4973
13019,1.0,0.0,3.9,66,0,62,235,700.0,1833
13020,1.0,0.0,3.9,191,0,62,294,600.0,729
13021,1.0,0.0,4.1,361,42,72,264,400.0,4609
13022,1.0,0.0,3.9,297,41,72,1156,400.0,293
13023,1.0,0.0,4.4,7233,42,20,304,600.0,659
13024,1.0,0.0,4.0,359,45,29,235,650.0,1987
13025,1.0,0.0,4.0,293,43,45,1644,250.0,4116
13026,1.0,0.0,3.9,240,22,62,1381,400.0,5047
13027,1.0,0.0,4.0,113,0,12,1652,250.0,3728
13028,1.0,0.0,3.6,144,22,62,1547,150.0,105
13029,1.0,1.0,4.1,1342,22,20,1375,800.0,3603
13030,1.0,0.0,4.1,313,38,72,933,650.0,4446
13031,1.0,0.0,4.2,465,0,62,1179,300.0,5047
13032,1.0,0.0,4.0,107,38,20,1156,500.0,309
13033,1.0,0.0,3.8,60,0,62,1156,300.0,3659
13034,1.0,0.0,3.7,630,22,62,322,400.0,2638
13035,1.0,0.0,4.0,198,41,62,1156,500.0,5047
13036,1.0,0.0,3.9,421,0,20,112,800.0,2656
13037,1.0,0.0,2.9,136,0,62,565,300.0,3315
13038,1.0,0.0,3.5,139,0,72,282,500.0,5047
13039,1.0,0.0,3.9,490,43,20,1474,750.0,2346
13040,1.0,0.0,3.9,58,0,62,282,300.0,2393
13041,1.0,0.0,3.8,260,0,20,50,500.0,1110
13042,1.0,1.0,4.1,2727,0,20,296,800.0,4372
13043,1.0,0.0,3.7,382,42,20,1037,600.0,2844
13044,1.0,0.0,3.9,326,43,20,43,500.0,1065
13045,1.0,1.0,4.1,1250,42,20,1156,600.0,2793
13046,1.0,0.0,4.2,1077,42,69,1121,400.0,3951
13047,1.0,0.0,3.8,100,0,20,1589,350.0,4182
13048,1.0,0.0,3.7,181,0,62,1196,400.0,2835
13049,1.0,0.0,4.1,1128,16,29,271,650.0,1738
13050,1.0,0.0,3.9,52,0,62,1589,300.0,5047
13051,1.0,0.0,3.9,371,22,20,50,550.0,2471
13052,1.0,0.0,4.0,964,30,62,1356,500.0,2133
13053,1.0,0.0,2.3,298,7,62,286,450.0,1180
13054,1.0,0.0,4.0,65,22,20,1591,300.0,119
13055,1.0,0.0,3.9,127,22,20,301,600.0,4596
13056,1.0,0.0,4.3,286,22,62,1547,150.0,2420
13057,1.0,0.0,4.1,1117,42,20,289,750.0,4395
13058,1.0,0.0,3.9,192,0,62,256,300.0,1556
13059,1.0,0.0,4.3,894,16,29,181,500.0,1589
13060,1.0,0.0,3.9,1190,0,62,1196,500.0,3584
13061,1.0,0.0,3.9,461,0,20,197,650.0,3013
13062,1.0,0.0,3.9,84,22,62,578,400.0,2889
13063,1.0,0.0,4.1,192,45,29,1465,750.0,1444
13064,1.0,0.0,3.9,149,22,69,1121,200.0,287
13065,1.0,0.0,3.9,462,22,62,262,600.0,4614
13066,1.0,0.0,2.9,67,0,20,1459,200.0,1850
13067,1.0,0.0,4.2,146,28,20,1375,600.0,574
13068,1.0,0.0,4.0,457,43,29,932,500.0,692
13069,1.0,0.0,4.1,71,22,30,792,400.0,4003
13070,1.0,0.0,3.9,100,30,62,1547,200.0,2684
13071,1.0,0.0,4.2,703,44,30,182,450.0,2936
13072,1.0,0.0,4.3,655,43,62,1547,250.0,3831
13073,1.0,0.0,4.1,171,30,62,256,400.0,584
13074,1.0,0.0,3.9,468,0,20,112,700.0,5047
13075,1.0,0.0,4.0,115,0,62,591,400.0,159
13076,1.0,0.0,3.6,221,0,20,286,600.0,4944
13077,1.0,0.0,4.3,341,42,20,555,800.0,1399
13078,1.0,0.0,4.0,758,24,62,1156,250.0,3318
13079,1.0,0.0,3.9,358,0,62,1196,400.0,4078
13080,1.0,0.0,4.2,701,41,29,1181,450.0,1328
13081,1.0,0.0,3.6,218,22,62,252,400.0,5047
13082,1.0,0.0,4.1,894,40,13,395,800.0,4651
13083,1.0,0.0,4.1,414,44,12,1026,300.0,2530
13084,1.0,1.0,3.9,487,0,13,710,700.0,5047
13085,1.0,0.0,3.1,53,38,62,817,100.0,204
13086,1.0,0.0,3.9,184,22,29,609,600.0,4669
13087,1.0,0.0,3.9,324,3,20,1196,650.0,1801
13088,1.0,1.0,4.4,9079,41,22,1468,600.0,2932
13089,1.0,0.0,4.0,101,0,20,558,600.0,4727
13090,1.0,0.0,3.3,395,44,62,1156,400.0,2774
13091,1.0,0.0,3.9,462,16,20,1219,600.0,984
13092,1.0,0.0,4.0,85,0,62,856,400.0,3627
13093,1.0,0.0,4.3,279,44,62,1156,450.0,292
13094,1.0,0.0,3.7,434,41,62,1423,400.0,2777
13095,1.0,0.0,3.1,266,22,20,517,550.0,4753
13096,1.0,0.0,4.0,94,22,20,989,700.0,5047
13097,1.0,0.0,4.1,511,43,30,789,500.0,1645
13098,1.0,0.0,3.7,118,0,62,266,400.0,2014
13099,1.0,0.0,3.8,132,44,62,1497,300.0,296
13100,1.0,0.0,3.9,48,22,30,211,400.0,1690
13101,1.0,1.0,4.0,236,42,20,1141,800.0,4277
13102,1.0,0.0,4.0,326,22,29,1637,200.0,1497
13103,1.0,0.0,4.1,93,42,13,383,600.0,3099
13104,1.0,0.0,4.6,121,38,30,773,300.0,319
13105,1.0,0.0,3.7,329,0,72,1185,500.0,4860
13106,1.0,0.0,3.9,523,41,20,609,500.0,4777
13107,1.0,0.0,3.3,293,22,20,208,600.0,2206
13108,1.0,1.0,4.9,2235,42,21,134,1500.0,4955
13109,1.0,0.0,3.9,163,22,62,1597,300.0,3170
13110,1.0,0.0,3.5,124,22,20,1558,550.0,1061
13111,1.0,0.0,3.8,53,44,62,917,350.0,3235
13112,0.0,0.0,4.5,3845,42,13,469,800.0,5047
13113,1.0,1.0,3.5,552,3,20,1236,600.0,4406
13114,1.0,0.0,3.8,140,42,62,1591,200.0,1665
13115,1.0,0.0,3.7,59,22,13,443,600.0,2422
13116,1.0,0.0,4.3,3459,44,20,1156,600.0,2482
13117,1.0,0.0,4.4,362,43,13,493,500.0,3613
13118,1.0,0.0,3.8,222,18,20,558,600.0,3403
13119,1.0,1.0,4.4,1808,41,20,1678,1000.0,1470
13120,1.0,0.0,3.5,117,22,20,58,600.0,345
13121,1.0,0.0,4.2,114,0,62,537,300.0,3774
13122,1.0,0.0,3.9,501,43,62,1638,300.0,1510
13123,1.0,0.0,3.4,47,0,62,1636,200.0,5047
13124,1.0,1.0,4.5,208,42,13,498,800.0,618
13125,1.0,0.0,4.3,190,41,0,181,400.0,2086
13126,0.0,1.0,4.5,3915,42,60,889,1000.0,5047
13127,1.0,0.0,4.0,270,38,62,1207,450.0,2201
13128,1.0,0.0,4.0,269,42,45,1677,300.0,2142
13129,1.0,1.0,4.2,1543,0,20,1054,800.0,2390
13130,1.0,0.0,3.9,231,38,29,1106,400.0,1709
13131,1.0,1.0,4.2,1704,42,13,459,650.0,1348
13132,1.0,0.0,3.9,121,38,62,1209,400.0,1373
13133,1.0,0.0,3.9,172,0,62,1612,300.0,3814
13134,1.0,0.0,4.0,139,22,20,625,750.0,4234
13135,1.0,0.0,3.9,151,22,30,773,300.0,772
13136,1.0,0.0,4.3,246,42,62,1668,600.0,1147
13137,1.0,0.0,3.8,283,22,62,286,400.0,4687
13138,1.0,0.0,4.5,344,42,33,779,300.0,2612
13139,1.0,0.0,4.1,167,42,29,44,300.0,1451
13140,1.0,0.0,4.5,2073,22,20,1626,1200.0,1519
13141,1.0,0.0,4.1,382,0,62,84,250.0,4062
13142,1.0,0.0,3.8,295,42,62,826,500.0,3376
13143,1.0,0.0,3.8,63,0,62,203,300.0,175
13144,1.0,0.0,3.7,185,0,62,858,400.0,1134
13145,1.0,0.0,4.1,205,42,62,817,250.0,262
13146,1.0,0.0,3.6,176,22,29,259,400.0,409
13147,1.0,1.0,4.5,811,0,20,716,800.0,5047
13148,1.0,0.0,3.6,193,0,29,917,450.0,3321
13149,1.0,0.0,3.8,66,42,20,98,800.0,4602
13150,1.0,0.0,3.9,454,44,20,197,600.0,2548
13151,1.0,0.0,4.0,870,0,29,250,500.0,4590
13152,1.0,0.0,3.9,107,44,29,918,600.0,4646
13153,1.0,0.0,4.1,192,41,30,767,300.0,768
13154,1.0,0.0,3.1,89,0,62,1374,300.0,2914
13155,1.0,0.0,3.2,64,0,62,1268,250.0,4803
13156,1.0,0.0,4.0,403,22,30,956,450.0,613
13157,1.0,0.0,3.8,331,22,62,1156,350.0,2455
13158,1.0,0.0,3.9,705,0,20,1156,500.0,4325
13159,1.0,0.0,3.7,130,38,21,624,1200.0,1958
13160,0.0,0.0,4.1,2733,42,13,400,1300.0,5047
13161,1.0,0.0,4.0,314,42,20,610,800.0,5047
13162,1.0,0.0,4.0,70,45,29,1113,600.0,3778
13163,1.0,0.0,4.1,614,44,20,161,500.0,1435
13164,1.0,1.0,4.3,549,42,26,1265,1000.0,3046
13165,1.0,0.0,3.5,221,0,70,1119,400.0,3712
13166,1.0,0.0,3.9,375,38,20,235,750.0,649
13167,1.0,0.0,3.2,49,42,62,120,300.0,4637
13168,1.0,0.0,4.2,532,44,62,1669,450.0,1133
13169,1.0,0.0,4.6,1026,44,17,431,550.0,3776
13170,1.0,1.0,3.9,74,0,20,1277,900.0,2094
13171,1.0,0.0,4.1,121,22,62,1578,200.0,5047
13172,1.0,0.0,4.0,960,44,20,1669,500.0,1304
13173,1.0,0.0,4.6,4694,44,46,32,1500.0,1533
13174,1.0,0.0,3.9,85,44,62,1156,400.0,2796
13175,1.0,1.0,3.8,1167,22,20,1057,600.0,961
13176,1.0,0.0,4.2,53,42,30,773,400.0,1931
13177,1.0,0.0,4.2,177,43,13,332,600.0,2504
13178,1.0,0.0,4.8,189,42,30,767,400.0,4487
13179,1.0,0.0,3.6,95,38,62,1335,300.0,4088
13180,1.0,0.0,3.9,226,38,29,1429,450.0,5047
13181,1.0,0.0,4.1,141,42,13,452,1200.0,5047
13182,1.0,0.0,3.5,177,0,62,203,500.0,2060
13183,1.0,1.0,3.9,485,42,20,1427,700.0,5047
13184,1.0,0.0,3.0,64,16,30,794,200.0,2153
13185,1.0,0.0,4.1,87,43,13,427,700.0,374
13186,1.0,0.0,4.2,972,42,62,1547,200.0,5047
13187,1.0,0.0,3.6,242,42,20,1412,1000.0,1199
13188,1.0,0.0,3.9,717,22,20,977,1000.0,1978
13189,1.0,0.0,3.9,46,22,13,432,300.0,1641
13190,1.0,0.0,4.1,322,43,62,1156,600.0,4380
13191,1.0,0.0,4.2,56,42,9,210,400.0,533
13192,1.0,1.0,4.1,222,42,20,1239,600.0,2219
13193,1.0,0.0,3.8,232,30,20,68,600.0,5047
13194,1.0,0.0,3.9,443,0,62,1190,500.0,1008
13195,1.0,0.0,4.0,109,0,62,1156,300.0,241
13196,1.0,0.0,3.8,39,41,29,282,600.0,2999
13197,1.0,1.0,4.2,344,42,20,1156,700.0,5047
13198,1.0,0.0,3.9,97,18,62,202,500.0,1901
13199,1.0,0.0,4.2,823,43,20,1156,1000.0,2365
13200,1.0,0.0,3.9,111,30,62,329,500.0,4885
13201,1.0,0.0,4.3,2873,42,13,337,600.0,1750
13202,1.0,0.0,4.0,529,18,29,314,350.0,5047
13203,1.0,0.0,4.5,2620,42,33,955,500.0,721
13204,0.0,0.0,4.0,1209,41,13,408,650.0,5047
13205,1.0,0.0,4.3,1105,22,13,419,700.0,331
13206,1.0,0.0,3.7,84,22,62,265,350.0,2827
13207,1.0,0.0,4.0,567,43,62,1474,400.0,3139
13208,1.0,0.0,4.3,726,42,62,817,400.0,3861
13209,1.0,0.0,3.9,670,22,20,292,800.0,2667
13210,1.0,0.0,4.0,169,42,11,778,400.0,2544
13211,1.0,0.0,4.2,310,0,29,1045,600.0,182
13212,1.0,1.0,4.2,296,42,20,1532,800.0,2951
13213,1.0,0.0,2.8,261,22,20,1040,700.0,949
13214,1.0,1.0,4.2,325,44,20,1205,800.0,213
13215,1.0,0.0,3.2,166,16,62,1476,600.0,3485
13216,0.0,0.0,4.3,2304,42,20,65,800.0,5047
13217,1.0,1.0,4.2,2620,42,20,514,1300.0,5047
13218,1.0,0.0,2.8,152,44,20,1206,700.0,1343
13219,1.0,0.0,3.5,323,38,62,1077,500.0,3032
13220,1.0,0.0,3.8,191,22,62,1573,250.0,3168
13221,1.0,1.0,4.4,2394,41,20,1083,1000.0,5047
13222,0.0,1.0,4.7,4442,42,4,643,1000.0,5047
13223,1.0,0.0,4.2,50,45,29,181,500.0,1615
13224,1.0,0.0,4.3,221,38,62,1075,300.0,3807
13225,1.0,0.0,4.0,186,44,2,188,500.0,2279
13226,1.0,0.0,4.2,289,3,62,6,400.0,4033
13227,1.0,0.0,3.9,139,0,62,1327,300.0,5047
13228,1.0,0.0,3.7,69,42,62,1156,200.0,2054
13229,1.0,0.0,4.0,781,43,20,1005,750.0,2751
13230,1.0,0.0,3.6,73,42,20,197,700.0,4196
13231,1.0,0.0,3.5,80,30,20,72,750.0,234
13232,1.0,0.0,3.9,475,43,20,1459,600.0,5047
13233,1.0,0.0,4.0,38,0,32,775,300.0,3736
13234,1.0,0.0,4.0,75,45,13,382,400.0,1766
13235,1.0,1.0,4.2,149,42,20,68,900.0,2944
13236,0.0,1.0,4.5,685,42,20,603,1400.0,5047
13237,1.0,0.0,4.2,1023,22,30,773,500.0,815
13238,1.0,0.0,3.9,554,44,62,818,600.0,4699
13239,1.0,0.0,3.9,67,30,62,817,200.0,1466
13240,1.0,0.0,4.3,793,22,20,168,1000.0,5047
13241,1.0,0.0,4.0,830,0,20,1490,500.0,5047
13242,1.0,1.0,4.5,3467,42,20,1400,1300.0,5047
13243,1.0,0.0,4.0,576,38,20,208,600.0,854
13244,1.0,0.0,2.9,362,22,20,1197,450.0,5047
13245,1.0,0.0,3.6,97,38,62,1039,300.0,1151
13246,1.0,0.0,3.6,108,16,62,1589,40.0,3542
13247,1.0,1.0,4.0,797,44,20,1156,900.0,5047
13248,1.0,0.0,3.9,59,41,62,1416,300.0,322
13249,1.0,0.0,3.6,207,42,20,1050,500.0,5047
13250,0.0,0.0,3.8,1161,42,20,50,650.0,5047
13251,1.0,1.0,4.5,1889,38,21,1430,1200.0,4423
13252,1.0,0.0,3.9,70,42,12,1023,150.0,3844
13253,1.0,0.0,3.4,277,0,66,1455,250.0,172
13254,1.0,1.0,4.1,221,41,20,1156,1000.0,5047
13255,1.0,0.0,4.1,61,42,30,792,450.0,1743
13256,1.0,1.0,3.9,536,22,20,76,900.0,5047
13257,1.0,1.0,4.1,1028,3,20,1156,1000.0,5047
13258,1.0,0.0,3.8,76,42,62,202,500.0,4257
13259,1.0,0.0,3.6,42,0,13,401,600.0,3473
13260,1.0,0.0,3.8,75,85,20,672,1000.0,3301
13261,1.0,0.0,3.8,76,22,13,436,650.0,792
13262,1.0,0.0,3.8,81,22,62,1465,800.0,4827
13263,1.0,0.0,4.1,61,39,13,451,600.0,4467
13264,1.0,0.0,4.2,533,42,20,600,600.0,4878
13265,1.0,0.0,2.8,137,38,62,1156,500.0,5047
13266,1.0,0.0,3.8,258,37,29,1196,300.0,3288
13267,0.0,0.0,4.1,1227,42,62,1112,400.0,5047
13268,1.0,0.0,3.8,57,44,20,1531,700.0,5047
13269,1.0,1.0,4.3,342,41,62,790,450.0,5047
13270,1.0,0.0,4.4,480,42,13,512,450.0,546
13271,1.0,1.0,3.7,113,22,20,1196,800.0,719
13272,1.0,1.0,3.5,59,22,20,1279,700.0,2920
13273,1.0,0.0,4.1,187,22,9,215,400.0,3981
13274,0.0,0.0,4.1,440,42,20,1209,500.0,5047
13275,1.0,0.0,4.0,76,38,0,181,500.0,1595
13276,1.0,0.0,4.1,778,38,13,383,700.0,3433
13277,1.0,0.0,4.0,188,38,29,171,300.0,5047
13278,1.0,0.0,3.9,110,42,30,950,200.0,2295
13279,1.0,0.0,4.1,67,43,20,1090,1000.0,1165
13280,1.0,0.0,3.9,93,30,62,230,200.0,3711
13281,1.0,0.0,4.0,139,42,12,1025,200.0,2532
13282,1.0,0.0,3.9,34,18,62,1156,300.0,3545
13283,1.0,0.0,3.5,304,22,72,287,400.0,5047
13284,1.0,0.0,3.8,214,44,20,1354,700.0,1416
13285,1.0,0.0,4.1,3006,38,13,374,1000.0,5047
13286,1.0,0.0,3.6,90,44,62,826,500.0,3020
13287,1.0,0.0,3.1,910,42,20,1381,600.0,1425
13288,1.0,1.0,3.9,606,22,20,1092,1000.0,1158
13289,1.0,1.0,4.0,1864,43,20,1156,600.0,5047
13290,1.0,0.0,4.4,949,42,13,435,900.0,4069
13291,1.0,0.0,3.9,660,42,20,618,500.0,1807
13292,1.0,0.0,3.8,153,44,29,1296,500.0,877
13293,0.0,0.0,4.3,995,42,62,617,350.0,5047
13294,1.0,0.0,4.0,131,0,30,949,230.0,3238
13295,1.0,1.0,4.5,718,44,20,1009,1500.0,806
13296,1.0,0.0,4.1,271,38,62,132,500.0,4505
13297,1.0,1.0,4.1,1789,42,57,881,1200.0,1516
13298,1.0,1.0,4.1,735,22,13,405,1200.0,1769
13299,1.0,1.0,4.4,1854,43,20,521,1100.0,5047
13300,1.0,0.0,4.1,134,22,20,1156,650.0,5047
13301,0.0,1.0,4.5,549,42,13,412,900.0,5047
13302,1.0,0.0,4.2,602,44,30,773,900.0,525
13303,1.0,0.0,3.9,41,42,62,1156,250.0,5047
13304,1.0,0.0,4.1,845,43,20,1534,700.0,5047
13305,1.0,0.0,3.5,888,44,20,1375,650.0,967
13306,1.0,1.0,4.4,523,43,20,23,2500.0,5047
13307,1.0,0.0,4.0,76,40,62,1602,300.0,3563
13308,1.0,1.0,4.4,681,44,20,1381,1500.0,4084
13309,1.0,0.0,3.9,237,42,62,1551,200.0,2825
13310,0.0,1.0,4.0,2159,42,46,627,1000.0,5047
13311,1.0,0.0,3.8,64,22,62,64,500.0,337
13312,1.0,0.0,3.9,97,0,62,967,1000.0,404
13313,1.0,0.0,3.9,157,85,20,1196,450.0,4404
13314,1.0,0.0,3.9,1142,42,20,1352,500.0,2360
13315,1.0,0.0,3.9,231,42,30,956,500.0,2606
13316,0.0,0.0,3.8,209,0,19,370,400.0,5047
13317,1.0,1.0,4.5,261,41,20,1008,1300.0,928
13318,1.0,0.0,3.7,69,0,29,83,400.0,4191
13319,1.0,0.0,3.9,394,44,20,911,750.0,1436
13320,1.0,0.0,3.7,483,41,20,761,800.0,1344
13321,1.0,0.0,3.9,77,16,32,773,300.0,2326
13322,1.0,0.0,3.8,473,42,20,1597,500.0,3155
13323,1.0,0.0,3.9,457,43,20,521,1000.0,5047
13324,1.0,0.0,4.1,65,41,16,462,700.0,4746
13325,1.0,0.0,4.0,494,22,20,528,800.0,5047
13326,1.0,0.0,4.2,166,22,62,235,300.0,5047
13327,1.0,0.0,3.6,82,38,62,1505,400.0,5047
13328,0.0,1.0,4.3,2248,42,20,609,1100.0,5047
13329,1.0,0.0,3.7,51,3,62,1156,300.0,5047
13330,1.0,0.0,2.8,137,0,62,1451,300.0,255
13331,1.0,0.0,3.7,159,30,20,251,700.0,5047
13332,1.0,1.0,3.7,110,42,20,1196,900.0,5047
13333,1.0,0.0,3.9,44,43,62,621,550.0,2533
13334,1.0,0.0,3.8,117,0,20,1185,600.0,5047
13335,1.0,0.0,4.2,249,0,32,210,500.0,379
13336,1.0,0.0,4.1,41,16,31,769,400.0,3425
13337,1.0,0.0,3.8,127,0,62,1196,400.0,5047
13338,1.0,1.0,4.2,496,42,13,389,800.0,5047
13339,1.0,0.0,4.0,64,42,62,228,150.0,2191
13340,1.0,0.0,4.0,70,0,30,773,300.0,507
13341,1.0,0.0,4.2,180,42,30,773,350.0,4268
13342,1.0,0.0,2.9,95,0,29,1432,700.0,1055
13343,1.0,0.0,3.8,267,44,20,1154,650.0,1547
13344,1.0,0.0,4.3,379,22,20,30,700.0,5047
13345,1.0,1.0,4.5,3967,42,25,713,1600.0,494
13346,1.0,1.0,4.2,874,42,13,339,600.0,964
13347,1.0,1.0,4.2,1920,22,49,889,1500.0,4452
13348,1.0,0.0,3.2,68,22,20,1619,400.0,267
13349,1.0,1.0,4.5,3163,42,21,1233,1500.0,5047
13350,1.0,1.0,4.1,258,41,20,1149,750.0,5047
13351,1.0,0.0,3.9,88,22,62,817,250.0,3760
13352,0.0,0.0,4.3,450,42,30,958,400.0,5047
13353,0.0,0.0,4.2,676,42,20,1589,650.0,5047
13354,0.0,0.0,4.1,44,42,62,1636,150.0,5047
13355,1.0,0.0,3.7,259,42,20,1139,750.0,1223
13356,1.0,0.0,4.0,515,44,20,562,750.0,2964
13357,1.0,0.0,3.8,41,44,62,235,200.0,986
13358,1.0,0.0,2.9,42,0,62,1432,250.0,94
13359,1.0,1.0,3.7,291,41,20,69,750.0,5047
13360,1.0,0.0,4.3,67,42,30,1676,250.0,4073
13361,1.0,1.0,4.4,3674,42,20,606,1400.0,5047
13362,1.0,1.0,4.5,1879,0,13,394,900.0,1820
13363,0.0,1.0,4.4,326,42,20,1067,1200.0,5047
13364,1.0,0.0,3.7,215,42,62,1628,200.0,3628
13365,1.0,0.0,4.4,384,44,62,1584,300.0,5047
13366,1.0,0.0,3.8,149,42,20,277,600.0,4969
13367,1.0,0.0,4.1,142,22,13,383,800.0,3869
13368,1.0,0.0,4.1,1003,42,20,1388,700.0,5047
13369,1.0,0.0,3.8,618,0,13,472,600.0,3452
13370,1.0,0.0,3.7,72,30,20,1209,450.0,2373
13371,1.0,0.0,3.9,127,30,62,1589,400.0,80
13372,1.0,1.0,4.0,1515,40,13,383,900.0,5047
13373,1.0,0.0,3.9,214,0,20,1240,600.0,4522
13374,1.0,0.0,4.2,166,42,62,817,300.0,2410
13375,1.0,1.0,4.4,387,42,21,1108,1500.0,1729
13376,1.0,0.0,4.0,205,0,14,350,500.0,3975
13377,1.0,0.0,3.9,823,42,20,558,750.0,5047
13378,1.0,1.0,4.1,1082,30,20,1196,1000.0,5047
13379,1.0,0.0,4.5,237,22,20,1076,1200.0,5047
13380,1.0,0.0,3.1,140,0,20,1182,600.0,5047
13381,1.0,0.0,4.2,115,0,12,217,400.0,1706
13382,1.0,1.0,4.4,192,40,13,332,1000.0,5047
13383,1.0,1.0,4.2,2714,40,13,404,1000.0,2992
13384,1.0,0.0,3.8,123,42,0,181,400.0,5047
13385,1.0,0.0,2.8,102,3,62,1196,350.0,4916
13386,1.0,0.0,3.8,63,24,62,866,350.0,3656
13387,1.0,1.0,4.1,674,40,20,605,900.0,5047
13388,1.0,0.0,3.4,34,44,20,1359,650.0,5047
13389,1.0,1.0,4.2,217,16,20,808,1500.0,3746
13390,1.0,0.0,2.9,331,16,29,1002,600.0,897
13391,1.0,0.0,3.9,247,30,13,406,400.0,3194
13392,1.0,1.0,3.9,161,22,24,1296,900.0,5047
13393,1.0,1.0,4.2,1626,41,20,1512,1500.0,3224
13394,1.0,0.0,3.8,230,38,13,394,600.0,4017
13395,1.0,1.0,4.3,2572,42,4,688,1200.0,4821
13396,1.0,0.0,3.7,195,0,62,1156,400.0,5047
13397,1.0,1.0,4.0,1390,44,20,674,1100.0,4759
13398,1.0,0.0,3.9,203,0,62,1451,300.0,5047
13399,1.0,1.0,4.4,459,44,21,1156,1500.0,3304
13400,1.0,0.0,3.7,92,22,0,181,400.0,606
13401,1.0,0.0,4.2,1063,42,13,394,800.0,5047
13402,1.0,1.0,4.4,347,42,21,541,1000.0,5047
13403,1.0,0.0,3.8,94,38,62,217,250.0,1942
13404,1.0,0.0,3.8,94,38,20,1253,600.0,1276
13405,1.0,0.0,3.7,70,43,12,224,250.0,5047
13406,1.0,0.0,4.2,169,41,13,427,700.0,2650
13407,1.0,0.0,3.7,52,41,13,473,450.0,5047
13408,1.0,1.0,4.0,1238,41,13,332,700.0,3513
13409,1.0,0.0,3.7,141,22,20,54,500.0,5047
13410,1.0,0.0,4.0,100,44,30,175,150.0,681
13411,1.0,0.0,3.9,338,22,62,1196,500.0,4807
13412,1.0,0.0,3.7,101,0,13,488,700.0,2514
13413,1.0,0.0,3.9,213,43,62,317,400.0,5047
13414,1.0,0.0,3.1,120,43,20,1196,500.0,5047
13415,1.0,0.0,4.0,457,38,20,1156,650.0,5047
13416,1.0,1.0,4.1,1855,38,13,343,600.0,5047
13417,1.0,1.0,3.9,224,22,20,1285,800.0,2457
13418,1.0,1.0,4.2,1176,41,57,883,1300.0,1383
13419,1.0,0.0,3.8,48,45,62,1196,300.0,69
13420,1.0,0.0,3.7,127,18,72,849,300.0,2269
13421,1.0,0.0,4.1,725,43,29,1477,700.0,5047
13422,1.0,1.0,4.3,1807,42,22,660,900.0,5047
13423,1.0,1.0,4.1,601,43,20,998,1100.0,1602
13424,1.0,0.0,3.8,34,42,69,1117,250.0,3854
13425,1.0,0.0,4.1,57,38,12,1023,200.0,3916
13426,1.0,0.0,4.0,310,30,13,388,750.0,3794
13427,1.0,0.0,3.8,75,41,20,700,750.0,5047
13428,1.0,0.0,4.1,465,0,13,344,500.0,4055
13429,1.0,0.0,3.9,450,22,20,1209,550.0,5047
13430,1.0,1.0,4.2,767,41,20,1272,1700.0,3605
13431,1.0,0.0,3.6,165,40,20,1196,500.0,4629
13432,1.0,0.0,3.6,72,43,62,1109,200.0,594
13433,1.0,0.0,3.6,71,0,62,1248,350.0,1185
13434,1.0,0.0,3.9,79,44,30,956,800.0,4474
13435,0.0,1.0,3.9,1389,42,46,718,1400.0,5047
13436,1.0,0.0,3.9,64,42,62,1072,300.0,3716
13437,1.0,0.0,3.8,46,44,62,832,400.0,4934
13438,0.0,0.0,4.1,183,42,51,1156,150.0,5047
13439,1.0,0.0,3.5,283,0,62,206,350.0,5047
13440,1.0,0.0,4.4,149,42,72,214,350.0,5047
13441,1.0,1.0,4.1,402,42,15,422,1200.0,5047
13442,1.0,0.0,3.8,71,0,20,1165,1000.0,3744
13443,1.0,0.0,3.8,103,43,62,1209,400.0,4708
13444,1.0,0.0,3.9,106,22,62,1547,150.0,739
13445,1.0,1.0,4.1,1697,42,20,1196,1200.0,4586
13446,1.0,0.0,3.7,455,22,72,1196,400.0,5047
13447,1.0,0.0,3.8,273,0,20,1310,900.0,2289
13448,1.0,0.0,3.8,254,0,20,521,600.0,5047
13449,1.0,0.0,2.7,73,0,20,565,600.0,4376
13450,1.0,0.0,4.1,56,42,62,817,500.0,903
13451,0.0,0.0,3.8,34,42,0,187,400.0,5047
13452,1.0,1.0,4.2,1367,44,21,123,1400.0,24
13453,1.0,1.0,3.9,144,41,20,665,1000.0,3388
13454,0.0,0.0,3.7,61,0,69,1116,250.0,5047
13455,1.0,0.0,3.9,316,30,62,1639,300.0,4074
13456,1.0,0.0,4.1,505,43,13,381,600.0,5047
13457,1.0,0.0,4.1,992,43,13,404,600.0,1539
13458,1.0,0.0,4.0,685,42,62,617,250.0,5047
13459,1.0,0.0,3.7,175,22,72,257,400.0,3335
13460,1.0,0.0,3.9,49,41,62,1567,400.0,947
13461,1.0,1.0,3.9,599,41,4,899,1200.0,953
13462,1.0,0.0,4.0,62,43,62,986,400.0,3103
13463,1.0,1.0,4.4,103,45,13,389,700.0,4850
13464,0.0,0.0,3.8,89,42,62,1337,300.0,5047
13465,1.0,0.0,3.7,61,0,62,831,350.0,4242
13466,1.0,1.0,4.0,151,39,20,706,1100.0,1878
13467,1.0,1.0,4.1,152,43,62,378,600.0,1485
13468,0.0,0.0,4.1,145,42,30,949,200.0,5047
13469,1.0,0.0,3.7,502,38,29,1423,500.0,5047
13470,1.0,0.0,2.9,62,30,65,548,650.0,3879
13471,0.0,0.0,3.8,38,42,30,952,400.0,5047
13472,1.0,0.0,4.4,405,42,72,1392,500.0,1893
13473,1.0,0.0,3.9,188,45,62,563,400.0,5047
13474,0.0,0.0,2.4,45,42,29,876,400.0,5047
13475,1.0,0.0,3.5,433,38,29,1429,500.0,5047
13476,1.0,0.0,4.0,69,44,30,767,400.0,5009
13477,1.0,0.0,4.1,292,43,62,328,600.0,1815
13478,1.0,0.0,3.5,74,43,20,1028,600.0,5047
13479,1.0,0.0,4.1,306,44,13,414,600.0,496
13480,1.0,0.0,3.6,243,43,20,1522,800.0,5047
13481,1.0,0.0,4.0,201,42,13,406,800.0,2242
13482,1.0,0.0,4.0,195,43,29,1657,500.0,4852
13483,1.0,0.0,3.4,95,42,62,96,200.0,4066
13484,1.0,0.0,3.9,96,38,62,1327,350.0,1326
13485,1.0,0.0,4.0,212,41,62,749,400.0,5047
13486,1.0,0.0,2.8,79,16,62,1235,300.0,5047
13487,1.0,0.0,4.0,1113,41,29,1209,500.0,2232
13488,1.0,0.0,3.6,132,0,72,286,600.0,5047
13489,1.0,0.0,3.8,178,38,20,1335,800.0,5047
13490,1.0,0.0,3.0,61,0,13,332,650.0,819
13491,1.0,0.0,4.0,76,38,62,1511,300.0,5047
13492,1.0,0.0,3.7,95,38,62,1156,150.0,2465
13493,1.0,0.0,4.3,169,41,30,773,450.0,5047
13494,1.0,0.0,3.9,179,43,29,834,300.0,4737
13495,1.0,0.0,3.6,57,22,72,1156,400.0,5047
13496,1.0,0.0,3.8,278,22,62,235,200.0,5047
13497,1.0,0.0,3.8,76,30,62,1046,300.0,724
13498,1.0,0.0,3.7,46,0,20,1196,600.0,554
13499,1.0,0.0,3.8,110,43,72,1002,400.0,5047
13500,1.0,0.0,3.8,211,22,29,38,600.0,5047
13501,0.0,0.0,4.1,724,41,31,769,300.0,5047
13502,0.0,0.0,3.6,117,0,29,1196,500.0,5047
13503,0.0,0.0,3.7,99,41,29,1002,700.0,5047
13504,1.0,0.0,3.3,334,0,62,282,400.0,5047
13505,1.0,0.0,3.7,47,43,20,1207,800.0,5047
13506,1.0,0.0,4.2,185,0,51,1209,300.0,5047
13507,1.0,0.0,3.9,144,41,29,1156,500.0,201
13508,1.0,0.0,3.4,212,22,20,1258,800.0,5047
13509,1.0,0.0,3.8,38,38,20,1156,500.0,5047
13510,1.0,0.0,3.8,215,43,20,1111,700.0,5047
13511,1.0,0.0,3.7,47,0,30,951,200.0,5047
13512,0.0,0.0,4.1,324,44,13,342,700.0,5047
13513,0.0,0.0,3.8,47,42,13,455,600.0,5047
13514,1.0,1.0,3.7,1014,43,4,663,1300.0,5047
13515,1.0,0.0,4.1,37,44,35,787,500.0,5047
13516,1.0,0.0,4.3,1902,42,30,767,400.0,5047
13517,1.0,0.0,3.7,67,0,62,1563,300.0,5047
13518,1.0,0.0,3.1,68,30,62,1140,550.0,5047
13519,1.0,0.0,3.1,40,0,62,1196,250.0,5047
13520,1.0,0.0,3.6,75,42,62,323,600.0,2164
13521,1.0,0.0,4.0,152,42,12,219,350.0,5047
13522,0.0,1.0,4.2,1741,41,57,539,1400.0,5047
13523,0.0,0.0,3.7,4652,43,50,1304,2000.0,5047
13524,0.0,1.0,4.0,169,0,4,878,1100.0,5047
13525,1.0,0.0,3.8,172,42,20,1423,550.0,5047
13526,1.0,0.0,4.2,414,42,13,429,700.0,5047
13527,0.0,0.0,4.2,1534,43,62,1245,600.0,5047
13528,0.0,1.0,4.3,164,41,20,526,800.0,5047
13529,0.0,0.0,4.3,294,41,13,473,850.0,5047
13530,0.0,0.0,3.9,1160,41,20,517,650.0,5047
13531,0.0,0.0,4.1,2449,43,13,371,700.0,5047
13532,0.0,1.0,4.1,811,41,21,50,800.0,5047
13533,1.0,1.0,4.4,466,41,13,403,800.0,5047
13534,0.0,1.0,4.1,450,44,20,1156,650.0,5047
13535,0.0,0.0,4.3,317,0,51,1059,300.0,5047
13536,0.0,0.0,4.5,941,38,30,951,200.0,5047
13537,0.0,0.0,4.3,236,44,9,223,350.0,5047
13538,0.0,0.0,3.9,118,30,20,1185,800.0,5047
13539,1.0,0.0,4.3,34,0,62,1465,600.0,4172
13540,0.0,0.0,3.1,117,44,62,235,200.0,5047
13541,0.0,0.0,4.1,357,0,62,605,500.0,5047
13542,0.0,0.0,3.7,107,38,20,1212,500.0,5047
13543,0.0,0.0,3.9,154,43,62,1451,200.0,5047
13544,0.0,0.0,3.9,164,45,9,217,400.0,5047
13545,0.0,0.0,3.8,291,45,33,784,500.0,5047
13546,0.0,0.0,3.7,73,43,70,1118,250.0,5047
13547,0.0,0.0,4.1,445,41,30,180,400.0,5047
13548,0.0,0.0,4.0,98,43,62,1630,200.0,5047
13549,0.0,0.0,3.8,69,3,14,351,700.0,5047
13550,0.0,0.0,3.8,63,44,14,428,600.0,5047
13551,0.0,0.0,2.5,547,41,20,1156,450.0,5047
13552,0.0,0.0,3.8,87,0,62,817,250.0,5047
13553,0.0,0.0,3.8,62,44,2,767,150.0,5047
13554,0.0,0.0,2.6,56,22,29,293,500.0,5047
13555,0.0,0.0,4.0,203,43,43,198,350.0,5047
13556,0.0,0.0,3.7,48,0,72,767,400.0,5047
13557,0.0,0.0,2.7,53,41,3,191,600.0,5047
13558,0.0,0.0,2.4,221,0,62,1156,550.0,5047
13559,0.0,0.0,4.0,115,0,20,762,1000.0,5047
13560,0.0,0.0,3.5,42,0,62,1287,400.0,5047
13561,0.0,0.0,3.6,54,43,62,1280,400.0,5047
13562,0.0,0.0,3.8,31,41,29,1588,400.0,5047
13563,0.0,0.0,3.7,126,43,29,532,500.0,5047
13564,0.0,0.0,3.1,53,0,20,1251,600.0,5047
13565,0.0,0.0,3.8,65,43,62,624,550.0,5047
13566,0.0,0.0,3.6,61,0,13,332,500.0,5047
13567,0.0,0.0,4.0,40,43,30,787,300.0,5047
13568,0.0,0.0,3.8,43,0,62,1547,200.0,5047
13569,0.0,0.0,3.8,35,0,72,817,200.0,5047
13570,0.0,0.0,3.6,34,0,62,1002,650.0,5047
13571,0.0,0.0,4.0,157,43,30,767,300.0,5047
13572,0.0,0.0,3.6,54,43,12,1652,250.0,5047
13573,0.0,0.0,3.4,9,45,72,1537,800.0,5047
13574,0.0,0.0,2.7,61,43,62,89,500.0,5047
13575,0.0,0.0,3.8,63,0,13,332,500.0,5047
13576,1.0,0.0,4.0,87,0,9,210,200.0,5047
13577,0.0,0.0,4.0,138,44,20,1167,800.0,5047
13578,1.0,0.0,3.8,34,22,63,186,350.0,5047
13579,1.0,1.0,4.0,126,22,20,1390,900.0,5047
13580,1.0,0.0,3.9,48,22,62,821,400.0,5047
13581,1.0,0.0,4.1,76,42,62,1517,450.0,5047
13582,1.0,1.0,4.0,281,41,21,801,1500.0,5047
13583,1.0,0.0,3.9,128,42,30,956,200.0,5047
13584,1.0,1.0,4.4,2510,3,57,1343,900.0,5047
13585,1.0,0.0,3.8,187,28,13,339,500.0,5047
13586,0.0,0.0,4.6,268,42,35,787,400.0,5047
13587,1.0,1.0,4.2,2620,42,20,514,1300.0,5047
13588,0.0,0.0,4.4,174,42,17,467,600.0,5047
13589,1.0,0.0,4.5,2620,42,33,955,500.0,721
13590,1.0,0.0,4.6,834,42,30,773,400.0,4497
13591,1.0,1.0,4.2,496,42,13,389,800.0,5047
13592,0.0,0.0,4.3,450,42,30,958,400.0,5047
13593,1.0,0.0,4.6,277,42,30,956,400.0,5047
13594,1.0,0.0,4.2,1077,42,69,1121,400.0,5047
13595,1.0,0.0,4.1,61,42,30,792,450.0,1743
13596,1.0,0.0,4.6,155,42,29,930,500.0,5047
13597,1.0,0.0,4.5,344,42,33,779,300.0,2612
13598,1.0,0.0,4.3,1902,42,30,767,400.0,5047
13599,1.0,1.0,4.2,1704,42,13,459,650.0,5047
13600,1.0,0.0,4.1,240,42,9,215,400.0,3982
13601,1.0,0.0,4.3,67,42,30,1676,250.0,5047
13602,1.0,0.0,4.8,189,42,30,767,400.0,5047
13603,1.0,0.0,4.1,141,42,13,452,1200.0,5047
13604,1.0,0.0,4.2,340,42,30,773,500.0,5047
13605,1.0,0.0,4.2,180,42,30,773,350.0,4268
13606,1.0,0.0,3.9,231,42,30,956,500.0,5047
13607,1.0,0.0,3.9,128,42,30,956,200.0,5047
13608,1.0,0.0,3.8,123,42,0,181,400.0,5047
13609,1.0,0.0,4.0,152,42,12,219,350.0,5047
13610,1.0,0.0,4.0,169,42,11,778,400.0,5047
13611,1.0,0.0,4.0,211,42,9,221,200.0,3072
13612,0.0,0.0,3.9,43,42,9,224,200.0,5047
13613,0.0,0.0,3.8,34,42,0,187,400.0,5047
13614,1.0,0.0,4.2,53,42,30,773,400.0,1931
13615,1.0,0.0,3.9,110,42,30,950,200.0,5047
13616,1.0,0.0,4.4,149,42,72,214,350.0,1689
13617,1.0,0.0,3.8,34,42,69,1117,250.0,5047
13618,0.0,0.0,4.1,145,42,30,949,200.0,5047
13619,0.0,0.0,3.8,38,42,30,952,400.0,5047
13620,1.0,0.0,3.8,433,42,35,767,800.0,5047
13621,1.0,1.0,4.3,563,43,54,743,2000.0,5047
13622,1.0,1.0,4.4,9079,41,22,1468,600.0,2166
13623,0.0,0.0,4.4,1225,41,13,399,800.0,5047
13624,0.0,0.0,4.2,1534,43,62,1245,600.0,5047
13625,1.0,0.0,4.4,362,43,13,493,500.0,5047
13626,1.0,1.0,4.1,1855,38,13,343,600.0,5047
13627,1.0,0.0,4.3,190,41,0,181,400.0,5047
13628,1.0,0.0,4.6,1026,44,17,431,550.0,5047
13629,1.0,1.0,4.1,601,43,20,998,1100.0,5047
13630,0.0,0.0,3.9,124,41,0,181,500.0,5047
13631,1.0,1.0,4.0,151,39,20,706,1100.0,5047
13632,1.0,0.0,4.1,313,38,72,933,650.0,5047
13633,1.0,1.0,4.3,342,41,62,790,450.0,5047
13634,0.0,0.0,4.5,493,43,30,789,500.0,5047
13635,0.0,0.0,4.5,941,38,30,951,200.0,5047
13636,1.0,0.0,4.1,192,41,30,767,300.0,5047
13637,1.0,0.0,4.2,195,43,30,792,400.0,5047
13638,1.0,0.0,4.0,69,44,30,767,400.0,5047
13639,1.0,0.0,4.2,602,44,30,773,900.0,5047
13640,0.0,0.0,3.9,140,44,68,1640,200.0,5047
13641,0.0,0.0,4.1,724,41,31,769,300.0,5047
13642,0.0,0.0,4.0,366,41,31,769,300.0,5047
13643,0.0,0.0,4.1,77,44,30,956,250.0,5047
13644,1.0,1.0,4.4,103,45,13,389,700.0,5047
13645,1.0,0.0,4.0,186,44,2,188,500.0,5047
13646,1.0,0.0,4.2,448,44,30,773,300.0,5047
13647,0.0,0.0,4.1,324,44,13,342,700.0,5047
13648,1.0,0.0,3.9,79,44,30,956,800.0,5047
13649,1.0,0.0,4.0,100,44,30,175,150.0,5047
13650,1.0,0.0,4.2,348,41,30,767,300.0,5047
13651,0.0,0.0,3.8,291,45,33,784,500.0,5047
13652,1.0,0.0,3.8,75,40,69,1121,200.0,5047
13653,1.0,0.0,3.5,98,45,0,181,400.0,2069
13654,0.0,0.0,3.7,73,43,70,1118,250.0,5047
13655,0.0,0.0,4.1,445,41,30,180,400.0,5047
13656,1.0,0.0,4.1,37,44,35,787,500.0,5047
13657,0.0,0.0,3.8,63,44,14,428,600.0,5047
13658,1.0,0.0,4.2,703,44,30,182,450.0,5047
13659,1.0,0.0,4.1,511,43,30,789,500.0,1645
13660,0.0,0.0,3.8,62,44,2,767,150.0,5047
13661,1.0,0.0,4.0,275,40,13,332,500.0,5047
13662,0.0,0.0,2.7,53,41,3,191,600.0,5047
13663,1.0,0.0,4.3,169,41,30,773,450.0,5047
13664,0.0,0.0,4.0,40,43,30,787,300.0,5047
13665,0.0,0.0,4.0,157,43,30,767,300.0,5047
13666,0.0,0.0,3.7,49,44,32,773,400.0,5047
13667,1.0,0.0,4.0,76,38,0,181,500.0,5047
13668,1.0,0.0,3.7,52,41,13,473,450.0,5047
13669,1.0,0.0,4.0,208,0,70,1122,200.0,5047
13670,0.0,0.0,3.7,61,0,69,1116,250.0,5047
13671,1.0,0.0,4.0,87,0,9,210,200.0,5047
13672,0.0,0.0,3.8,69,3,14,351,700.0,5047
13673,1.0,0.0,3.7,101,0,13,488,700.0,5047
13674,0.0,0.0,2.6,56,22,29,293,500.0,5047
13675,0.0,0.0,3.7,48,0,72,767,400.0,5047
13676,0.0,0.0,4.5,733,42,20,1109,1200.0,5047
13677,1.0,1.0,4.2,2620,42,20,514,1300.0,5047
13678,0.0,1.0,4.2,1754,42,20,637,1200.0,5047
13679,0.0,1.0,4.7,10512,42,21,1323,1400.0,5047
13680,0.0,0.0,4.7,14710,42,16,338,900.0,5047
13681,0.0,1.0,4.4,1569,42,54,1128,2000.0,5047
13682,0.0,1.0,4.5,3915,42,60,889,1000.0,5047
13683,1.0,1.0,4.5,3163,42,21,1233,1500.0,5047
13684,0.0,1.0,4.6,2585,42,5,724,1300.0,5047
13685,0.0,0.0,4.2,2369,42,57,886,1400.0,5047
13686,1.0,1.0,4.5,3467,42,20,1400,1300.0,5047
13687,1.0,1.0,4.2,149,42,20,68,900.0,5047
13688,0.0,1.0,4.8,467,42,61,728,2100.0,5047
13689,1.0,1.0,4.5,3967,42,25,713,1600.0,5047
13690,0.0,1.0,4.4,1567,42,20,1133,700.0,5047
13691,0.0,0.0,4.7,3215,42,16,522,750.0,5047
13692,0.0,0.0,4.5,3845,42,13,469,800.0,5047
13693,0.0,1.0,4.7,4442,42,4,643,1000.0,5047
13694,1.0,1.0,4.9,2235,42,21,134,1500.0,5047
13695,0.0,1.0,4.7,4860,42,20,965,1500.0,5047
13696,0.0,1.0,4.3,114,42,46,1471,1500.0,5047
13697,0.0,1.0,4.6,4997,42,26,803,1800.0,5047
13698,0.0,0.0,4.1,2733,42,13,400,1300.0,5047
13699,1.0,0.0,4.4,7233,42,20,304,600.0,5047
13700,0.0,1.0,4.5,1995,42,54,630,1400.0,5047
13701,0.0,1.0,4.0,2159,42,46,627,1000.0,5047
13702,1.0,1.0,4.1,1250,42,20,1156,600.0,5047
13703,1.0,1.0,4.3,2572,42,4,688,1200.0,5047
13704,0.0,0.0,4.3,2304,42,20,65,800.0,5047
13705,1.0,1.0,4.4,3674,42,20,606,1400.0,5047
13706,0.0,0.0,4.4,174,42,17,467,600.0,5047
13707,0.0,1.0,4.5,685,42,20,603,1400.0,5047
13708,1.0,0.0,4.3,2873,42,13,337,600.0,5047
13709,0.0,0.0,3.8,1161,42,20,50,650.0,5047
13710,1.0,1.0,4.3,1807,42,22,660,900.0,5047
13711,1.0,0.0,4.1,6943,42,20,1402,750.0,5047
13712,0.0,0.0,4.5,733,42,20,1109,1200.0,5047
13713,0.0,0.0,4.1,440,42,20,1209,500.0,5047
13714,0.0,1.0,4.1,1795,42,20,14,1000.0,5047
13715,1.0,0.0,4.4,949,42,13,435,900.0,5047
13716,1.0,1.0,4.1,1697,42,20,1196,1200.0,5047
13717,1.0,1.0,4.4,387,42,21,1108,1500.0,5047
13718,1.0,1.0,4.2,496,42,13,389,800.0,5047
13719,0.0,1.0,4.3,1470,42,13,406,800.0,5047
13720,1.0,1.0,4.1,1789,42,57,881,1200.0,5047
13721,1.0,0.0,4.2,533,42,20,600,600.0,5047
13722,1.0,0.0,4.3,341,42,20,555,800.0,5047
13723,0.0,1.0,4.5,549,42,13,412,900.0,5047
13724,1.0,1.0,4.5,208,42,13,498,800.0,5047
13725,1.0,0.0,4.1,1570,42,20,109,750.0,5047
13726,1.0,0.0,4.3,1593,42,20,152,550.0,5047
13727,0.0,1.0,4.3,2248,42,20,609,1100.0,5047
13728,0.0,0.0,4.2,676,42,20,1589,650.0,5047
13729,1.0,1.0,4.2,874,42,13,339,600.0,5047
13730,1.0,1.0,4.1,222,42,20,1239,600.0,5047
13731,1.0,0.0,3.9,660,42,20,618,500.0,5047
13732,1.0,0.0,4.1,1117,42,20,289,750.0,5047
13733,0.0,1.0,4.4,326,42,20,1067,1200.0,5047
13734,1.0,0.0,4.0,784,42,20,238,800.0,5047
13735,1.0,1.0,4.0,859,42,20,604,850.0,5047
13736,1.0,0.0,4.2,1063,42,13,394,800.0,5047
13737,0.0,1.0,3.9,150,42,58,902,1000.0,5047
13738,1.0,1.0,4.2,344,42,20,1156,700.0,5047
13739,1.0,0.0,3.1,910,42,20,1381,600.0,5047
13740,1.0,0.0,3.7,259,42,20,1139,750.0,5047
13741,1.0,1.0,4.1,402,42,15,422,1200.0,5047
13742,1.0,0.0,4.0,314,42,20,610,800.0,5047
13743,1.0,1.0,4.2,1704,42,13,459,650.0,5047
13744,0.0,1.0,4.1,1237,42,49,632,1500.0,5047
13745,1.0,1.0,4.4,347,42,21,541,1000.0,5047
13746,1.0,1.0,4.2,296,42,20,1532,800.0,5047
13747,1.0,0.0,3.8,473,42,20,1597,500.0,5047
13748,1.0,0.0,3.9,1142,42,20,1352,500.0,5047
13749,1.0,0.0,3.8,66,42,20,98,800.0,5047
13750,1.0,0.0,4.1,141,42,13,452,1200.0,5047
13751,1.0,0.0,3.6,73,42,20,197,700.0,5047
13752,0.0,1.0,3.9,1389,42,46,718,1400.0,5047
13753,1.0,1.0,3.9,485,42,20,1427,700.0,5047
13754,1.0,0.0,3.9,823,42,20,558,750.0,5047
13755,0.0,1.0,3.9,590,42,60,723,1300.0,5047
13756,1.0,0.0,3.9,782,42,20,235,750.0,5047
13757,1.0,0.0,4.1,1003,42,20,1388,700.0,5047
13758,1.0,0.0,4.4,480,42,13,512,450.0,5047
13759,0.0,0.0,4.1,183,42,51,1156,150.0,5047
13760,1.0,0.0,4.0,152,42,12,219,350.0,5047
13761,1.0,1.0,4.0,236,42,20,1141,800.0,4277
13762,1.0,0.0,3.8,172,42,20,1423,550.0,3799
13763,1.0,0.0,4.0,201,42,13,406,800.0,2243
13764,1.0,0.0,3.6,242,42,20,1412,1000.0,1198
13765,1.0,0.0,4.1,93,42,13,383,600.0,5047
13766,1.0,0.0,3.7,382,42,20,1037,600.0,5047
13767,0.0,0.0,4.0,57,42,20,1666,500.0,5047
13768,0.0,0.0,3.8,47,42,13,455,600.0,5047
13769,0.0,0.0,4.3,138,42,13,383,800.0,5047
13770,1.0,0.0,3.8,149,42,20,277,600.0,5047
13771,0.0,1.0,3.5,32,42,20,1196,1000.0,5047
13772,1.0,0.0,4.1,238,42,20,1322,500.0,5047
13773,0.0,0.0,3.9,626,42,20,558,600.0,5047
13774,1.0,0.0,2.9,70,42,13,332,650.0,5047
13775,1.0,0.0,3.6,207,42,20,1050,500.0,5047
13776,1.0,1.0,3.7,110,42,20,1196,900.0,5047
13777,1.0,0.0,4.2,414,42,13,429,700.0,5047
13778,1.0,0.0,4.5,2620,42,33,955,500.0,5047
13779,0.0,0.0,4.1,1227,42,62,1112,400.0,5047
13780,1.0,0.0,4.2,972,42,62,1547,200.0,5047
13781,0.0,0.0,4.3,995,42,62,617,350.0,5047
13782,1.0,0.0,4.2,557,42,62,1672,400.0,5047
13783,0.0,0.0,4.2,52,42,62,1547,200.0,5047
13784,1.0,0.0,4.3,171,42,62,322,500.0,5047
13785,1.0,0.0,4.3,246,42,62,1668,600.0,5047
13786,0.0,0.0,4.1,209,42,62,176,200.0,5047
13787,1.0,0.0,3.7,219,42,67,1507,600.0,5047
13788,1.0,0.0,3.7,116,42,62,1474,750.0,5047
13789,1.0,0.0,3.8,76,42,62,202,500.0,5047
13790,1.0,0.0,4.0,685,42,62,617,250.0,5047
13791,1.0,0.0,3.8,295,42,62,826,500.0,5047
13792,1.0,0.0,4.2,166,42,62,817,300.0,5047
13793,1.0,0.0,3.9,41,42,62,1156,250.0,5047
13794,1.0,0.0,3.6,75,42,62,323,600.0,3994
13795,1.0,0.0,3.8,140,42,62,1591,200.0,5047
13796,1.0,0.0,3.9,64,42,62,1072,300.0,5047
13797,0.0,0.0,3.8,89,42,62,1337,300.0,5047
13798,1.0,0.0,4.1,76,42,62,1517,450.0,5047
13799,1.0,0.0,4.1,205,42,62,817,250.0,5047
13800,1.0,0.0,3.8,433,42,35,767,800.0,5047
13801,1.0,1.0,4.3,563,43,54,743,2000.0,5047
13802,1.0,0.0,4.6,4694,44,46,32,1500.0,5047
13803,0.0,1.0,4.4,2362,44,21,1124,1100.0,5047
13804,0.0,0.0,4.6,7122,41,13,335,600.0,5047
13805,0.0,1.0,4.6,6372,44,5,1107,1600.0,5047
13806,0.0,1.0,4.5,7854,41,61,17,1800.0,5047
13807,0.0,1.0,4.3,217,41,21,755,1200.0,5047
13808,0.0,1.0,4.4,373,40,18,334,1000.0,5047
13809,1.0,1.0,4.4,9079,41,22,1468,600.0,5047
13810,0.0,1.0,4.7,3628,38,20,1325,1600.0,5047
13811,1.0,1.0,4.5,1889,38,21,1430,1200.0,5047
13812,1.0,0.0,4.3,3459,44,20,1156,600.0,5047
13813,0.0,1.0,4.6,890,41,54,687,1400.0,5047
13814,1.0,1.0,4.4,459,44,21,1156,1500.0,5047
13815,1.0,1.0,4.4,2394,41,20,1083,1000.0,5047
13816,0.0,1.0,4.5,1231,41,53,35,1200.0,5047
13817,0.0,0.0,4.4,1225,41,13,399,800.0,5047
13818,0.0,1.0,4.1,786,40,20,1375,1500.0,5047
13819,0.0,1.0,4.4,4081,41,5,126,1200.0,5047
13820,1.0,1.0,4.5,718,44,20,1009,1500.0,5047
13821,0.0,1.0,4.2,1741,41,57,539,1400.0,5047
13822,1.0,0.0,4.4,362,43,13,493,500.0,5047
13823,0.0,1.0,4.5,571,43,4,901,1000.0,5047
13824,1.0,0.0,4.0,75,45,13,382,400.0,5047
13825,0.0,1.0,4.3,1551,38,57,898,1200.0,5047
13826,1.0,1.0,4.2,1367,44,21,123,1400.0,5047
13827,1.0,1.0,4.5,261,41,20,1008,1300.0,5047
13828,1.0,1.0,4.4,523,43,20,23,2500.0,5047
13829,0.0,0.0,3.7,4652,43,50,1304,2000.0,5047
13830,1.0,1.0,4.4,1854,43,20,521,1100.0,5047
13831,1.0,1.0,4.4,681,44,20,1381,1500.0,5047
13832,1.0,1.0,4.1,1855,38,13,343,600.0,5047
13833,1.0,1.0,4.2,1176,41,57,883,1300.0,5047
13834,1.0,0.0,4.1,3006,38,13,374,1000.0,5047
13835,1.0,1.0,4.2,2714,40,13,404,1000.0,5047
13836,0.0,0.0,4.1,314,41,13,383,600.0,5047
13837,1.0,1.0,4.4,1808,41,20,1678,1000.0,5047
13838,1.0,0.0,4.0,576,38,20,208,600.0,5047
13839,0.0,1.0,4.3,164,41,20,526,800.0,5047
13840,0.0,0.0,4.3,294,41,13,473,850.0,5047
13841,1.0,1.0,4.4,192,40,13,332,1000.0,5047
13842,0.0,0.0,3.9,1160,41,20,517,650.0,5047
13843,1.0,0.0,4.2,823,43,20,1156,1000.0,5047
13844,0.0,0.0,4.1,2449,43,13,371,700.0,5047
13845,1.0,1.0,4.2,1626,41,20,1512,1500.0,5047
13846,1.0,0.0,4.6,1026,44,17,431,550.0,5047
13847,1.0,1.0,4.1,258,41,20,1149,750.0,5047
13848,0.0,1.0,4.1,811,41,21,50,800.0,5047
13849,1.0,1.0,4.1,601,43,20,998,1100.0,5047
13850,1.0,1.0,4.1,674,40,20,605,900.0,5047
13851,1.0,0.0,4.1,845,43,20,1534,700.0,5047
13852,1.0,1.0,4.4,466,41,13,403,800.0,5047
13853,1.0,0.0,4.0,960,44,20,1669,500.0,5047
13854,1.0,1.0,4.0,1238,41,13,332,700.0,5047
13855,1.0,0.0,4.1,1962,43,20,201,650.0,5047
13856,1.0,1.0,4.0,151,39,20,706,1100.0,5047
13857,1.0,1.0,4.0,1864,43,20,1156,600.0,5047
13858,0.0,1.0,4.1,759,40,4,1196,1200.0,5047
13859,0.0,1.0,4.2,818,43,13,397,800.0,5047
13860,0.0,0.0,4.0,1408,43,60,633,1000.0,5047
13861,1.0,0.0,4.1,778,38,13,383,700.0,5047
13862,0.0,1.0,4.1,450,44,20,1156,650.0,5047
13863,1.0,0.0,3.8,178,38,20,1335,800.0,5047
13864,1.0,1.0,4.2,767,41,20,1272,1700.0,5047
13865,0.0,0.0,3.9,740,43,5,15,1400.0,5047
13866,1.0,0.0,3.8,75,41,20,700,750.0,5047
13867,1.0,1.0,3.9,144,41,20,665,1000.0,5047
13868,1.0,1.0,4.0,1515,40,13,383,900.0,5047
13869,1.0,1.0,4.0,1515,40,13,383,900.0,5047
13870,1.0,0.0,4.0,457,38,20,1156,650.0,5047
13871,1.0,0.0,4.1,306,44,13,414,600.0,5047
13872,1.0,0.0,4.1,992,43,13,404,600.0,5047
13873,1.0,0.0,4.2,169,41,13,427,700.0,5047
13874,1.0,1.0,3.7,291,41,20,69,750.0,5047
13875,1.0,0.0,4.1,65,41,16,462,700.0,5047
13876,1.0,1.0,4.0,797,44,20,1156,900.0,5047
13877,1.0,1.0,4.0,281,41,21,801,1500.0,5047
13878,1.0,0.0,4.1,894,40,13,395,800.0,5047
13879,0.0,1.0,3.9,282,44,21,747,1000.0,5047
13880,1.0,0.0,3.7,483,41,20,761,800.0,5047
13881,0.0,0.0,4.2,226,39,13,506,200.0,5047
13882,1.0,1.0,3.9,598,41,4,899,1200.0,5047
13883,1.0,1.0,4.0,1390,44,20,674,1100.0,5047
13884,1.0,0.0,3.9,457,43,20,521,1000.0,5047
13885,1.0,0.0,4.0,515,44,20,562,750.0,5047
13886,0.0,0.0,4.1,100,41,20,13,600.0,5047
13887,1.0,0.0,3.5,889,44,20,1375,650.0,5047
13888,1.0,0.0,3.9,475,43,20,1459,600.0,5047
13889,0.0,0.0,4.2,270,43,60,748,1400.0,5047
13890,1.0,0.0,4.1,616,44,20,161,500.0,5047
13891,1.0,0.0,4.0,108,38,20,1156,500.0,5047
13892,0.0,1.0,4.2,117,44,20,1425,800.0,5047
13893,0.0,0.0,4.0,1209,41,13,408,650.0,5047
13894,0.0,0.0,4.1,172,44,13,365,650.0,5047
13895,1.0,1.0,4.4,103,45,13,389,700.0,5047
13896,1.0,0.0,3.7,130,38,21,624,1200.0,5047
13897,1.0,0.0,4.0,782,43,20,1005,750.0,5047
13898,1.0,0.0,4.1,61,39,13,451,600.0,5047
13899,1.0,0.0,3.8,267,44,20,1154,650.0,5047
13900,0.0,0.0,3.8,674,43,57,31,1700.0,5047
13901,0.0,1.0,4.1,354,40,37,802,2000.0,5047
13902,0.0,0.0,4.1,324,44,13,342,700.0,5047
13903,1.0,0.0,3.9,454,44,20,197,600.0,5047
13904,0.0,0.0,4.0,293,43,12,1652,250.0,5047
13905,0.0,1.0,4.3,106,44,20,1164,1000.0,5047
13906,0.0,0.0,3.9,107,41,4,878,1500.0,5047
13907,1.0,0.0,2.8,152,44,20,1206,700.0,5047
13908,0.0,0.0,3.7,107,38,20,1212,500.0,5047
13909,0.0,0.0,3.8,38,43,20,1450,900.0,5047
13910,1.0,0.0,3.9,293,43,45,1644,250.0,5047
13911,1.0,0.0,3.8,94,38,20,1253,600.0,5047
13912,1.0,0.0,3.9,332,38,20,604,600.0,5047
13913,1.0,1.0,4.2,325,44,20,1205,800.0,5047
13914,1.0,0.0,3.6,165,40,20,1196,500.0,5047
13915,1.0,0.0,4.0,69,43,20,1090,1000.0,5047
13916,1.0,0.0,3.8,38,38,20,1156,500.0,5047
13917,1.0,0.0,3.9,523,41,20,609,500.0,5047
13918,1.0,1.0,3.7,1015,43,4,663,1300.0,5047
13919,0.0,0.0,3.7,73,43,70,1118,250.0,5047
13920,1.0,0.0,3.5,74,43,20,1028,600.0,5047
13921,1.0,0.0,3.8,222,18,20,558,600.0,5047
13922,1.0,0.0,3.9,395,44,20,911,750.0,5047
13923,1.0,0.0,4.1,507,43,13,381,600.0,5047
13924,0.0,0.0,2.5,547,41,20,1156,450.0,5047
13925,0.0,1.0,3.8,170,41,4,1587,1300.0,5047
13926,1.0,0.0,3.1,121,43,20,1196,500.0,5047
13927,1.0,0.0,2.7,249,44,20,1599,400.0,5047
13928,1.0,1.0,4.1,221,41,20,1156,1000.0,5047
13929,1.0,0.0,4.0,275,40,13,332,500.0,5047
13930,1.0,0.0,3.5,34,43,69,1117,250.0,5047
13931,0.0,0.0,2.8,289,41,20,1597,250.0,5047
13932,1.0,0.0,3.6,243,43,20,1522,800.0,5047
13933,0.0,0.0,2.7,47,41,20,1156,800.0,5047
13934,1.0,0.0,3.8,57,44,20,1531,700.0,5047
13935,0.0,0.0,2.8,227,43,13,332,450.0,5047
13936,1.0,0.0,3.7,47,43,20,1207,800.0,5047
13937,1.0,0.0,3.8,215,43,20,1111,700.0,5047
13938,1.0,0.0,3.4,34,44,20,1359,650.0,5047
13939,0.0,0.0,3.6,54,43,62,1280,400.0,5047
13940,0.0,0.0,3.8,152,43,60,37,1500.0,5047
13941,0.0,0.0,3.7,46,38,13,383,600.0,5047
13942,0.0,0.0,3.8,40,44,20,1561,500.0,5047
13943,0.0,0.0,4.0,138,44,20,1167,800.0,5047
13944,0.0,0.0,2.7,61,43,62,89,500.0,5047
13945,1.0,0.0,3.4,356,18,62,1156,350.0,5047
13946,1.0,0.0,3.8,214,44,20,1354,700.0,5047
13947,1.0,0.0,3.9,327,43,20,43,500.0,5047
13948,0.0,1.0,3.7,81,43,46,878,1200.0,5047
13949,1.0,0.0,3.8,230,38,13,394,600.0,5047
13950,1.0,0.0,3.7,52,41,13,473,450.0,5047
13951,1.0,0.0,4.1,1963,43,62,1110,600.0,5047
13952,1.0,0.0,4.3,3618,43,62,1635,400.0,5047
13953,0.0,0.0,4.2,1534,43,62,1245,600.0,5047
13954,0.0,0.0,4.2,94,43,62,1156,400.0,5047
13955,1.0,0.0,3.8,53,44,62,917,350.0,5047
13956,1.0,0.0,3.9,44,43,62,621,550.0,5047
13957,1.0,0.0,4.1,506,41,62,1003,600.0,5047
13958,1.0,0.0,4.3,220,38,62,1075,300.0,5047
13959,1.0,0.0,4.2,534,44,62,1669,450.0,5047
13960,1.0,0.0,4.3,656,43,62,1547,250.0,5047
13961,1.0,0.0,4.0,62,43,62,986,400.0,5047
13962,1.0,0.0,4.3,193,43,62,1645,300.0,5047
13963,1.0,1.0,4.3,343,41,62,790,450.0,5047
13964,0.0,0.0,3.7,468,43,62,1547,200.0,5047
13965,1.0,0.0,4.3,279,44,62,1156,450.0,5047
13966,1.0,0.0,4.0,138,45,62,1609,250.0,5047
13967,1.0,0.0,4.1,271,38,62,132,500.0,5047
13968,1.0,0.0,4.2,195,43,30,792,400.0,5047
13969,1.0,0.0,3.8,477,43,62,322,450.0,5047
13970,1.0,0.0,4.4,384,44,62,1584,300.0,5047
13971,1.0,0.0,3.8,94,38,62,217,250.0,5047
13972,1.0,0.0,4.0,198,41,62,1156,500.0,5047
13973,1.0,0.0,3.9,34,18,62,1156,300.0,5047
13974,0.0,0.0,3.9,140,44,68,1640,200.0,5047
13975,1.0,0.0,3.9,49,41,62,1567,400.0,450
13976,1.0,0.0,4.2,100,44,33,781,900.0,5047
13977,1.0,0.0,4.0,76,40,62,1602,300.0,5047
13978,1.0,0.0,3.8,46,44,62,832,400.0,5047
13979,1.0,0.0,3.3,911,38,62,1177,250.0,5047
13980,1.0,0.0,3.9,1049,44,62,323,600.0,5047
13981,1.0,0.0,4.0,461,45,62,1190,500.0,5047
13982,1.0,0.0,3.9,121,38,62,1209,400.0,5047
13983,1.0,0.0,3.5,323,38,62,1077,500.0,5047
13984,1.0,0.0,3.9,213,43,62,317,400.0,5047
13985,1.0,0.0,4.0,212,41,62,749,400.0,5047
13986,1.0,0.0,3.9,501,43,62,1638,300.0,5047
13987,0.0,0.0,3.1,117,44,62,235,200.0,5047
13988,1.0,0.0,3.9,97,18,62,202,500.0,5047
13989,0.0,0.0,3.9,154,43,62,1451,200.0,5047
13990,1.0,0.0,3.9,85,44,62,1156,400.0,5047
13991,1.0,0.0,4.0,76,38,62,1511,300.0,5047
13992,1.0,0.0,3.8,41,44,62,235,200.0,5047
13993,0.0,0.0,3.8,291,45,33,784,500.0,5047
13994,1.0,0.0,4.2,106,24,62,233,300.0,5047
13995,1.0,0.0,3.9,96,38,62,1327,350.0,5047
13996,1.0,0.0,3.8,108,43,62,370,400.0,5047
13997,1.0,0.0,3.8,48,45,62,1196,300.0,5047
13998,1.0,0.0,3.6,95,38,62,1335,300.0,5047
13999,1.0,0.0,3.7,434,41,62,1423,400.0,5047
14000,0.0,0.0,4.0,99,43,62,1630,200.0,5047
14001,1.0,0.0,4.1,322,43,62,1156,600.0,5047
14002,1.0,0.0,2.8,137,38,62,1156,500.0,5047
14003,1.0,1.0,4.1,152,43,62,378,600.0,5047
14004,0.0,0.0,3.9,150,44,41,575,500.0,5047
14005,0.0,0.0,3.5,70,44,62,1648,200.0,5047
14006,0.0,0.0,3.8,37,44,43,1042,400.0,5047
14007,1.0,0.0,3.3,395,44,62,1156,400.0,5047
14008,1.0,0.0,3.6,97,38,62,1039,300.0,5047
14009,0.0,0.0,2.6,153,38,62,868,300.0,5047
14010,1.0,0.0,3.9,188,45,62,563,400.0,5047
14011,1.0,0.0,3.9,554,44,62,818,600.0,5047
14012,0.0,0.0,4.0,203,43,43,198,350.0,5047
14013,0.0,0.0,2.8,64,44,62,1589,300.0,5047
14014,0.0,0.0,2.8,53,41,3,191,600.0,5047
14015,1.0,0.0,3.6,90,44,62,826,500.0,5047
14016,0.0,0.0,3.6,68,44,41,1033,550.0,5047
14017,0.0,0.0,3.8,82,44,62,547,200.0,5047
14018,1.0,0.0,3.7,95,38,62,1156,150.0,5047
14019,1.0,0.0,3.9,241,41,62,1476,600.0,5047
14020,0.0,0.0,3.6,47,38,62,1587,300.0,5047
14021,0.0,0.0,2.9,53,44,62,1070,300.0,5047
14022,1.0,0.0,3.6,82,38,62,1505,400.0,5047
14023,1.0,0.0,4.0,270,38,62,1207,450.0,5047
14024,0.0,0.0,3.8,65,43,62,624,550.0,5047
14025,0.0,0.0,4.0,126,43,62,1515,300.0,5047
14026,1.0,0.0,3.6,72,43,62,1109,200.0,5047
14027,1.0,0.0,3.8,63,24,62,866,350.0,5047
14028,1.0,0.0,3.8,132,44,62,1497,300.0,5047
14029,1.0,0.0,3.9,151,41,41,1670,400.0,5047
14030,1.0,0.0,3.7,103,43,62,1209,400.0,5047
14031,1.0,0.0,3.4,257,38,62,266,250.0,5047
14032,1.0,0.0,3.7,34,18,62,1156,200.0,5047
14033,1.0,0.0,3.1,53,38,62,817,100.0,5047
14034,0.0,1.0,4.4,287,0,20,720,1300.0,5047
14035,1.0,1.0,4.5,816,0,20,716,800.0,5047
14036,1.0,1.0,4.5,1879,0,13,394,900.0,5047
14037,1.0,0.0,4.2,1295,0,20,105,900.0,5047
14038,1.0,1.0,4.2,1544,0,20,1054,800.0,5047
14039,1.0,1.0,4.1,1342,22,20,1375,800.0,5047
14040,0.0,0.0,4.3,317,0,51,1059,300.0,5047
14041,1.0,0.0,3.9,468,0,20,112,700.0,5047
14042,0.0,1.0,4.0,169,0,4,878,1100.0,5047
14043,1.0,0.0,3.9,327,3,20,1196,650.0,5047
14044,1.0,1.0,3.9,74,0,20,1277,900.0,5047
14045,1.0,1.0,4.1,2727,0,20,296,800.0,5047
14046,1.0,0.0,3.9,421,0,20,112,800.0,5047
14047,0.0,0.0,3.8,158,22,47,694,1300.0,5047
14048,1.0,0.0,3.6,386,0,62,266,400.0,5047
14049,1.0,0.0,3.5,739,0,20,47,600.0,5047
14050,1.0,0.0,4.2,469,0,62,1060,400.0,5047
14051,1.0,0.0,3.9,1190,0,62,1196,500.0,5047
14052,0.0,0.0,3.9,118,30,20,1185,800.0,5047
14053,1.0,0.0,3.6,221,0,20,286,600.0,5047
14054,1.0,0.0,3.8,71,0,20,1165,1000.0,5047
14055,0.0,0.0,4.0,140,0,62,1038,200.0,5047
14056,1.0,0.0,3.8,261,0,20,50,500.0,5047
14057,1.0,0.0,3.9,214,0,20,1240,600.0,5047
14058,1.0,0.0,3.8,273,0,20,1310,900.0,5047
14059,1.0,0.0,3.9,97,0,62,967,1000.0,5047
14060,1.0,0.0,4.0,115,0,62,591,400.0,5047
14061,1.0,0.0,3.8,100,0,20,1589,350.0,5047
14062,0.0,0.0,3.8,69,3,14,351,700.0,5047
14063,1.0,0.0,4.1,133,0,62,1156,150.0,5047
14064,1.0,0.0,3.7,101,0,13,488,700.0,5047
14065,1.0,1.0,4.0,126,22,20,1390,900.0,5047
14066,1.0,0.0,3.4,212,22,20,1258,800.0,5047
14067,1.0,0.0,3.8,117,0,20,1185,600.0,5047
14068,1.0,0.0,3.9,201,0,62,84,300.0,5047
14069,1.0,0.0,3.8,278,22,62,235,200.0,5047
14070,1.0,0.0,3.6,42,0,13,401,600.0,5047
14071,1.0,0.0,4.2,289,3,62,6,400.0,5047
14072,0.0,0.0,4.1,357,0,62,605,500.0,5047
14073,1.0,0.0,2.7,73,0,20,565,600.0,5047
14074,1.0,0.0,3.7,67,0,62,1563,300.0,5047
14075,1.0,0.0,3.9,100,30,62,1547,200.0,5047
14076,1.0,0.0,3.8,377,0,62,1357,500.0,5047
14077,1.0,0.0,3.9,193,0,62,294,600.0,5047
14078,0.0,0.0,3.8,87,0,62,817,250.0,5047
14079,1.0,0.0,3.9,75,3,62,1451,200.0,5047
14080,1.0,0.0,3.7,61,0,62,831,350.0,5047
14081,1.0,0.0,3.8,883,0,62,1356,500.0,5047
14082,1.0,0.0,3.9,140,0,62,1327,300.0,5047
14083,1.0,0.0,3.3,334,0,62,282,400.0,5047
14084,1.0,0.0,3.9,58,0,62,282,300.0,5047
14085,0.0,0.0,4.0,115,0,20,762,1000.0,5047
14086,1.0,0.0,3.9,172,0,62,1612,300.0,5047
14087,0.0,0.0,3.1,53,0,20,1251,600.0,5047
14088,0.0,0.0,3.6,61,0,13,332,500.0,5047
14089,1.0,0.0,3.7,46,0,20,1196,600.0,5047
14090,1.0,0.0,3.1,40,0,62,1196,250.0,5047
14091,0.0,0.0,3.0,67,0,62,1589,300.0,5047
14092,0.0,0.0,2.4,221,0,62,1156,550.0,5047
14093,1.0,0.0,2.8,102,3,62,1196,350.0,5047
14094,0.0,0.0,4.0,40,0,9,210,400.0,5047
14095,0.0,0.0,3.5,43,0,62,1287,400.0,5047
14096,0.0,0.0,3.6,34,0,62,1002,650.0,5047
14097,1.0,0.0,2.8,137,0,62,1451,300.0,5047
14098,0.0,0.0,3.7,112,0,20,550,500.0,5047
14099,1.0,0.0,3.2,64,0,62,1268,250.0,5047
14100,1.0,0.0,3.7,181,0,62,1196,400.0,5047
14101,1.0,0.0,3.4,154,0,62,1046,400.0,5047
14102,1.0,0.0,3.4,47,0,62,1636,200.0,5047
14103,0.0,0.0,3.8,63,0,13,332,500.0,5047
14104,1.0,0.0,3.9,52,0,62,1589,300.0,5047
14105,1.0,0.0,3.9,66,0,62,235,700.0,5047
14106,1.0,0.0,2.9,67,0,20,1459,200.0,5047
14107,0.0,1.0,4.3,114,42,46,1471,1500.0,5047
14108,0.0,1.0,4.6,5002,42,26,803,1800.0,5047
14109,0.0,1.0,4.5,3914,42,60,889,1000.0,5047
14110,0.0,1.0,4.4,1575,42,54,1128,2000.0,5047
14111,0.0,1.0,4.8,482,42,61,728,2100.0,5047
14112,1.0,1.0,4.5,3987,42,25,713,1600.0,5047
14113,0.0,1.0,4.7,4447,42,4,643,1000.0,5047
14114,0.0,1.0,4.5,2005,42,54,630,1400.0,5047
14115,0.0,1.0,4.0,2160,42,46,627,1000.0,5047
14116,1.0,1.0,4.3,2576,42,4,688,1200.0,5047
14117,1.0,1.0,4.1,1792,42,57,881,1200.0,5047
14118,0.0,1.0,3.9,151,42,58,902,1000.0,5047
14119,0.0,1.0,4.1,1237,42,49,632,1500.0,5047
14120,1.0,1.0,4.4,346,42,21,541,1000.0,5047
14121,0.0,1.0,3.9,1389,42,46,718,1400.0,5047
14122,0.0,1.0,3.9,592,42,60,723,1300.0,5047
14123,1.0,1.0,4.3,567,43,54,743,2000.0,5047
14124,1.0,0.0,4.6,4695,44,46,32,1500.0,5047
14125,0.0,1.0,4.4,2365,44,21,1124,1100.0,5047
14126,0.0,1.0,4.5,6377,44,5,1107,1600.0,5047
14127,0.0,1.0,4.5,7856,41,61,17,1800.0,5047
14128,0.0,1.0,4.3,221,41,21,755,1200.0,5047
14129,0.0,1.0,4.4,373,40,18,334,1000.0,5047
14130,0.0,1.0,4.6,895,41,54,687,1400.0,5047
14131,0.0,1.0,4.4,1237,41,53,35,1200.0,5047
14132,0.0,1.0,4.4,4086,41,5,126,1200.0,5047
14133,0.0,1.0,4.2,1743,41,57,539,1400.0,5047
14134,0.0,1.0,4.5,577,43,4,901,1000.0,5047
14135,0.0,1.0,4.3,1557,38,57,898,1200.0,5047
14136,1.0,1.0,4.2,1369,44,21,123,1400.0,5047
14137,0.0,0.0,3.7,4652,43,50,1304,2000.0,5047
14138,1.0,1.0,4.2,1177,41,57,883,1300.0,5047
14139,0.0,1.0,4.1,759,40,4,1196,1200.0,5047
14140,0.0,0.0,4.0,1408,43,60,633,1000.0,5047
14141,0.0,0.0,3.9,740,43,5,15,1400.0,5047
14142,1.0,1.0,4.0,281,41,21,801,1500.0,5047
14143,1.0,1.0,3.9,598,41,4,899,1200.0,5047
14144,0.0,0.0,4.2,270,43,60,748,1400.0,5047
14145,1.0,0.0,3.7,130,38,21,624,1200.0,5047
14146,0.0,0.0,3.8,674,43,57,31,1700.0,5047
14147,0.0,0.0,3.9,107,41,4,878,1500.0,5047
14148,1.0,1.0,3.7,1015,43,4,663,1300.0,5047
14149,0.0,1.0,3.8,170,41,4,1587,1300.0,5047
14150,0.0,0.0,3.8,152,43,60,37,1500.0,5047
14151,0.0,1.0,3.7,81,43,46,878,1200.0,5047
14152,0.0,1.0,4.0,169,0,4,878,1100.0,5047
14153,0.0,1.0,4.8,482,42,61,728,2100.0,5047
14154,0.0,1.0,4.7,4447,42,4,643,1000.0,5047
14155,1.0,1.0,4.3,549,42,26,1265,1000.0,5047
14156,0.0,1.0,4.7,10530,42,21,1323,1400.0,5047
14157,0.0,1.0,4.5,3914,42,60,889,1000.0,5047
14158,1.0,1.0,4.5,3163,42,21,1233,1500.0,5047
14159,0.0,1.0,4.6,2590,42,5,724,1300.0,5047
14160,0.0,0.0,4.2,2370,42,57,886,1400.0,5047
14161,1.0,1.0,4.9,2244,42,21,134,1500.0,5047
14162,0.0,1.0,4.6,5002,42,26,803,1800.0,5047
14163,1.0,1.0,4.3,2576,42,4,688,1200.0,5047
14164,1.0,1.0,4.4,387,42,21,1108,1500.0,5047
14165,1.0,1.0,4.1,1792,42,57,881,1200.0,5047
14166,0.0,1.0,3.9,151,42,58,902,1000.0,5047
14167,1.0,1.0,4.1,402,42,15,422,1200.0,5047
14168,1.0,1.0,4.4,346,42,21,541,1000.0,5047
14169,0.0,1.0,3.9,592,42,60,723,1300.0,5047
14170,0.0,1.0,4.4,2365,44,21,1124,1100.0,5047
14171,0.0,1.0,4.5,6377,44,5,1107,1600.0,5047
14172,0.0,1.0,4.5,7856,41,61,17,1800.0,5047
14173,0.0,1.0,4.3,221,41,21,755,1200.0,5047
14174,1.0,1.0,4.5,1889,38,21,1430,1200.0,5047
14175,1.0,1.0,4.4,459,44,21,1156,1500.0,5047
14176,0.0,1.0,4.4,1237,41,53,35,1200.0,5047
14177,0.0,1.0,4.4,4086,41,5,126,1200.0,5047
14178,0.0,1.0,4.2,1743,41,57,539,1400.0,5047
14179,0.0,1.0,4.5,577,43,4,901,1000.0,5047
14180,0.0,1.0,4.3,1557,38,57,898,1200.0,5047
14181,1.0,1.0,4.2,1369,44,21,123,1400.0,5047
14182,1.0,1.0,4.2,1177,41,57,883,1300.0,5047
14183,0.0,1.0,4.1,819,41,21,50,800.0,5047
14184,0.0,1.0,4.1,759,40,4,1196,1200.0,5047
14185,0.0,0.0,4.0,1408,43,60,633,1000.0,5047
14186,0.0,0.0,3.9,740,43,5,15,1400.0,5047
14187,1.0,1.0,4.0,281,41,21,801,1500.0,5047
14188,0.0,1.0,3.9,282,44,21,747,1000.0,5047
14189,1.0,1.0,3.9,598,41,4,899,1200.0,5047
14190,0.0,0.0,4.2,270,43,60,748,1400.0,5047
14191,1.0,0.0,3.7,130,38,21,624,1200.0,5047
14192,0.0,0.0,3.8,674,43,57,31,1700.0,5047
14193,0.0,0.0,3.9,107,41,4,878,1500.0,5047
14194,1.0,1.0,3.7,1015,43,4,663,1300.0,5047
14195,0.0,1.0,3.8,170,41,4,1587,1300.0,5047
14196,0.0,0.0,3.8,152,43,60,37,1500.0,5047
14197,0.0,1.0,4.0,169,0,4,878,1100.0,5047
14198,0.0,0.0,3.8,158,22,47,694,1300.0,5047
14199,1.0,1.0,4.5,3469,42,20,1400,1300.0,5047
14200,0.0,1.0,4.4,1575,42,54,1128,2000.0,5047
14201,0.0,1.0,4.7,10530,42,21,1323,1400.0,5047
14202,0.0,0.0,3.7,4652,43,50,1304,2000.0,5047
14203,1.0,1.0,4.0,1871,43,20,1156,600.0,5047
14204,1.0,0.0,3.9,457,43,20,521,1000.0,5047
14205,0.0,0.0,3.8,38,43,20,1450,900.0,5047
14206,1.0,1.0,4.5,3163,42,21,1233,1500.0,5047
14207,0.0,1.0,4.2,1757,42,20,637,1200.0,5047
14208,1.0,1.0,4.9,2244,42,21,134,1500.0,5047
14209,1.0,1.0,4.2,2620,42,20,514,1300.0,5047
14210,0.0,1.0,4.4,373,40,18,334,1000.0,5047
14211,1.0,1.0,4.4,9080,41,22,1468,600.0,5047
14212,1.0,1.0,4.4,459,44,21,1156,1500.0,5047
14213,1.0,1.0,4.5,721,44,20,1009,1500.0,5047
14214,0.0,1.0,4.1,786,40,20,1375,1500.0,5047
14215,1.0,1.0,4.4,682,44,20,1381,1500.0,5047
14216,0.0,1.0,4.3,2248,42,20,609,1100.0,5047
14217,1.0,0.0,4.1,6948,42,20,1402,750.0,5047
14218,1.0,1.0,4.1,675,40,20,605,900.0,5047
14219,1.0,1.0,4.2,767,41,20,1272,1700.0,5047
14220,1.0,1.0,4.4,1808,41,20,1678,1000.0,5047
14221,1.0,1.0,3.9,485,42,20,1427,700.0,5047
14222,1.0,1.0,4.0,281,41,21,801,1500.0,5047
14223,0.0,1.0,3.9,1389,42,46,718,1400.0,5047
14224,0.0,1.0,4.2,117,44,20,1425,800.0,5047
14225,0.0,1.0,4.3,106,44,20,1164,1000.0,5047
14226,0.0,1.0,4.1,354,40,37,802,2000.0,5047
14227,0.0,1.0,3.5,32,42,20,1196,1000.0,5047
14228,1.0,1.0,4.2,217,16,20,808,1500.0,5047
14229,1.0,0.0,3.9,421,0,20,112,800.0,5047
14230,0.0,0.0,3.4,46,16,20,1156,1100.0,5047
14231,1.0,1.0,4.2,2714,40,13,404,1000.0,2992
14232,1.0,0.0,4.4,363,43,13,493,500.0,5047
14233,1.0,0.0,4.2,177,43,13,332,600.0,5047
14234,1.0,0.0,4.1,992,43,13,404,600.0,5047
14235,0.0,1.0,4.2,817,43,13,397,800.0,5047
14236,0.0,0.0,4.1,2450,43,13,371,700.0,5047
14237,1.0,0.0,4.1,87,43,13,427,700.0,5047
14238,1.0,0.0,3.8,108,43,62,370,400.0,5047
14239,1.0,0.0,4.1,507,43,13,381,600.0,5047
14240,1.0,1.0,4.1,152,43,62,378,600.0,5047
14241,0.0,0.0,2.8,227,43,13,332,450.0,5047
14242,0.0,0.0,3.6,54,43,12,1652,250.0,5047
14243,0.0,0.0,4.7,14717,42,16,338,900.0,5047
14244,0.0,0.0,4.6,7127,41,13,335,600.0,5047
14245,0.0,0.0,4.5,3847,42,13,469,800.0,5047
14246,1.0,1.0,4.4,9080,41,22,1468,600.0,5047
14247,0.0,0.0,4.1,2734,42,13,400,1300.0,5047
14248,0.0,0.0,4.4,1225,41,13,399,800.0,5047
14249,1.0,0.0,4.0,76,45,13,382,400.0,5047
14250,0.0,0.0,4.4,174,42,17,467,600.0,5047
14251,1.0,1.0,4.1,1855,38,13,343,600.0,5047
14252,1.0,0.0,4.3,2873,42,13,337,600.0,5047
14253,1.0,0.0,4.1,3006,38,13,374,1000.0,5047
14254,0.0,1.0,4.3,1471,42,13,406,800.0,5047
14255,1.0,1.0,4.4,192,40,13,332,1000.0,5047
14256,1.0,1.0,4.3,1808,42,22,660,900.0,5047
14257,0.0,0.0,4.1,314,41,13,383,600.0,5047
14258,1.0,0.0,4.5,2621,42,33,955,500.0,5047
14259,1.0,1.0,4.4,208,42,13,498,800.0,5047
14260,1.0,0.0,4.4,950,42,13,435,900.0,5047
14261,1.0,1.0,4.2,505,42,13,389,800.0,2498
14262,1.0,0.0,4.6,1026,44,17,431,550.0,5047
14263,1.0,1.0,4.4,467,41,13,403,800.0,5047
14264,0.0,1.0,4.5,550,42,13,412,900.0,5047
14265,0.0,0.0,4.3,295,41,13,473,850.0,5047
14266,1.0,1.0,4.0,1515,40,13,383,900.0,5047
14267,1.0,0.0,4.5,345,42,33,779,300.0,5047
14268,0.0,0.0,4.1,1359,44,13,427,700.0,5047
14269,1.0,0.0,4.2,169,41,13,427,700.0,5047
14270,1.0,1.0,4.2,875,42,13,339,600.0,5047
14271,1.0,1.0,4.0,1241,41,13,332,700.0,5047
14272,1.0,0.0,4.2,1065,42,13,394,800.0,3199
14273,1.0,0.0,4.1,894,40,13,395,800.0,4652
14274,1.0,0.0,4.1,141,42,13,452,1200.0,5047
14275,1.0,0.0,4.1,306,44,13,414,600.0,5047
14276,1.0,1.0,4.1,402,42,15,422,1200.0,5047
14277,1.0,1.0,4.2,1705,42,13,459,650.0,5047
14278,1.0,0.0,4.1,779,38,13,383,700.0,3434
14279,1.0,0.0,4.2,100,44,33,781,900.0,528
14280,1.0,0.0,4.3,480,42,13,512,450.0,3426
14281,0.0,0.0,4.2,226,39,13,506,200.0,5047
14282,1.0,0.0,4.0,66,41,16,462,700.0,4746
14283,0.0,0.0,4.1,172,44,13,365,650.0,5047
14284,1.0,0.0,4.1,93,42,13,383,600.0,5047
14285,1.0,0.0,4.1,61,39,13,451,600.0,4467
14286,0.0,0.0,3.8,47,42,13,455,600.0,5047
14287,1.0,0.0,4.0,201,42,13,406,800.0,5047
14288,0.0,0.0,4.1,324,44,13,342,700.0,5047
14289,0.0,0.0,4.0,1209,41,13,408,650.0,5047
14290,0.0,0.0,4.1,367,44,13,332,350.0,5047
14291,0.0,0.0,3.8,291,45,33,784,500.0,5047
14292,1.0,0.0,4.2,414,42,13,429,700.0,5047
14293,0.0,0.0,3.5,66,42,13,332,300.0,5047
14294,0.0,0.0,3.8,63,44,14,428,600.0,5047
14295,0.0,0.0,4.0,236,41,13,436,500.0,5047
14296,1.0,1.0,4.4,103,45,13,389,700.0,5047
14297,1.0,0.0,4.0,275,40,13,332,500.0,149
14298,0.0,0.0,4.3,139,42,13,383,800.0,5047
14299,0.0,0.0,3.7,46,38,13,383,600.0,5047
14300,1.0,0.0,3.8,230,38,13,394,600.0,4017
14301,1.0,0.0,3.7,52,41,13,473,450.0,3086
14302,1.0,1.0,4.5,1879,0,13,394,900.0,5047
14303,0.0,1.0,4.0,1778,16,48,750,1600.0,5047
14304,1.0,0.0,3.6,42,0,13,401,600.0,5047
14305,0.0,0.0,3.6,61,0,13,332,500.0,5047
14306,0.0,0.0,3.8,63,0,13,332,500.0,5047
14307,1.0,0.0,4.1,327,38,29,1156,450.0,4329
14308,1.0,0.0,4.5,1193,0,29,930,500.0,1261
14309,1.0,0.0,3.9,585,37,29,923,450.0,2949
14310,1.0,0.0,3.8,340,0,20,65,800.0,5047
14311,1.0,0.0,4.4,107,37,29,1184,400.0,1357
14312,1.0,0.0,4.0,996,22,20,238,800.0,2877
14313,1.0,0.0,3.9,306,16,62,1063,300.0,1194
14314,1.0,0.0,4.2,1295,0,20,105,900.0,4336
14315,1.0,0.0,4.0,208,0,70,1122,200.0,1657
14316,1.0,0.0,3.3,911,38,62,1177,250.0,4923
14317,1.0,0.0,4.3,169,22,29,1156,400.0,563
14318,1.0,0.0,4.0,58,22,72,1518,250.0,936
14319,1.0,0.0,4.3,193,43,62,1645,300.0,1875
14320,1.0,0.0,4.4,115,43,72,1465,600.0,4163
14321,1.0,0.0,3.4,154,0,62,1046,400.0,5047
14322,1.0,0.0,4.5,563,0,30,773,400.0,4498
14323,1.0,0.0,4.0,358,45,29,235,650.0,1987
14324,1.0,0.0,4.3,171,42,62,322,500.0,187
14325,1.0,0.0,4.1,506,41,62,1003,600.0,5047
14326,1.0,0.0,3.8,377,0,62,1357,500.0,1253
14327,0.0,0.0,3.9,626,42,20,558,600.0,5047
14328,1.0,0.0,3.5,739,0,20,47,600.0,1252
14329,1.0,0.0,3.8,342,22,62,1582,400.0,2887
14330,1.0,0.0,3.8,257,0,20,282,800.0,5047
14331,1.0,0.0,4.1,391,38,72,1181,500.0,5047
14332,1.0,0.0,3.7,455,22,72,1196,400.0,5047
14333,1.0,0.0,2.8,213,58,29,1469,300.0,1073
14334,1.0,0.0,4.1,789,0,62,1597,300.0,2686
14335,1.0,0.0,4.1,359,22,62,323,600.0,3358
14336,1.0,0.0,3.7,217,0,62,1038,200.0,2385
14337,1.0,0.0,3.8,1080,0,20,235,500.0,3737
14338,1.0,0.0,4.0,413,42,62,84,300.0,2759
14339,1.0,0.0,4.1,212,45,9,224,150.0,3495
14340,1.0,0.0,4.0,201,0,62,1156,300.0,2799
14341,1.0,0.0,3.9,641,58,62,1196,400.0,1142
14342,1.0,0.0,3.7,219,42,67,1507,600.0,866
14343,1.0,0.0,4.2,469,0,62,1060,400.0,3704
14344,1.0,0.0,4.3,1593,42,20,152,550.0,4843
14345,1.0,0.0,4.1,6948,42,20,1402,750.0,2102
14346,1.0,0.0,4.1,133,0,62,1156,150.0,1918
14347,1.0,0.0,3.7,479,0,62,1235,450.0,4041
14348,1.0,0.0,4.3,83,22,20,268,650.0,5047
14349,1.0,0.0,4.0,461,45,62,1190,500.0,1010
14350,1.0,0.0,3.4,99,45,0,181,400.0,2069
14351,1.0,0.0,4.6,278,42,30,956,400.0,764
14352,1.0,0.0,3.6,140,22,72,285,300.0,1121
14353,1.0,0.0,4.0,108,38,20,1156,500.0,309
14354,1.0,0.0,3.7,175,22,72,257,400.0,5047
14355,1.0,0.0,3.9,297,41,72,1156,400.0,293
14356,1.0,0.0,3.9,332,38,20,604,600.0,4940
14357,1.0,0.0,3.9,193,0,62,294,600.0,731
14358,1.0,1.0,4.1,1342,22,20,1375,800.0,3604
14359,1.0,0.0,3.9,66,0,62,235,700.0,1834
14360,1.0,0.0,3.9,293,43,45,1644,250.0,4117
14361,1.0,0.0,4.2,557,42,62,1672,400.0,3767
14362,1.0,0.0,4.1,725,43,29,1477,700.0,5047
14363,1.0,0.0,4.0,138,45,62,1609,250.0,2719
14364,1.0,0.0,3.9,421,0,20,112,800.0,2656
14365,1.0,0.0,3.9,234,38,72,1196,250.0,5047
14366,1.0,0.0,4.2,429,38,62,266,250.0,5047
14367,1.0,0.0,3.9,490,43,20,1474,750.0,5047
14368,1.0,0.0,3.8,100,0,20,1589,350.0,4182
14369,1.0,0.0,4.4,7234,42,20,304,600.0,5047
14370,1.0,0.0,4.1,1963,43,62,1110,600.0,5047
14371,1.0,1.0,4.1,1250,42,20,1156,600.0,5047
14372,1.0,0.0,3.9,333,0,13,1195,200.0,2301
14373,1.0,0.0,3.4,356,18,62,1156,350.0,5047
14374,1.0,1.0,4.4,9080,41,22,1468,600.0,2253
14375,1.0,0.0,2.9,323,16,20,1252,1000.0,1268
14376,1.0,0.0,4.3,3618,43,62,1635,400.0,2956
14377,1.0,0.0,3.9,468,0,20,112,700.0,1229
14378,1.0,0.0,4.2,1077,42,69,1121,400.0,3951
14379,1.0,0.0,4.5,345,42,33,779,300.0,2612
14380,1.0,0.0,4.0,198,41,62,1156,500.0,2452
14381,1.0,0.0,3.7,630,22,62,322,400.0,2637
14382,1.0,0.0,4.3,894,16,29,181,500.0,1589
14383,1.0,0.0,3.9,161,38,29,271,650.0,1764
14384,1.0,0.0,3.5,139,0,72,282,500.0,5047
14385,1.0,0.0,3.9,58,0,62,282,300.0,5047
14386,1.0,0.0,3.8,883,0,62,1356,500.0,2132
14387,1.0,0.0,3.8,351,22,62,1156,300.0,188
14388,1.0,0.0,3.9,327,43,20,43,500.0,5047
14389,1.0,1.0,4.0,1134,26,20,1156,1000.0,5047
14390,1.0,0.0,4.2,972,42,62,1547,200.0,5047
14391,1.0,0.0,4.1,192,45,29,1465,750.0,2170
14392,1.0,0.0,3.7,185,0,62,858,400.0,1135
14393,1.0,0.0,3.8,53,44,62,917,350.0,5047
14394,1.0,1.0,4.1,2727,0,20,296,800.0,4373
14395,1.0,0.0,4.0,115,0,62,591,400.0,5047
14396,1.0,0.0,2.3,298,7,62,286,450.0,5047
14397,1.0,0.0,3.9,52,0,62,1589,300.0,5047
14398,1.0,0.0,3.8,261,0,20,50,500.0,1111
14399,1.0,0.0,3.7,181,0,62,1196,400.0,5047
14400,1.0,0.0,3.9,129,22,20,301,600.0,1007
14401,1.0,0.0,3.9,371,22,20,50,550.0,2473
14402,1.0,0.0,4.0,102,0,20,558,600.0,5047
14403,1.0,0.0,3.9,327,3,20,1196,650.0,5047
14404,1.0,0.0,3.9,192,0,62,256,300.0,5047
14405,1.0,0.0,3.9,1190,0,62,1196,500.0,3584
14406,1.0,0.0,4.3,286,22,62,1547,150.0,5047
14407,1.0,0.0,4.0,65,22,20,1591,300.0,5047
14408,1.0,0.0,3.2,294,22,20,208,600.0,5047
14409,1.0,0.0,4.3,656,43,62,1547,250.0,5047
14410,1.0,0.0,3.6,504,38,29,1423,500.0,5047
14411,1.0,0.0,3.9,184,22,29,609,600.0,4670
14412,1.0,0.0,4.2,1023,22,30,773,500.0,814
14413,1.0,0.0,4.3,341,42,20,555,800.0,5047
14414,1.0,0.0,4.0,758,24,62,1156,250.0,3319
14415,1.0,0.0,3.6,221,0,20,286,600.0,4944
14416,1.0,0.0,3.6,383,42,20,1037,600.0,2846
14417,1.0,1.0,4.0,236,42,20,1141,800.0,4277
14418,1.0,0.0,4.1,1118,42,20,289,750.0,4395
14419,1.0,0.0,3.9,184,0,62,1497,300.0,4672
14420,1.0,0.0,3.9,462,16,20,1219,600.0,984
14421,1.0,0.0,3.9,463,22,62,262,600.0,4615
14422,1.0,0.0,4.2,701,41,29,1181,450.0,1329
14423,1.0,0.0,3.9,375,38,20,235,750.0,649
14424,1.0,0.0,4.2,703,44,30,182,450.0,2936
14425,1.0,0.0,4.0,457,43,29,932,500.0,692
14426,1.0,0.0,3.7,434,41,62,1423,400.0,5047
14427,1.0,0.0,3.8,141,42,62,1591,200.0,5047
14428,1.0,0.0,4.1,382,0,62,84,250.0,4062
14429,1.0,0.0,4.0,94,22,20,989,700.0,5047
14430,1.0,0.0,4.1,511,43,30,789,500.0,5047
14431,1.0,0.0,4.6,121,38,30,773,300.0,5047
14432,1.0,0.0,3.9,48,22,30,211,400.0,1690
14433,1.0,1.0,4.1,531,26,20,619,800.0,5047
14434,1.0,0.0,4.1,292,43,62,328,600.0,5047
14435,1.0,0.0,3.3,395,44,62,1156,400.0,1522
14436,1.0,0.0,4.3,131,26,30,767,300.0,5047
14437,1.0,0.0,3.2,68,22,20,1619,400.0,268
14438,1.0,0.0,2.9,67,0,20,1459,200.0,1850
14439,1.0,0.0,4.0,201,42,13,406,800.0,5047
14440,1.0,1.0,4.9,2244,42,21,134,1500.0,4955
14441,1.0,0.0,4.1,894,40,13,395,800.0,4653
14442,1.0,0.0,4.1,414,44,12,1026,300.0,2529
14443,1.0,0.0,3.9,100,30,62,1547,200.0,2684
14444,1.0,0.0,3.9,230,38,29,1429,450.0,3507
14445,1.0,0.0,3.9,160,22,62,1597,300.0,3170
14446,1.0,0.0,4.0,403,22,30,956,450.0,613
14447,1.0,0.0,4.4,457,26,29,926,500.0,4484
14448,1.0,0.0,4.0,195,43,29,1657,500.0,5047
14449,1.0,0.0,3.6,176,22,29,259,400.0,409
14450,1.0,0.0,3.9,231,38,29,1106,400.0,5047
14451,1.0,0.0,3.1,269,22,20,517,550.0,1840
14452,1.0,0.0,4.3,279,44,62,1156,450.0,5047
14453,1.0,1.0,4.4,1808,41,20,1678,1000.0,5047
14454,1.0,0.0,4.1,93,42,13,383,600.0,5047
14455,1.0,0.0,3.9,179,43,29,834,300.0,5047
14456,1.0,0.0,3.5,124,22,20,1558,550.0,1061
14457,1.0,0.0,3.7,72,26,29,1196,300.0,1127
14458,1.0,0.0,4.1,1962,43,20,201,650.0,3415
14459,1.0,0.0,4.4,363,43,13,493,500.0,3613
14460,1.0,0.0,4.0,1113,41,29,1209,500.0,5047
14461,1.0,0.0,4.5,2072,22,20,1626,1200.0,1781
14462,1.0,0.0,4.1,314,38,72,933,650.0,4445
14463,1.0,0.0,4.0,212,41,62,749,400.0,5047
14464,1.0,0.0,3.4,47,0,62,1636,200.0,1855
14465,1.0,0.0,4.0,270,38,62,1207,450.0,2202
14466,1.0,0.0,3.5,47,16,29,313,300.0,5047
14467,1.0,0.0,3.7,329,0,72,1185,500.0,4859
14468,1.0,0.0,3.7,118,0,62,266,400.0,2014
14469,1.0,0.0,4.1,322,43,62,1156,600.0,5047
14470,1.0,0.0,4.0,960,44,20,1669,500.0,5047
14471,1.0,1.0,4.6,5436,26,20,809,1600.0,5047
14472,1.0,0.0,4.1,95,0,29,1113,600.0,4013
14473,1.0,0.0,4.2,114,0,62,537,300.0,3773
14474,1.0,0.0,3.8,66,42,20,98,800.0,5047
14475,1.0,0.0,3.9,501,43,62,1638,300.0,5047
14476,1.0,0.0,4.0,62,26,29,235,400.0,5047
14477,1.0,0.0,3.9,162,58,62,1589,40.0,5047
14478,1.0,0.0,3.5,433,38,29,1429,500.0,5047
14479,1.0,0.0,4.1,616,44,20,161,500.0,5047
14480,1.0,0.0,3.5,117,22,20,58,600.0,345
14481,1.0,0.0,3.6,218,22,62,252,400.0,2980
14482,1.0,0.0,4.3,190,41,0,181,400.0,2086
14483,1.0,0.0,3.9,151,22,30,773,300.0,771
14484,1.0,0.0,4.0,314,42,20,610,800.0,4964
14485,1.0,1.0,3.9,74,0,20,1277,900.0,2094
14486,1.0,0.0,4.3,246,42,62,1668,600.0,1147
14487,1.0,1.0,4.2,1155,22,20,1018,1800.0,431
14488,1.0,0.0,4.1,168,42,29,44,300.0,1450
14489,1.0,0.0,4.2,56,42,9,210,400.0,531
14490,1.0,1.0,4.5,816,0,20,716,800.0,1043
14491,1.0,0.0,4.0,870,0,29,250,500.0,4590
14492,1.0,1.0,4.2,1705,42,13,459,650.0,1348
14493,1.0,0.0,4.0,39,0,32,775,300.0,3736
14494,1.0,0.0,4.1,87,43,13,427,700.0,377
14495,1.0,0.0,4.2,534,44,62,1669,450.0,1133
14496,1.0,0.0,3.9,172,0,62,1612,300.0,3815
14497,1.0,0.0,4.5,2621,42,33,955,500.0,5047
14498,1.0,0.0,4.1,57,38,12,1023,200.0,5047
14499,1.0,1.0,4.2,1544,0,20,1054,800.0,2390
14500,1.0,0.0,4.2,50,45,29,181,500.0,1615
14501,1.0,0.0,3.9,707,0,20,1156,500.0,4325
14502,1.0,0.0,4.0,269,42,45,1677,300.0,5047
14503,1.0,0.0,3.6,95,38,62,1335,300.0,5047
14504,1.0,0.0,3.7,84,22,62,265,350.0,2827
14505,1.0,0.0,4.3,3461,44,20,1156,600.0,5047
14506,1.0,1.0,4.4,208,42,13,498,800.0,617
14507,1.0,0.0,4.2,53,42,30,773,400.0,1931
14508,1.0,0.0,3.8,331,22,62,1156,350.0,5047
14509,1.0,0.0,3.2,166,16,62,1476,600.0,3485
14510,1.0,0.0,3.8,78,22,62,1460,350.0,1337
14511,1.0,0.0,4.1,121,22,62,1578,200.0,5047
14512,1.0,1.0,4.2,348,42,20,1156,700.0,3528
14513,1.0,1.0,4.3,549,42,26,1265,1000.0,3046
14514,1.0,0.0,3.7,130,38,21,624,1200.0,1958
14515,1.0,0.0,4.6,4695,44,46,32,1500.0,1533
14516,1.0,0.0,4.0,529,18,29,314,350.0,4120
14517,1.0,1.0,4.5,263,41,20,1008,1300.0,928
14518,1.0,0.0,3.9,454,44,20,197,600.0,2549
14519,1.0,0.0,3.6,193,0,29,917,450.0,3432
14520,1.0,1.0,4.5,1889,38,21,1430,1200.0,4423
14521,0.0,0.0,4.0,1209,41,13,408,650.0,5047
14522,1.0,0.0,4.0,169,42,11,778,400.0,2544
14523,1.0,0.0,3.8,295,42,62,826,500.0,3376
14524,1.0,0.0,4.3,726,42,62,817,400.0,3861
14525,1.0,0.0,3.7,34,22,72,232,400.0,2994
14526,1.0,0.0,4.3,793,22,20,168,1000.0,4303
14527,1.0,0.0,4.2,177,43,13,332,600.0,2503
14528,1.0,1.0,4.1,224,42,20,1239,600.0,2221
14529,1.0,0.0,4.0,790,66,62,90,400.0,2377
14530,1.0,0.0,4.1,205,42,62,817,250.0,262
14531,1.0,1.0,4.4,2398,41,20,1083,1000.0,427
14532,1.0,0.0,3.2,64,0,62,1268,250.0,4803
14533,1.0,0.0,4.0,188,38,29,171,300.0,5047
14534,1.0,0.0,3.9,97,18,62,202,500.0,1901
14535,1.0,0.0,3.9,523,41,20,609,500.0,4777
14536,1.0,0.0,3.7,59,22,13,443,600.0,2422
14537,1.0,0.0,4.1,61,42,30,792,450.0,1743
14538,1.0,0.0,3.9,107,44,29,918,600.0,4645
14539,1.0,1.0,4.5,3469,42,20,1400,1300.0,5047
14540,1.0,0.0,3.5,221,0,70,1119,400.0,3712
14541,1.0,1.0,3.8,1167,22,20,1057,600.0,960
14542,1.0,0.0,4.1,192,41,30,767,300.0,770
14543,1.0,0.0,4.0,670,22,20,292,800.0,2666
14544,1.0,0.0,3.1,89,0,62,1374,300.0,2914
14545,1.0,1.0,4.1,221,41,20,1156,1000.0,556
14546,1.0,0.0,3.5,177,0,62,203,500.0,2060
14547,1.0,0.0,4.0,76,38,62,1511,300.0,5047
14548,1.0,0.0,4.1,187,22,9,215,400.0,3981
14549,1.0,1.0,4.2,325,44,20,1205,800.0,213
14550,1.0,0.0,3.9,554,44,62,818,600.0,4699
14551,1.0,0.0,4.3,220,38,62,1075,300.0,3808
14552,1.0,0.0,3.5,323,38,62,1077,500.0,3032
14553,1.0,0.0,3.9,717,22,20,977,1000.0,1978
14554,1.0,1.0,4.0,1871,43,20,1156,600.0,5047
14555,1.0,1.0,4.3,343,41,62,790,450.0,5047
14556,1.0,1.0,4.5,3987,42,25,713,1600.0,494
14557,1.0,0.0,4.2,533,42,20,600,600.0,4878
14558,1.0,0.0,3.9,151,41,41,1670,400.0,4990
14559,1.0,0.0,4.0,494,22,20,528,800.0,5047
14560,1.0,0.0,4.2,289,3,62,6,400.0,4033
14561,1.0,1.0,4.2,2620,42,20,514,1300.0,5047
14562,1.0,0.0,4.1,134,22,20,1156,650.0,415
14563,1.0,1.0,4.2,295,42,20,1532,800.0,2953
14564,1.0,0.0,3.0,64,16,30,794,200.0,2153
14565,1.0,0.0,3.2,49,42,62,120,300.0,4637
14566,1.0,0.0,2.8,152,44,20,1206,700.0,1343
14567,1.0,0.0,3.9,88,22,62,817,250.0,3760
14568,1.0,0.0,3.8,40,41,29,282,600.0,3000
14569,1.0,0.0,4.3,379,22,20,30,700.0,1438
14570,1.0,0.0,2.9,331,16,29,1002,600.0,897
14571,1.0,0.0,4.1,1153,26,16,415,500.0,371
14572,1.0,0.0,4.0,187,44,2,188,500.0,2274
14573,0.0,0.0,4.2,1534,43,62,1245,600.0,5047
14574,1.0,0.0,3.8,214,44,20,1354,700.0,1415
14575,1.0,0.0,2.8,95,26,20,610,600.0,3396
14576,1.0,0.0,4.8,189,42,30,767,400.0,4487
14577,1.0,1.0,4.4,1854,43,20,521,1100.0,5047
14578,1.0,0.0,4.0,782,43,20,1005,750.0,2751
14579,1.0,1.0,4.5,721,44,20,1009,1500.0,806
14580,1.0,0.0,3.0,291,41,62,1474,400.0,3120
14581,1.0,0.0,4.0,131,0,30,949,230.0,3238
14582,1.0,1.0,3.7,113,22,20,1196,800.0,719
14583,1.0,0.0,3.9,231,42,30,956,500.0,2606
14584,1.0,1.0,3.9,485,42,20,1427,700.0,5047
14585,1.0,1.0,4.2,1923,22,49,889,1500.0,4453
14586,1.0,0.0,3.9,85,44,62,1156,400.0,5047
14587,1.0,0.0,3.9,77,16,32,773,300.0,2326
14588,1.0,0.0,3.8,258,37,29,1196,300.0,3288
14589,1.0,1.0,4.4,523,43,20,23,2500.0,5047
14590,1.0,0.0,3.8,232,30,20,68,600.0,5047
14591,1.0,0.0,3.9,59,41,62,1416,300.0,322
14592,1.0,0.0,3.9,338,22,62,1196,500.0,4807
14593,1.0,1.0,4.4,682,44,20,1381,1500.0,4084
14594,1.0,0.0,4.4,950,42,13,435,900.0,4069
14595,1.0,0.0,3.6,73,42,20,197,700.0,4194
14596,1.0,0.0,3.7,69,42,62,1156,200.0,2054
14597,1.0,0.0,4.0,577,38,20,208,600.0,855
14598,1.0,0.0,3.9,475,43,20,1459,600.0,5047
14599,1.0,0.0,3.9,660,42,20,618,500.0,1807
14600,1.0,1.0,3.7,111,42,20,1196,900.0,4290
14601,1.0,1.0,4.2,150,42,20,68,900.0,2944
14602,1.0,0.0,3.9,1142,42,20,1352,500.0,2360
14603,1.0,0.0,3.9,213,43,62,317,400.0,5047
14604,1.0,0.0,3.1,910,42,20,1381,600.0,1420
14605,1.0,0.0,3.1,144,16,62,242,200.0,1060
14606,1.0,0.0,3.8,76,42,62,202,500.0,4260
14607,1.0,0.0,4.1,3006,38,13,374,1000.0,5047
14608,1.0,1.0,4.1,1792,42,57,881,1200.0,1516
14609,1.0,0.0,3.4,95,42,62,96,200.0,4066
14610,1.0,0.0,3.6,57,22,72,1156,400.0,5047
14611,1.0,0.0,4.0,76,38,0,181,500.0,1595
14612,1.0,0.0,3.8,191,22,62,1573,250.0,3167
14613,1.0,0.0,2.8,261,22,20,1040,700.0,951
14614,1.0,0.0,4.1,271,38,62,132,500.0,4505
14615,1.0,0.0,3.9,34,18,62,1156,300.0,3545
14616,1.0,0.0,3.4,277,0,66,1455,250.0,171
14617,1.0,0.0,3.6,42,0,13,401,600.0,3473
14618,1.0,0.0,3.5,889,44,20,1375,650.0,967
14619,1.0,0.0,3.8,76,22,13,436,650.0,792
14620,1.0,0.0,2.8,137,38,62,1156,500.0,5047
14621,1.0,0.0,3.9,41,42,62,1156,250.0,5047
14622,1.0,0.0,4.5,253,22,20,1076,1200.0,5047
14623,1.0,0.0,4.1,141,42,13,452,1200.0,5047
14624,1.0,0.0,3.7,483,41,20,761,800.0,1344
14625,1.0,0.0,4.0,76,45,13,382,400.0,1766
14626,1.0,0.0,3.6,90,44,62,826,500.0,3020
14627,1.0,1.0,4.4,459,44,21,1156,1500.0,3304
14628,1.0,0.0,3.5,144,22,62,1547,150.0,5047
14629,1.0,0.0,4.1,1003,42,20,1388,700.0,5047
14630,1.0,0.0,3.9,97,0,62,967,1000.0,406
14631,1.0,0.0,4.2,180,42,30,773,350.0,4268
14632,1.0,0.0,3.8,75,85,20,672,1000.0,3301
14633,1.0,0.0,4.1,845,43,20,1534,700.0,5047
14634,1.0,0.0,4.2,603,44,30,773,900.0,523
14635,1.0,1.0,4.1,258,41,20,1149,750.0,5047
14636,1.0,1.0,3.5,59,22,20,1279,700.0,2920
14637,1.0,0.0,3.9,46,22,13,432,300.0,1642
14638,1.0,0.0,3.8,267,44,20,1154,650.0,1547
14639,1.0,0.0,3.6,207,42,20,1050,500.0,5047
14640,1.0,0.0,2.9,95,0,29,1432,700.0,1055
14641,1.0,0.0,3.8,127,0,62,1196,400.0,2446
14642,1.0,0.0,3.8,108,43,62,370,400.0,1089
14643,1.0,0.0,3.8,33,58,72,718,500.0,5047
14644,1.0,0.0,4.1,337,26,22,383,800.0,1825
14645,1.0,0.0,3.6,82,38,62,1505,400.0,5047
14646,1.0,1.0,3.9,606,22,20,1092,1000.0,1158
14647,1.0,1.0,4.5,3163,42,21,1233,1500.0,5047
14648,1.0,0.0,3.6,97,38,62,1039,300.0,1150
14649,1.0,0.0,3.5,76,42,62,323,600.0,3994
14650,1.0,0.0,3.1,53,38,62,817,100.0,203
14651,1.0,0.0,4.0,69,43,20,1090,1000.0,1166
14652,1.0,1.0,4.2,505,42,13,389,800.0,2499
14653,1.0,0.0,3.8,57,44,20,1531,700.0,5047
14654,1.0,0.0,2.8,414,58,20,1145,700.0,1214
14655,1.0,0.0,4.1,43,16,31,769,400.0,3425
14656,1.0,0.0,2.8,102,3,62,1196,350.0,5047
14657,1.0,0.0,4.4,149,42,72,214,350.0,1689
14658,1.0,0.0,3.9,157,85,20,1196,450.0,4403
14659,1.0,0.0,3.9,237,42,62,1551,200.0,2826
14660,1.0,0.0,4.2,115,0,12,217,400.0,5047
14661,1.0,1.0,3.9,163,22,24,1296,900.0,5047
14662,1.0,0.0,2.9,362,22,20,1197,450.0,5047
14663,1.0,0.0,3.7,127,18,72,849,300.0,4972
14664,1.0,0.0,3.9,140,0,62,1327,300.0,5047
14665,1.0,0.0,4.0,76,40,62,1602,300.0,5047
14666,1.0,0.0,3.8,117,0,20,1185,600.0,5047
14667,1.0,0.0,3.9,457,43,20,521,1000.0,5047
14668,1.0,1.0,4.4,346,42,21,541,1000.0,401
14669,1.0,0.0,3.9,44,43,62,621,550.0,2533
14670,1.0,0.0,4.0,139,42,12,1025,200.0,2532
14671,1.0,0.0,3.8,153,44,29,1296,500.0,878
14672,1.0,1.0,4.4,387,42,21,1108,1500.0,1729
14673,1.0,0.0,3.8,71,0,20,1165,1000.0,3743
14674,1.0,0.0,4.1,363,42,72,264,400.0,5047
14675,1.0,0.0,4.1,61,39,13,451,600.0,4467
14676,1.0,1.0,4.1,675,40,20,605,900.0,5047
14677,1.0,0.0,4.0,64,42,62,228,150.0,2191
14678,1.0,1.0,4.4,3675,42,20,606,1400.0,5047
14679,1.0,0.0,3.9,823,42,20,558,750.0,5047
14680,1.0,0.0,3.9,188,45,62,563,400.0,5047
14681,1.0,1.0,4.5,1879,0,13,394,900.0,1820
14682,1.0,0.0,3.9,203,0,62,1451,300.0,2789
14683,1.0,1.0,4.3,2576,42,4,688,1200.0,4821
14684,1.0,0.0,3.9,214,0,20,1240,600.0,4522
14685,1.0,0.0,3.7,92,22,0,181,400.0,606
14686,1.0,0.0,3.8,473,42,20,1597,500.0,3155
14687,1.0,1.0,4.2,1626,41,20,1512,1500.0,3224
14688,1.0,0.0,3.7,72,30,20,1209,450.0,2372
14689,1.0,0.0,4.3,480,42,13,512,450.0,547
14690,1.0,0.0,3.8,41,44,62,235,200.0,986
14691,1.0,1.0,4.0,1390,44,20,674,1100.0,4759
14692,1.0,0.0,3.8,64,22,62,64,500.0,336
14693,1.0,1.0,4.2,767,41,20,1272,1700.0,5047
14694,1.0,0.0,3.8,616,0,13,472,600.0,3452
14695,1.0,0.0,3.3,334,0,62,282,400.0,5047
14696,1.0,0.0,3.8,63,24,62,866,350.0,3656
14697,1.0,0.0,3.5,69,42,62,1670,250.0,4262
14698,1.0,1.0,4.2,875,42,13,339,600.0,964
14699,1.0,0.0,3.7,101,0,13,488,700.0,2514
14700,1.0,0.0,3.8,149,42,20,277,600.0,4969
14701,1.0,0.0,3.7,69,0,29,83,400.0,4190
14702,1.0,0.0,3.5,304,22,72,287,400.0,5047
14703,1.0,0.0,3.8,94,38,20,1253,600.0,1276
14704,1.0,0.0,3.9,395,44,20,911,750.0,1436
14705,1.0,1.0,4.1,1855,38,13,343,600.0,4006
14706,1.0,0.0,4.3,68,42,30,1676,250.0,4073
14707,0.0,0.0,3.7,4652,43,50,1304,2000.0,5047
14708,1.0,0.0,3.7,141,22,20,54,500.0,5047
14709,1.0,1.0,4.2,217,16,20,808,1500.0,3746
14710,0.0,0.0,4.1,2450,43,13,371,700.0,5047
14711,1.0,1.0,4.2,2714,40,13,404,1000.0,2992
14712,1.0,0.0,4.0,66,41,16,462,700.0,4746
14713,1.0,1.0,4.2,1177,41,57,883,1300.0,1383
14714,1.0,0.0,4.1,465,0,13,344,500.0,4055
14715,1.0,0.0,3.1,121,43,20,1196,500.0,5047
14716,1.0,1.0,3.9,224,22,20,1285,800.0,5047
14717,1.0,0.0,3.9,79,44,30,956,800.0,4474
14718,1.0,0.0,3.6,165,40,20,1196,500.0,4629
14719,1.0,0.0,3.1,140,0,20,1182,600.0,5047
14720,1.0,0.0,2.8,137,0,62,1451,300.0,253
14721,1.0,0.0,4.1,779,38,13,383,700.0,3433
14722,1.0,0.0,3.1,97,58,62,1196,450.0,3942
14723,1.0,1.0,3.7,291,41,20,69,750.0,5047
14724,1.0,0.0,3.9,96,38,62,1327,350.0,5047
14725,1.0,0.0,4.0,100,44,30,175,150.0,681
14726,1.0,0.0,3.8,48,45,62,1196,300.0,69
14727,1.0,1.0,4.0,1021,26,20,1156,1200.0,5047
14728,1.0,0.0,2.7,73,0,20,565,600.0,4376
14729,1.0,1.0,4.1,1697,42,20,1196,1200.0,5047
14730,1.0,0.0,3.9,214,26,62,824,400.0,5047
14731,1.0,0.0,2.8,79,16,62,1235,300.0,5047
14732,1.0,1.0,4.1,603,43,20,998,1100.0,5047
14733,1.0,1.0,4.4,103,45,13,389,700.0,4850
14734,1.0,0.0,3.9,64,42,62,1072,300.0,3635
14735,1.0,0.0,3.4,34,44,20,1359,650.0,5047
14736,1.0,0.0,4.2,169,41,13,427,700.0,2650
14737,1.0,0.0,4.2,166,42,62,817,300.0,862
14738,1.0,0.0,4.0,457,38,20,1156,650.0,5047
14739,1.0,0.0,4.0,69,44,30,767,400.0,5009
14740,1.0,1.0,4.0,151,39,20,706,1100.0,2484
14741,1.0,0.0,3.8,273,0,20,1310,900.0,2290
14742,1.0,0.0,3.7,52,41,13,473,450.0,3086
14743,1.0,0.0,3.9,450,22,20,1209,550.0,4361
14744,1.0,0.0,3.8,46,44,62,832,400.0,1968
14745,1.0,0.0,3.7,259,42,20,1139,750.0,1222
14746,1.0,0.0,3.7,70,43,12,224,250.0,3874
14747,1.0,1.0,3.9,598,41,4,899,1200.0,953
14748,1.0,0.0,3.6,71,0,62,1248,350.0,1185
14749,1.0,0.0,4.0,62,43,62,986,400.0,3103
14750,1.0,0.0,4.2,1065,42,13,394,800.0,3199
14751,1.0,1.0,4.1,300,66,20,914,1000.0,489
14752,1.0,0.0,3.7,103,43,62,1209,400.0,5047
14753,1.0,1.0,4.0,1241,41,13,332,700.0,3513
14754,1.0,1.0,4.1,402,42,15,422,1200.0,1385
14755,1.0,0.0,4.1,56,42,62,817,500.0,903
14756,1.0,0.0,4.2,823,43,20,1156,1000.0,2364
14757,1.0,0.0,3.8,75,41,20,700,750.0,5047
14758,1.0,0.0,4.6,1026,44,17,431,550.0,5047
14759,1.0,0.0,4.2,310,0,29,1045,600.0,183
14760,1.0,0.0,3.9,106,22,62,1547,150.0,739
14761,1.0,1.0,4.2,1369,44,21,123,1400.0,24
14762,1.0,0.0,3.7,61,0,62,831,350.0,4242
14763,1.0,0.0,4.3,1105,22,13,419,700.0,330
14764,1.0,0.0,4.2,106,24,62,233,300.0,4875
14765,1.0,0.0,4.0,113,0,12,1652,250.0,3733
14766,1.0,0.0,3.9,49,41,62,1567,400.0,947
14767,1.0,0.0,4.0,685,42,62,617,250.0,5047
14768,1.0,0.0,3.5,34,43,69,1117,250.0,2921
14769,1.0,0.0,3.9,349,26,20,1462,450.0,1922
14770,0.0,0.0,3.9,154,43,62,1451,200.0,5047
14771,1.0,1.0,4.1,152,43,62,378,600.0,1485
14772,1.0,0.0,4.1,306,44,13,414,600.0,496
14773,1.0,1.0,4.4,192,40,13,332,1000.0,4689
14774,1.0,0.0,3.6,72,43,62,1109,200.0,594
14775,1.0,0.0,4.4,384,44,62,1584,300.0,5047
14776,1.0,0.0,4.0,515,44,20,562,750.0,2963
14777,1.0,0.0,3.9,122,58,62,217,250.0,1939
14778,0.0,0.0,3.7,73,43,70,1118,250.0,5047
14779,0.0,0.0,4.0,99,43,62,1630,200.0,5047
14780,1.0,0.0,3.5,74,43,20,1028,600.0,5047
14781,1.0,0.0,3.8,230,38,13,394,600.0,4017
14782,1.0,0.0,2.6,54,0,29,251,600.0,1102
14783,1.0,0.0,4.3,2873,42,13,337,600.0,5047
14784,1.0,0.0,4.1,992,43,13,404,600.0,1539
14785,1.0,0.0,4.1,37,44,35,787,500.0,3282
14786,1.0,0.0,3.9,70,42,12,1023,150.0,3844
14787,1.0,0.0,4.1,507,43,13,381,600.0,5047
14788,1.0,1.0,3.9,146,41,20,665,1000.0,3388
14789,1.0,0.0,3.8,254,0,20,521,600.0,5047
14790,1.0,0.0,3.8,75,40,69,1121,200.0,2966
14791,1.0,0.0,3.7,47,43,20,1207,800.0,5047
14792,1.0,0.0,3.8,34,22,63,186,350.0,5047
14793,0.0,0.0,4.0,203,43,43,198,350.0,5047
14794,1.0,0.0,3.8,74,8,13,343,650.0,4741
14795,1.0,0.0,2.1,253,26,29,1386,500.0,5047
14796,1.0,0.0,3.8,110,43,72,1002,400.0,5047
14797,0.0,0.0,3.6,54,43,62,1280,400.0,5047
14798,0.0,0.0,3.7,125,43,29,532,500.0,5047
14799,0.0,0.0,3.8,65,43,62,624,550.0,5047
14800,0.0,0.0,4.0,40,43,30,787,300.0,5047
14801,0.0,0.0,4.0,157,43,30,767,300.0,5047
14802,1.0,0.0,3.8,38,38,20,1156,500.0,5047
14803,1.0,1.0,3.7,1015,43,4,663,1300.0,3266
14804,0.0,0.0,3.6,54,43,12,1652,250.0,5047
14805,0.0,0.0,2.7,61,43,62,89,500.0,5047
14806,0.0,0.0,3.8,47,42,13,455,600.0,5047
14807,1.0,0.0,3.4,10,0,13,332,650.0,5047
14808,1.0,0.0,3.7,95,38,62,1156,150.0,5047
14809,1.0,1.0,4.0,1515,40,13,383,900.0,5047
14810,1.0,0.0,3.8,278,22,62,235,200.0,5047
14811,1.0,0.0,3.8,215,43,20,1111,700.0,4233
14812,1.0,0.0,3.8,172,42,20,1423,550.0,2780
14813,1.0,0.0,4.3,1902,42,30,767,400.0,5047
14814,1.0,0.0,3.8,178,38,20,1335,800.0,5047
14815,1.0,0.0,4.3,169,41,30,773,450.0,5047
14816,1.0,1.0,4.1,1054,26,72,709,1400.0,5047
14817,1.0,0.0,3.6,243,43,20,1522,800.0,5047
14818,1.0,0.0,3.8,211,22,29,38,600.0,5047
14819,0.0,0.0,4.1,44,42,62,1636,150.0,5047
14820,0.0,0.0,4.1,724,41,31,769,300.0,5047
14821,0.0,0.0,3.8,34,42,0,187,400.0,5047
14822,1.0,0.0,3.7,47,0,30,951,200.0,5047
14823,1.0,0.0,3.4,212,22,20,1258,800.0,5047
14824,1.0,0.0,3.6,132,0,72,286,600.0,5047
14825,1.0,0.0,3.8,76,30,62,1046,300.0,724
14826,1.0,0.0,3.7,46,0,20,1196,600.0,5047
14827,0.0,0.0,4.1,324,44,13,342,700.0,5047
14828,1.0,0.0,3.1,40,0,62,1196,250.0,5047
14829,1.0,0.0,4.2,185,0,51,1209,300.0,5047
14830,0.0,1.0,4.5,3914,42,60,889,1000.0,5047
14831,0.0,1.0,4.7,4447,42,4,643,1000.0,5047
14832,0.0,1.0,4.0,2160,42,46,627,1000.0,5047
14833,0.0,1.0,4.2,1743,41,57,539,1400.0,5047
14834,0.0,1.0,4.0,1778,16,48,750,1600.0,5047
14835,1.0,0.0,3.7,67,0,62,1563,300.0,5047
14836,1.0,0.0,4.2,414,42,13,429,700.0,5047
14837,1.0,0.0,4.1,76,42,62,1517,450.0,5047
14838,0.0,0.0,4.7,14717,42,16,338,900.0,5047
14839,0.0,1.0,3.9,1389,42,46,718,1400.0,5047
14840,0.0,0.0,4.5,3847,42,13,469,800.0,5047
14841,1.0,1.0,4.0,126,22,20,1390,900.0,5047
14842,1.0,1.0,4.3,1808,42,22,660,900.0,4531
14843,0.0,0.0,4.1,2734,42,13,400,1300.0,5047
14844,0.0,0.0,4.4,1225,41,13,399,800.0,5047
14845,0.0,1.0,4.5,686,42,20,603,1400.0,5047
14846,0.0,0.0,4.3,2306,42,20,65,800.0,5047
14847,0.0,0.0,3.8,1161,42,20,50,650.0,5047
14848,0.0,1.0,4.3,2248,42,20,609,1100.0,5047
14849,0.0,0.0,4.1,1227,42,62,1112,400.0,5047
14850,0.0,0.0,3.9,1160,41,20,517,650.0,5047
14851,0.0,0.0,4.1,440,42,20,1209,500.0,5047
14852,1.0,1.0,4.4,467,41,13,403,800.0,4267
14853,0.0,1.0,4.5,550,42,13,412,900.0,5047
14854,0.0,1.0,4.3,166,41,20,526,800.0,5047
14855,0.0,0.0,4.3,295,41,13,473,850.0,5047
14856,0.0,1.0,4.1,819,41,21,50,800.0,5047
14857,0.0,0.0,4.3,995,42,62,617,350.0,5047
14858,0.0,1.0,4.4,328,42,20,1067,1200.0,5047
14859,0.0,0.0,4.3,450,42,30,958,400.0,5047
14860,0.0,0.0,4.2,676,42,20,1589,650.0,5047
14861,0.0,0.0,4.3,317,0,51,1059,300.0,5047
14862,0.0,1.0,4.1,453,44,20,1156,650.0,5047
14863,0.0,0.0,4.5,941,38,30,951,200.0,5047
14864,0.0,0.0,4.3,236,44,9,223,350.0,5047
14865,1.0,0.0,3.9,121,38,62,1209,400.0,1373
14866,0.0,0.0,4.1,183,42,51,1156,150.0,5047
14867,0.0,0.0,3.1,117,44,62,235,200.0,5047
14868,0.0,0.0,3.7,107,38,20,1212,500.0,5047
14869,0.0,0.0,3.9,164,45,9,217,400.0,5047
14870,0.0,0.0,4.1,445,41,30,180,400.0,5047
14871,0.0,0.0,3.8,291,45,33,784,500.0,5047
14872,0.0,0.0,3.8,63,44,14,428,600.0,5047
14873,0.0,0.0,2.5,547,41,20,1156,450.0,5047
14874,0.0,0.0,3.8,87,0,62,817,250.0,5047
14875,0.0,0.0,3.8,62,44,2,767,150.0,5047
14876,0.0,0.0,2.6,56,22,29,293,500.0,5047
14877,0.0,0.0,2.8,53,41,3,191,600.0,5047
14878,0.0,0.0,3.8,89,42,62,1337,300.0,5047
14879,0.0,0.0,4.2,171,42,30,949,200.0,5047
14880,0.0,0.0,4.0,115,0,20,762,1000.0,5047
14881,0.0,0.0,3.4,46,16,20,1156,1100.0,5047
14882,0.0,0.0,3.6,44,0,62,1287,400.0,5047
14883,0.0,0.0,3.8,31,41,29,1588,400.0,5047
14884,0.0,0.0,3.1,53,0,20,1251,600.0,5047
14885,0.0,0.0,3.6,61,0,13,332,500.0,5047
14886,0.0,0.0,3.8,35,0,72,817,200.0,5047
14887,0.0,0.0,3.8,38,42,30,952,400.0,5047
14888,0.0,0.0,3.6,34,0,62,1002,650.0,5047
14889,0.0,0.0,3.4,9,45,72,1537,800.0,5047
14890,0.0,0.0,4.0,65,38,62,565,350.0,5047
14891,0.0,0.0,3.7,99,41,29,1002,700.0,5047
14892,0.0,0.0,3.8,63,0,13,332,500.0,5047
14893,0.0,0.0,3.8,196,38,29,838,500.0,5047
14894,1.0,0.0,3.4,257,38,62,266,250.0,2011
14895,1.0,0.0,4.0,87,0,9,210,200.0,3215
14896,0.0,0.0,4.0,138,44,20,1167,800.0,5047
14897,1.0,0.0,4.0,152,42,12,219,350.0,5047
14898,1.0,0.0,3.9,144,41,29,1156,500.0,201
14899,1.0,1.0,4.0,281,41,21,801,1500.0,1786
14900,1.0,0.0,3.9,128,42,30,956,200.0,3331
14901,1.0,0.0,3.9,48,22,62,821,400.0,5047
14902,1.0,0.0,4.1,366,16,20,321,600.0,5047
14903,1.0,1.0,4.3,567,43,54,743,2000.0,3090
14904,1.0,0.0,4.4,363,43,13,493,500.0,5047
14905,0.0,0.0,4.2,1534,43,62,1245,600.0,5047
14906,1.0,1.0,4.1,603,43,20,998,1100.0,5047
14907,1.0,0.0,4.2,195,43,30,792,400.0,4005
14908,0.0,0.0,4.5,494,43,30,789,500.0,5047
14909,0.0,0.0,3.7,73,43,70,1118,250.0,5047
14910,1.0,0.0,4.1,511,43,30,789,500.0,1645
14911,1.0,0.0,3.5,34,43,69,1117,250.0,5047
14912,0.0,0.0,4.0,40,43,30,787,300.0,5047
14913,0.0,0.0,4.0,157,43,30,767,300.0,5047
14914,0.0,0.0,3.0,66,43,30,956,250.0,5047
14915,0.0,0.0,4.6,272,42,35,787,400.0,5047
14916,1.0,1.0,4.2,2620,42,20,514,1300.0,5047
14917,1.0,1.0,4.4,9080,41,22,1468,600.0,2165
14918,0.0,0.0,4.4,1225,41,13,399,800.0,5047
14919,0.0,0.0,4.4,174,42,17,467,600.0,5047
14920,1.0,1.0,4.1,1855,38,13,343,600.0,5047
14921,1.0,0.0,4.6,834,42,30,773,400.0,4500
14922,1.0,0.0,4.5,2621,42,33,955,500.0,721
14923,1.0,1.0,4.2,505,42,13,389,800.0,5047
14924,1.0,0.0,4.6,1026,44,17,431,550.0,5047
14925,1.0,1.0,4.3,343,41,62,790,450.0,4036
14926,1.0,0.0,4.1,61,42,30,792,450.0,1743
14927,1.0,0.0,4.3,190,41,0,181,400.0,5047
14928,1.0,0.0,4.2,1077,42,69,1121,400.0,5047
14929,1.0,0.0,4.5,345,42,33,779,300.0,3079
14930,1.0,0.0,4.6,155,42,29,930,500.0,5047
14931,0.0,0.0,3.9,124,41,0,181,500.0,5047
14932,0.0,0.0,4.3,450,42,30,958,400.0,5047
14933,1.0,0.0,4.1,314,38,72,933,650.0,5047
14934,1.0,0.0,4.6,278,42,30,956,400.0,5047
14935,1.0,0.0,4.1,141,42,13,452,1200.0,5047
14936,1.0,0.0,4.3,1902,42,30,767,400.0,5047
14937,1.0,1.0,4.0,151,39,20,706,1100.0,5047
14938,1.0,1.0,4.2,1705,42,13,459,650.0,5047
14939,0.0,0.0,4.1,724,41,31,769,300.0,5047
14940,1.0,0.0,3.9,231,42,30,956,500.0,5047
14941,1.0,0.0,4.2,603,44,30,773,900.0,5047
14942,1.0,0.0,4.2,180,42,30,773,350.0,4268
14943,1.0,0.0,4.0,69,44,30,767,400.0,5047
14944,1.0,0.0,4.8,189,42,30,767,400.0,5047
14945,1.0,0.0,4.1,192,41,30,767,300.0,5047
14946,0.0,0.0,4.5,941,38,30,951,200.0,5047
14947,1.0,0.0,4.1,240,42,9,215,400.0,3982
14948,1.0,0.0,4.3,68,42,30,1676,250.0,5047
14949,0.0,0.0,3.9,140,44,68,1640,200.0,5047
14950,1.0,0.0,4.2,703,44,30,182,450.0,5047
14951,0.0,0.0,4.0,366,41,31,769,300.0,5047
14952,1.0,0.0,4.2,340,42,30,773,500.0,5047
14953,1.0,0.0,4.4,149,42,72,214,350.0,1689
14954,1.0,0.0,4.1,211,42,9,221,200.0,3073
14955,1.0,0.0,4.0,187,44,2,188,500.0,5047
14956,1.0,0.0,4.0,76,38,0,181,500.0,5047
14957,1.0,0.0,3.9,128,42,30,956,200.0,5047
14958,1.0,0.0,4.1,37,44,35,787,500.0,5047
14959,1.0,0.0,3.8,123,42,0,181,400.0,5047
14960,1.0,0.0,4.2,53,42,30,773,400.0,5047
14961,1.0,0.0,4.0,169,42,11,778,400.0,5047
14962,1.0,0.0,3.9,79,44,30,956,800.0,5047
14963,0.0,0.0,4.1,324,44,13,342,700.0,5047
14964,1.0,0.0,4.0,152,42,12,219,350.0,5047
14965,1.0,0.0,4.0,100,44,30,175,150.0,5047
14966,1.0,0.0,3.9,110,42,30,950,200.0,5047
14967,0.0,0.0,3.9,43,42,9,224,200.0,5047
14968,1.0,0.0,4.2,348,41,30,767,300.0,5047
14969,0.0,0.0,4.1,445,41,30,180,400.0,5047
14970,0.0,0.0,3.8,34,42,0,187,400.0,5047
14971,0.0,0.0,3.8,291,45,33,784,500.0,5047
14972,1.0,0.0,3.4,99,45,0,181,400.0,2068
14973,0.0,0.0,3.8,63,44,14,428,600.0,5047
14974,0.0,0.0,3.8,62,44,2,767,150.0,5047
14975,1.0,1.0,4.4,103,45,13,389,700.0,5047
14976,1.0,0.0,4.0,275,40,13,332,500.0,5047
14977,0.0,0.0,2.8,53,41,3,191,600.0,5047
14978,0.0,0.0,4.1,147,42,30,949,200.0,5047
14979,1.0,0.0,4.3,169,41,30,773,450.0,5047
14980,0.0,0.0,3.8,38,42,30,952,400.0,5047
14981,0.0,0.0,3.7,49,44,32,773,400.0,5047
14982,1.0,0.0,3.8,75,40,69,1121,200.0,5047
14983,1.0,0.0,3.8,433,42,35,767,800.0,5047
14984,1.0,0.0,3.7,52,41,13,473,450.0,5047
14985,1.0,0.0,4.0,208,0,70,1122,200.0,5047
14986,1.0,0.0,4.1,43,16,31,769,400.0,5047
14987,1.0,0.0,4.0,87,0,9,210,200.0,5047
14988,0.0,0.0,2.6,56,22,29,293,500.0,5047
14989,1.0,1.0,4.3,576,43,54,743,2000.0,5047
14990,0.0,1.0,4.5,578,43,4,901,1000.0,5047
14991,1.0,0.0,4.4,364,43,13,493,500.0,5047
14992,1.0,1.0,4.4,523,43,20,23,2500.0,5047
14993,1.0,1.0,4.4,1856,43,20,521,1100.0,5047
14994,0.0,0.0,3.8,4655,43,50,1304,2000.0,5047
14995,1.0,1.0,4.0,1879,43,20,1156,600.0,5047
14996,1.0,1.0,4.1,602,43,20,998,1100.0,5047
14997,1.0,0.0,4.1,845,43,20,1534,700.0,5047
14998,1.0,0.0,4.2,823,43,20,1156,1000.0,5047
14999,1.0,0.0,4.1,991,43,13,404,600.0,5047
15000,1.0,0.0,4.1,1962,43,20,201,650.0,5047
15001,0.0,1.0,4.2,817,43,13,397,800.0,5047
15002,0.0,0.0,4.1,2450,43,13,371,700.0,5047
15003,0.0,0.0,4.0,1408,43,60,633,1000.0,5047
15004,1.0,0.0,3.9,475,43,20,1459,600.0,5047
15005,1.0,0.0,4.1,87,43,13,427,700.0,5047
15006,1.0,0.0,3.9,457,43,20,521,1000.0,5047
15007,0.0,0.0,4.2,271,43,60,748,1400.0,5047
15008,1.0,0.0,4.0,783,43,20,1005,750.0,5047
15009,1.0,0.0,4.0,72,43,20,1090,1000.0,5047
15010,0.0,0.0,4.0,293,43,12,1652,250.0,5047
15011,0.0,0.0,3.8,38,43,20,1450,900.0,5047
15012,0.0,0.0,3.8,674,43,57,31,1700.0,5047
15013,1.0,0.0,3.9,293,43,45,1644,250.0,5047
15014,0.0,0.0,3.7,73,43,70,1118,250.0,5047
15015,1.0,0.0,3.5,74,43,20,1028,600.0,5047
15016,1.0,0.0,3.8,215,43,20,1111,700.0,5047
15017,1.0,0.0,3.6,242,43,20,1522,800.0,5047
15018,1.0,0.0,3.1,121,43,20,1196,500.0,5047
15019,1.0,0.0,4.1,507,43,13,381,600.0,5047
15020,1.0,0.0,3.5,34,43,69,1117,250.0,5047
15021,1.0,0.0,3.7,47,43,20,1207,800.0,5047
15022,0.0,0.0,3.8,152,43,60,37,1500.0,5047
15023,0.0,0.0,2.8,227,43,13,332,450.0,5047
15024,1.0,1.0,3.7,1015,43,4,663,1300.0,5047
15025,0.0,0.0,3.6,54,43,62,1280,400.0,5047
15026,0.0,0.0,2.7,61,43,62,89,500.0,5047
15027,0.0,1.0,3.7,81,43,46,878,1200.0,5047
15028,1.0,0.0,3.9,327,43,20,43,500.0,5047
15029,1.0,0.0,3.9,490,43,20,1474,750.0,5047
15030,1.0,0.0,4.1,1963,43,62,1110,600.0,5047
15031,1.0,0.0,4.3,3621,43,62,1635,400.0,5047
15032,0.0,0.0,4.2,1534,43,62,1245,600.0,5047
15033,0.0,0.0,4.2,94,43,62,1156,400.0,5047
15034,1.0,0.0,4.3,656,43,62,1547,250.0,5047
15035,1.0,0.0,4.3,193,43,62,1645,300.0,5047
15036,1.0,0.0,4.0,63,43,62,986,400.0,5047
15037,1.0,0.0,4.2,195,43,30,792,400.0,5047
15038,0.0,0.0,3.7,468,43,62,1547,200.0,5047
15039,1.0,0.0,3.9,44,43,62,621,550.0,5047
15040,1.0,0.0,3.8,480,43,62,322,450.0,5047
15041,1.0,0.0,4.0,567,43,62,1474,400.0,5047
15042,1.0,0.0,3.9,503,43,62,1638,300.0,5047
15043,0.0,0.0,3.9,154,43,62,1451,200.0,5047
15044,1.0,0.0,3.9,213,43,62,317,400.0,5047
15045,1.0,0.0,3.8,108,43,62,370,400.0,5047
15046,0.0,0.0,4.0,99,43,62,1630,200.0,5047
15047,1.0,0.0,4.1,322,43,62,1156,600.0,5047
15048,1.0,1.0,4.1,152,43,62,378,600.0,5047
15049,0.0,0.0,4.0,203,43,43,198,350.0,5047
15050,1.0,0.0,3.6,72,43,62,1109,200.0,5047
15051,0.0,0.0,3.8,65,43,62,624,550.0,5047
15052,0.0,0.0,4.0,126,43,62,1515,300.0,5047
15053,1.0,0.0,3.7,103,43,62,1209,400.0,5047
15054,0.0,1.0,4.7,10541,42,21,1323,1400.0,5047
15055,0.0,0.0,4.7,14723,42,16,338,900.0,5047
15056,1.0,0.0,4.6,4707,44,46,32,1500.0,5047
15057,0.0,1.0,4.4,1577,42,54,1128,2000.0,5047
15058,0.0,1.0,4.5,3919,42,60,889,1000.0,5047
15059,0.0,1.0,4.4,2372,44,21,1124,1100.0,5047
15060,1.0,1.0,4.5,3170,42,21,1233,1500.0,5047
15061,0.0,1.0,4.8,498,42,61,728,2100.0,5047
15062,0.0,1.0,4.2,1760,42,20,637,1200.0,5047
15063,0.0,0.0,4.6,7129,41,13,335,600.0,5047
15064,1.0,1.0,4.5,3471,42,20,1400,1300.0,5047
15065,0.0,1.0,4.6,2592,42,5,724,1300.0,5047
15066,0.0,0.0,4.2,2374,42,57,886,1400.0,5047
15067,0.0,0.0,4.5,3849,42,13,469,800.0,5047
15068,0.0,1.0,4.5,7862,41,61,17,1800.0,5047
15069,1.0,1.0,4.5,3991,42,25,713,1600.0,5047
15070,0.0,1.0,4.3,223,41,21,755,1200.0,5047
15071,0.0,1.0,4.5,6383,44,5,1107,1600.0,5047
15072,0.0,1.0,4.4,1574,42,20,1133,700.0,5047
15073,1.0,1.0,4.2,151,42,20,68,900.0,5047
15074,1.0,1.0,4.9,2249,42,21,134,1500.0,5047
15075,0.0,0.0,4.7,3217,42,16,522,750.0,5047
15076,1.0,1.0,4.2,2619,42,20,514,1300.0,5047
15077,0.0,1.0,4.7,4870,42,20,965,1500.0,5047
15078,0.0,1.0,4.7,4449,42,4,643,1000.0,5047
15079,0.0,1.0,4.4,375,40,18,334,1000.0,5047
15080,1.0,1.0,4.4,9084,41,22,1468,600.0,5047
15081,0.0,0.0,4.1,2737,42,13,400,1300.0,5047
15082,1.0,1.0,4.4,459,44,21,1156,1500.0,5047
15083,0.0,1.0,4.4,115,42,46,1471,1500.0,5047
15084,0.0,1.0,4.5,905,41,54,687,1400.0,5047
15085,0.0,1.0,4.6,5015,42,26,803,1800.0,5047
15086,1.0,0.0,4.3,3463,44,20,1156,600.0,5047
15087,1.0,1.0,4.6,1892,38,21,1430,1200.0,5047
15088,0.0,1.0,4.7,3632,38,20,1325,1600.0,5047
15089,0.0,1.0,4.5,2011,42,54,630,1400.0,5047
15090,1.0,0.0,4.4,7238,42,20,304,600.0,5047
15091,1.0,1.0,4.4,3677,42,20,606,1400.0,5047
15092,1.0,1.0,4.4,2401,41,20,1083,1000.0,5047
15093,0.0,1.0,4.4,1244,41,53,35,1200.0,5047
15094,0.0,0.0,4.4,1227,41,13,399,800.0,5047
15095,1.0,1.0,4.5,724,44,20,1009,1500.0,5047
15096,0.0,1.0,4.1,785,40,20,1375,1500.0,5047
15097,0.0,1.0,4.4,4090,41,5,126,1200.0,5047
15098,1.0,0.0,4.0,78,45,13,382,400.0,5047
15099,0.0,1.0,4.1,1798,42,20,14,1000.0,5047
15100,0.0,1.0,4.0,2161,42,46,627,1000.0,5047
15101,0.0,1.0,4.2,1745,41,57,539,1400.0,5047
15102,0.0,0.0,4.4,177,42,17,467,600.0,5047
15103,0.0,1.0,4.5,688,42,20,603,1400.0,5047
15104,0.0,0.0,4.3,2307,42,20,65,800.0,5047
15105,1.0,1.0,4.3,2577,42,4,688,1200.0,5047
15106,1.0,1.0,4.1,1855,38,13,343,600.0,5047
15107,1.0,1.0,4.5,267,41,20,1008,1300.0,5047
15108,0.0,1.0,4.3,1561,38,57,898,1200.0,5047
15109,1.0,0.0,4.4,2873,42,13,337,600.0,5047
15110,1.0,1.0,4.2,1179,41,57,883,1300.0,5047
15111,1.0,1.0,4.4,684,44,20,1381,1500.0,5047
15112,1.0,1.0,4.2,1370,44,21,123,1400.0,5047
15113,1.0,1.0,4.1,1697,42,20,1196,1200.0,5047
15114,0.0,0.0,3.8,1162,42,20,50,650.0,5047
15115,1.0,1.0,4.1,1250,42,20,1156,600.0,5047
15116,1.0,0.0,4.3,1593,42,20,152,550.0,5047
15117,1.0,0.0,4.1,3006,38,13,374,1000.0,5047
15118,0.0,1.0,4.3,2254,42,20,609,1100.0,5047
15119,1.0,1.0,4.3,551,42,26,1265,1000.0,5047
15120,0.0,1.0,4.3,1474,42,13,406,800.0,5047
15121,1.0,1.0,4.4,192,40,13,332,1000.0,5047
15122,0.0,0.0,3.9,1161,41,20,517,650.0,5047
15123,1.0,1.0,4.3,1810,42,22,660,900.0,5047
15124,0.0,0.0,4.1,315,41,13,383,600.0,5047
15125,1.0,0.0,4.1,6959,42,20,1402,750.0,5047
15126,0.0,0.0,4.1,440,42,20,1209,500.0,5047
15127,1.0,1.0,4.4,387,42,21,1108,1500.0,5047
15128,1.0,1.0,4.2,1627,41,20,1512,1500.0,5047
15129,0.0,0.0,4.5,739,42,20,1109,1200.0,5047
15130,1.0,1.0,4.4,211,42,13,498,800.0,5047
15131,1.0,0.0,4.4,950,42,13,435,900.0,5047
15132,1.0,1.0,4.2,515,42,13,389,800.0,5047
15133,1.0,0.0,4.6,1026,44,17,431,550.0,5047
15134,1.0,1.0,4.4,469,41,13,403,800.0,5047
15135,1.0,1.0,4.1,676,40,20,605,900.0,5047
15136,1.0,0.0,4.3,342,42,20,555,800.0,5047
15137,0.0,1.0,4.5,553,42,13,412,900.0,5047
15138,1.0,1.0,4.2,767,41,20,1272,1700.0,5047
15139,1.0,0.0,4.2,533,42,20,600,600.0,5047
15140,0.0,1.0,4.3,170,41,20,526,800.0,5047
15141,1.0,0.0,4.1,1574,42,20,109,750.0,5047
15142,0.0,0.0,4.3,295,41,13,473,850.0,5047
15143,1.0,1.0,4.1,259,41,20,1149,750.0,5047
15144,0.0,1.0,4.1,819,41,21,50,800.0,5047
15145,1.0,1.0,4.1,1795,42,57,881,1200.0,5047
15146,1.0,1.0,4.4,1811,41,20,1678,1000.0,5047
15147,0.0,1.0,4.1,759,40,4,1196,1200.0,5047
15148,1.0,1.0,4.0,1519,40,13,383,900.0,5047
15149,1.0,1.0,4.2,2714,40,13,404,1000.0,5047
15150,1.0,0.0,3.9,1143,42,20,1352,500.0,5047
15151,1.0,1.0,4.0,797,44,20,1156,900.0,5047
15152,1.0,0.0,4.1,1118,42,20,289,750.0,5047
15153,1.0,0.0,4.0,960,44,20,1669,500.0,5047
15154,1.0,0.0,4.0,314,42,20,610,800.0,5047
15155,1.0,0.0,4.2,170,41,13,427,700.0,5047
15156,1.0,0.0,4.0,578,38,20,208,600.0,5047
15157,1.0,1.0,3.9,485,42,20,1427,700.0,5047
15158,0.0,1.0,4.4,329,42,20,1067,1200.0,5047
15159,1.0,0.0,3.8,178,38,20,1335,800.0,5047
15160,1.0,1.0,4.2,876,42,13,339,600.0,5047
15161,1.0,1.0,4.0,1241,41,13,332,700.0,5047
15162,1.0,0.0,4.2,1067,42,13,394,800.0,5047
15163,0.0,0.0,4.2,676,42,20,1589,650.0,5047
15164,1.0,1.0,4.1,225,42,20,1239,600.0,5047
15165,1.0,0.0,4.1,895,40,13,395,800.0,5047
15166,1.0,0.0,4.0,786,42,20,238,800.0,5047
15167,1.0,1.0,4.0,864,42,20,604,850.0,5047
15168,1.0,0.0,3.9,783,42,20,235,750.0,5047
15169,1.0,0.0,4.1,141,42,13,452,1200.0,5047
15170,1.0,0.0,3.9,660,42,20,618,500.0,5047
15171,1.0,0.0,4.1,306,44,13,414,600.0,5047
15172,0.0,1.0,4.1,1241,42,49,632,1500.0,5047
15173,1.0,1.0,3.7,291,41,20,69,750.0,5047
15174,1.0,1.0,4.0,151,39,20,706,1100.0,5047
15175,1.0,1.0,4.1,402,42,15,422,1200.0,5047
15176,1.0,0.0,4.0,515,44,20,562,750.0,5047
15177,0.0,1.0,3.9,155,42,58,902,1000.0,5047
15178,1.0,1.0,4.2,1706,42,13,459,650.0,5047
15179,1.0,1.0,4.4,348,42,21,541,1000.0,5047
15180,1.0,0.0,4.1,779,38,13,383,700.0,3434
15181,1.0,1.0,4.2,349,42,20,1156,700.0,5047
15182,1.0,0.0,3.8,75,41,20,700,750.0,5047
15183,1.0,1.0,3.9,598,41,4,899,1200.0,5047
15184,1.0,1.0,4.0,238,42,20,1141,800.0,5047
15185,0.0,1.0,4.1,453,44,20,1156,650.0,5047
15186,1.0,0.0,3.7,483,41,20,761,800.0,5047
15187,1.0,1.0,4.0,1391,44,20,674,1100.0,5047
15188,1.0,0.0,4.0,457,38,20,1156,650.0,5047
15189,1.0,0.0,4.0,109,38,20,1156,500.0,5047
15190,1.0,1.0,4.0,281,41,21,801,1500.0,5047
15191,0.0,1.0,3.9,284,44,21,747,1000.0,5047
15192,1.0,0.0,4.4,481,42,13,512,450.0,5047
15193,1.0,0.0,3.8,473,42,20,1597,500.0,3156
15194,1.0,0.0,3.8,66,42,20,98,800.0,5047
15195,0.0,1.0,3.9,596,42,60,723,1300.0,5047
15196,0.0,0.0,4.2,226,39,13,506,200.0,5047
15197,1.0,0.0,3.9,823,42,20,558,750.0,5047
15198,1.0,0.0,3.7,130,38,21,624,1200.0,5047
15199,0.0,0.0,4.1,100,41,20,13,600.0,5047
15200,0.0,1.0,3.9,1390,42,46,718,1400.0,5047
15201,1.0,1.0,4.2,296,42,20,1532,800.0,5047
15202,1.0,0.0,3.9,454,44,20,197,600.0,5047
15203,1.0,1.0,3.8,146,41,20,665,1000.0,5047
15204,1.0,0.0,3.7,259,42,20,1139,750.0,5047
15205,1.0,0.0,3.5,889,44,20,1375,650.0,5047
15206,1.0,0.0,4.0,66,41,16,462,700.0,4746
15207,1.0,0.0,4.1,1004,42,20,1388,700.0,5047
15208,1.0,0.0,3.8,94,38,20,1253,600.0,5047
15209,0.0,0.0,4.1,172,44,13,365,650.0,5047
15210,1.0,0.0,4.1,616,44,20,161,500.0,5047
15211,1.0,0.0,3.9,332,38,20,604,600.0,5047
15212,1.0,0.0,3.1,911,42,20,1381,600.0,5047
15213,0.0,1.0,4.2,117,44,20,1425,800.0,5047
15214,1.0,0.0,4.1,238,42,20,1322,500.0,5047
15215,0.0,1.0,4.3,108,44,20,1164,1000.0,5047
15216,1.0,0.0,4.1,96,42,13,383,600.0,5047
15217,1.0,0.0,4.1,61,39,13,451,600.0,4467
15218,1.0,0.0,3.6,74,42,20,197,700.0,5047
15219,0.0,1.0,4.1,354,40,37,802,2000.0,5047
15220,0.0,0.0,3.8,47,42,13,455,600.0,5047
15221,0.0,0.0,4.1,183,42,51,1156,150.0,5047
15222,0.0,0.0,3.9,220,41,62,1156,250.0,5047
15223,1.0,0.0,3.6,165,40,20,1196,500.0,5047
15224,1.0,0.0,3.8,149,42,20,277,600.0,5047
15225,1.0,0.0,4.0,201,42,13,406,800.0,5047
15226,0.0,0.0,3.9,109,41,4,878,1500.0,5047
15227,0.0,0.0,4.1,324,44,13,342,700.0,5047
15228,1.0,0.0,4.0,152,42,12,219,350.0,5047
15229,0.0,0.0,3.7,107,38,20,1212,500.0,5047
15230,0.0,0.0,4.0,138,44,20,1167,800.0,5047
15231,1.0,0.0,3.6,76,41,13,436,650.0,5047
15232,1.0,0.0,3.6,383,42,20,1037,600.0,5047
15233,1.0,0.0,3.8,172,42,20,1423,550.0,5047
15234,0.0,0.0,4.0,1209,41,13,408,650.0,5047
15235,1.0,0.0,3.8,267,44,20,1154,650.0,5047
15236,1.0,0.0,4.2,414,42,13,429,700.0,5047
15237,1.0,1.0,3.7,113,42,20,1196,900.0,5047
15238,1.0,0.0,3.8,38,38,20,1156,500.0,5047
15239,1.0,0.0,3.8,222,18,20,558,600.0,5047
15240,1.0,0.0,3.6,243,42,20,1412,1000.0,5047
15241,1.0,1.0,4.2,325,44,20,1205,800.0,5047
15242,1.0,0.0,2.7,249,44,20,1599,400.0,5047
15243,0.0,0.0,2.5,547,41,20,1156,450.0,5047
15244,1.0,1.0,4.1,221,41,20,1156,1000.0,5047
15245,0.0,1.0,3.8,170,41,4,1587,1300.0,5047
15246,0.0,0.0,4.0,57,42,20,1666,500.0,5047
15247,1.0,0.0,4.0,396,44,20,911,750.0,5047
15248,1.0,1.0,4.4,104,45,13,389,700.0,5047
15249,1.0,0.0,3.6,207,42,20,1050,500.0,5047
15250,1.0,0.0,4.0,275,40,13,332,500.0,5047
15251,1.0,0.0,3.8,57,44,20,1531,700.0,5047
15252,1.0,0.0,3.4,34,44,20,1359,650.0,5047
15253,0.0,0.0,4.3,148,42,13,383,800.0,5047
15254,0.0,1.0,3.5,32,42,20,1196,1000.0,5047
15255,0.0,0.0,3.9,626,42,20,558,600.0,5047
15256,1.0,0.0,2.8,152,44,20,1206,700.0,5047
15257,0.0,0.0,2.8,289,41,20,1597,250.0,5047
15258,0.0,0.0,2.7,47,41,20,1156,800.0,5047
15259,1.0,0.0,3.9,523,41,20,609,500.0,5047
15260,0.0,0.0,3.7,46,38,13,383,600.0,5047
15261,0.0,0.0,3.8,40,44,20,1561,500.0,5047
15262,1.0,0.0,3.8,230,38,13,394,600.0,4017
15263,1.0,0.0,3.8,214,44,20,1354,700.0,5047
15264,1.0,0.0,3.4,357,18,62,1156,350.0,5047
15265,1.0,0.0,3.7,52,41,13,473,450.0,5047
15266,0.0,0.0,4.1,1228,42,62,1112,400.0,5047
15267,1.0,0.0,4.5,2627,42,33,955,500.0,5047
15268,1.0,0.0,4.1,510,41,62,1003,600.0,5047
15269,1.0,0.0,4.2,973,42,62,1547,200.0,4086
15270,1.0,1.0,4.3,343,41,62,790,450.0,5047
15271,1.0,0.0,3.8,94,38,62,217,250.0,5047
15272,0.0,0.0,4.3,996,42,62,617,350.0,5047
15273,1.0,0.0,4.3,220,38,62,1075,300.0,5047
15274,1.0,0.0,4.2,537,44,62,1669,450.0,5047
15275,1.0,0.0,3.8,53,44,62,917,350.0,5047
15276,1.0,0.0,4.3,172,42,62,322,500.0,4478
15277,1.0,0.0,4.4,384,44,62,1584,300.0,5047
15278,0.0,0.0,4.2,53,42,62,1547,200.0,5047
15279,1.0,0.0,4.3,247,42,62,1668,600.0,5047
15280,1.0,0.0,4.2,559,42,62,1672,400.0,5047
15281,1.0,0.0,4.0,138,45,62,1609,250.0,2716
15282,1.0,0.0,4.3,280,44,62,1156,450.0,3848
15283,1.0,0.0,3.9,1050,44,62,323,600.0,5047
15284,0.0,0.0,4.1,210,42,62,176,200.0,5047
15285,1.0,0.0,4.1,271,38,62,132,500.0,5047
15286,1.0,0.0,3.8,75,42,62,202,500.0,5047
15287,1.0,0.0,4.2,101,44,33,781,900.0,527
15288,1.0,0.0,4.0,461,45,62,1190,500.0,5047
15289,1.0,0.0,4.0,685,42,62,617,250.0,5047
15290,0.0,0.0,3.9,140,44,68,1640,200.0,5047
15291,1.0,0.0,4.0,199,41,62,1156,500.0,5047
15292,1.0,0.0,4.2,166,42,62,817,300.0,5047
15293,1.0,0.0,3.7,434,41,62,1423,400.0,5047
15294,1.0,0.0,3.9,49,41,62,1567,400.0,451
15295,1.0,0.0,3.7,219,42,67,1507,600.0,5047
15296,1.0,0.0,4.0,76,38,62,1511,300.0,5047
15297,1.0,0.0,4.0,76,40,62,1602,300.0,5047
15298,1.0,0.0,3.9,121,38,62,1209,400.0,5047
15299,1.0,0.0,3.5,323,38,62,1077,500.0,5047
15300,1.0,0.0,3.3,395,44,62,1156,400.0,5047
15301,1.0,0.0,3.8,47,44,62,832,400.0,5047
15302,1.0,0.0,4.0,270,38,62,1207,450.0,5047
15303,1.0,0.0,3.8,141,42,62,1591,200.0,3159
15304,0.0,0.0,3.1,117,44,62,235,200.0,5047
15305,1.0,0.0,3.9,357,44,62,826,500.0,5047
15306,1.0,0.0,3.9,188,45,62,563,400.0,5047
15307,1.0,0.0,3.9,96,18,62,202,500.0,5047
15308,1.0,0.0,3.9,34,18,62,1156,300.0,5047
15309,0.0,0.0,3.8,290,45,33,784,500.0,5047
15310,1.0,0.0,3.6,95,38,62,1335,300.0,5047
15311,1.0,0.0,3.8,41,44,62,235,200.0,5047
15312,1.0,0.0,3.8,48,45,62,1196,300.0,5047
15313,1.0,0.0,3.9,554,44,62,818,600.0,5047
15314,1.0,0.0,3.9,85,44,62,1156,400.0,5047
15315,1.0,0.0,2.8,137,38,62,1156,500.0,5047
15316,1.0,0.0,4.0,212,41,62,749,400.0,5047
15317,0.0,0.0,3.9,150,44,41,575,500.0,5047
15318,1.0,0.0,3.9,96,38,62,1327,350.0,5047
15319,1.0,0.0,3.6,97,38,62,1039,300.0,5047
15320,0.0,0.0,3.5,70,44,62,1648,200.0,5047
15321,0.0,0.0,3.8,37,44,43,1042,400.0,5047
15322,0.0,0.0,2.6,153,38,62,868,300.0,5047
15323,1.0,0.0,4.2,106,24,62,233,300.0,5047
15324,1.0,0.0,3.9,241,41,62,1476,600.0,5047
15325,1.0,0.0,3.7,95,38,62,1156,150.0,5047
15326,1.0,0.0,3.6,90,44,62,826,500.0,5047
15327,1.0,0.0,3.9,64,42,62,1072,300.0,5047
15328,1.0,0.0,3.6,82,38,62,1505,400.0,5047
15329,0.0,0.0,2.8,64,44,62,1589,300.0,5047
15330,1.0,0.0,4.1,76,42,62,1517,450.0,5047
15331,1.0,0.0,3.3,912,38,62,1177,250.0,5047
15332,0.0,0.0,2.7,53,41,3,191,600.0,5047
15333,0.0,0.0,3.8,89,42,62,1337,300.0,5047
15334,1.0,0.0,3.5,76,42,62,323,600.0,5047
15335,0.0,0.0,3.8,56,44,41,1526,400.0,5047
15336,0.0,0.0,3.6,68,44,41,1033,550.0,5047
15337,0.0,0.0,3.8,81,44,62,547,200.0,5047
15338,0.0,0.0,3.6,47,38,62,1587,300.0,5047
15339,0.0,0.0,2.9,53,44,62,1070,300.0,5047
15340,0.0,0.0,4.0,65,38,62,565,350.0,5047
15341,1.0,0.0,3.8,102,44,62,1670,400.0,5047
15342,1.0,0.0,4.1,205,42,62,817,250.0,5047
15343,1.0,0.0,3.8,433,42,35,767,800.0,5047
15344,1.0,0.0,3.8,132,44,62,1497,300.0,5047
15345,1.0,0.0,3.4,257,38,62,266,250.0,5047
15346,1.0,0.0,3.8,63,24,62,866,350.0,5047
15347,1.0,0.0,3.7,34,18,62,1156,200.0,5047
15348,1.0,0.0,3.1,54,38,62,817,100.0,204
15349,0.0,0.0,4.3,430,22,5,1442,1200.0,5047
15350,1.0,1.0,4.5,819,0,20,716,800.0,5047
15351,0.0,1.0,4.3,2035,16,61,737,1700.0,5047
15352,1.0,1.0,4.5,1880,0,13,394,900.0,5047
15353,0.0,1.0,4.0,1778,16,48,750,1600.0,5047
15354,1.0,1.0,4.2,1544,0,20,1054,800.0,5047
15355,1.0,0.0,3.9,468,0,20,112,700.0,5047
15356,1.0,1.0,4.2,217,16,20,808,1500.0,5047
15357,0.0,1.0,4.2,327,16,20,1528,1800.0,5047
15358,0.0,0.0,4.4,318,0,51,1059,300.0,5047
15359,1.0,1.0,4.1,2727,0,20,296,800.0,5047
15360,1.0,0.0,3.9,421,0,20,112,800.0,5047
15361,1.0,0.0,3.9,97,0,62,967,1000.0,5047
15362,0.0,0.0,3.8,158,22,47,694,1300.0,5047
15363,1.0,1.0,3.9,74,0,20,1277,900.0,5047
15364,1.0,0.0,4.2,470,0,62,1060,400.0,2733
15365,0.0,0.0,4.0,141,0,62,1038,200.0,5047
15366,1.0,0.0,3.8,72,0,20,1165,1000.0,5047
15367,1.0,0.0,3.9,214,0,20,1240,600.0,5047
15368,1.0,0.0,3.6,221,0,20,286,600.0,5047
15369,1.0,0.0,3.4,212,22,20,1258,800.0,5047
15370,1.0,0.0,4.0,115,0,62,591,400.0,157
15371,1.0,0.0,3.8,377,0,62,1357,500.0,5047
15372,1.0,0.0,3.8,278,22,62,235,200.0,5047
15373,1.0,0.0,3.2,64,0,62,1268,250.0,5047
15374,1.0,0.0,3.7,118,0,62,266,400.0,5047
15375,1.0,0.0,3.8,884,0,62,1356,500.0,5047
15376,1.0,0.0,3.6,42,0,13,401,600.0,5047
15377,1.0,0.0,3.4,47,0,62,1636,200.0,5047
15378,1.0,0.0,3.9,172,0,62,1612,300.0,5047
15379,1.0,0.0,2.8,137,0,62,1451,300.0,5047
15380,1.0,0.0,4.0,59,0,62,282,300.0,5047
15381,1.0,0.0,3.9,195,0,62,294,600.0,5047
15382,1.0,0.0,2.7,74,0,20,565,600.0,5047
15383,0.0,0.0,3.7,56,16,20,1141,1800.0,5047
15384,1.0,0.0,3.3,334,0,62,282,400.0,5047
15385,0.0,0.0,3.8,87,0,62,817,250.0,5047
15386,1.0,1.0,4.0,126,22,20,1390,900.0,5047
15387,1.0,0.0,2.8,102,3,62,1196,350.0,5047
15388,1.0,0.0,3.9,140,0,62,1327,300.0,4757
15389,0.0,0.0,4.0,115,0,20,762,1000.0,5047
15390,0.0,0.0,3.4,46,16,20,1156,1100.0,5047
15391,1.0,0.0,3.7,61,0,62,831,350.0,5047
15392,0.0,0.0,3.1,53,0,20,1251,600.0,5047
15393,0.0,0.0,3.6,61,0,13,332,500.0,5047
15394,0.0,0.0,3.0,67,0,62,1589,300.0,5047
15395,0.0,0.0,4.0,40,0,9,210,400.0,5047
15396,0.0,0.0,3.5,43,0,62,1287,400.0,5047
15397,0.0,0.0,3.6,34,0,62,1002,650.0,5047
15398,0.0,0.0,3.7,113,0,20,550,500.0,5047
15399,1.0,0.0,3.4,155,0,62,1046,400.0,2032
15400,1.0,0.0,3.9,66,0,62,235,700.0,5047
15401,1.0,0.0,3.7,181,0,62,1196,400.0,5047
15402,0.0,0.0,3.8,63,0,13,332,500.0,5047
15403,1.0,0.0,2.9,67,0,20,1459,200.0,5047
15404,1.0,0.0,3.9,52,0,62,1589,300.0,5047
15405,0.0,1.0,4.8,498,42,61,728,2100.0,5047
15406,0.0,1.0,4.4,2372,44,21,1124,1100.0,5047
15407,1.0,1.0,3.7,1015,43,4,663,1300.0,5047
15408,1.0,1.0,4.3,576,43,54,743,2000.0,5047
15409,0.0,1.0,4.5,578,43,4,901,1000.0,5047
15410,0.0,0.0,3.8,4655,43,50,1304,2000.0,5047
15411,0.0,0.0,4.0,1408,43,60,633,1000.0,5047
15412,0.0,0.0,4.2,271,43,60,748,1400.0,5047
15413,0.0,0.0,3.8,674,43,57,31,1700.0,5047
15414,0.0,0.0,3.8,152,43,60,37,1500.0,5047
15415,0.0,1.0,3.7,81,43,46,878,1200.0,5047
15416,1.0,0.0,4.6,4707,44,46,32,1500.0,5047
15417,0.0,1.0,4.4,1577,42,54,1128,2000.0,5047
15418,0.0,1.0,4.5,3919,42,60,889,1000.0,5047
15419,0.0,1.0,4.5,7862,41,61,17,1800.0,5047
15420,1.0,1.0,4.5,3991,42,25,713,1600.0,5047
15421,0.0,1.0,4.3,223,41,21,755,1200.0,5047
15422,0.0,1.0,4.5,6383,44,5,1107,1600.0,5047
15423,0.0,1.0,4.7,4449,42,4,643,1000.0,5047
15424,0.0,1.0,4.4,375,40,18,334,1000.0,5047
15425,0.0,1.0,4.4,115,42,46,1471,1500.0,5047
15426,0.0,1.0,4.5,905,41,54,687,1400.0,5047
15427,0.0,1.0,4.6,5015,42,26,803,1800.0,5047
15428,0.0,1.0,4.5,2011,42,54,630,1400.0,5047
15429,0.0,1.0,4.4,1244,41,53,35,1200.0,5047
15430,0.0,1.0,4.4,4090,41,5,126,1200.0,5047
15431,0.0,1.0,4.0,2161,42,46,627,1000.0,5047
15432,0.0,1.0,4.2,1745,41,57,539,1400.0,5047
15433,1.0,1.0,4.3,2577,42,4,688,1200.0,5047
15434,0.0,1.0,4.3,1561,38,57,898,1200.0,5047
15435,1.0,1.0,4.2,1179,41,57,883,1300.0,1383
15436,1.0,1.0,4.2,1370,44,21,123,1400.0,23
15437,1.0,1.0,4.1,1795,42,57,881,1200.0,5047
15438,0.0,1.0,4.1,759,40,4,1196,1200.0,5047
15439,0.0,1.0,4.1,1241,42,49,632,1500.0,5047
15440,0.0,1.0,3.9,155,42,58,902,1000.0,5047
15441,1.0,1.0,4.4,348,42,21,541,1000.0,5047
15442,1.0,1.0,3.9,598,41,4,899,1200.0,953
15443,1.0,1.0,4.0,281,41,21,801,1500.0,1786
15444,0.0,1.0,3.9,596,42,60,723,1300.0,5047
15445,1.0,0.0,3.7,130,38,21,624,1200.0,5047
15446,0.0,1.0,3.9,1390,42,46,718,1400.0,5047
15447,0.0,0.0,3.9,109,41,4,878,1500.0,5047
15448,0.0,1.0,3.8,170,41,4,1587,1300.0,5047
15449,0.0,0.0,4.3,430,22,5,1442,1200.0,5047
15450,0.0,1.0,4.3,2035,16,61,737,1700.0,5047
15451,0.0,1.0,4.0,1778,16,48,750,1600.0,5047
15452,0.0,1.0,4.7,10541,42,21,1323,1400.0,5047
15453,0.0,1.0,4.2,1760,42,20,637,1200.0,5047
15454,0.0,1.0,4.4,1577,42,54,1128,2000.0,5047
15455,1.0,1.0,4.4,459,44,21,1156,1500.0,3304
15456,1.0,1.0,4.5,724,44,20,1009,1500.0,806
15457,1.0,1.0,4.4,684,44,20,1381,1500.0,4084
15458,0.0,1.0,4.2,117,44,20,1425,800.0,5047
15459,0.0,1.0,4.3,108,44,20,1164,1000.0,5047
15460,1.0,1.0,4.5,3170,42,21,1233,1500.0,1572
15461,1.0,1.0,4.5,3471,42,20,1400,1300.0,4288
15462,1.0,1.0,4.9,2249,42,21,134,1500.0,4955
15463,1.0,1.0,4.2,2619,42,20,514,1300.0,5047
15464,0.0,1.0,4.4,375,40,18,334,1000.0,5047
15465,1.0,1.0,4.4,9084,41,22,1468,600.0,5047
15466,0.0,1.0,4.1,785,40,20,1375,1500.0,5047
15467,0.0,0.0,3.8,4655,43,50,1304,2000.0,5047
15468,1.0,1.0,4.0,1879,43,20,1156,600.0,4101
15469,0.0,1.0,4.3,2254,42,20,609,1100.0,5047
15470,1.0,0.0,4.1,6959,42,20,1402,750.0,2101
15471,1.0,1.0,4.1,676,40,20,605,900.0,5047
15472,1.0,1.0,4.2,767,41,20,1272,1700.0,3605
15473,1.0,1.0,4.4,1811,41,20,1678,1000.0,1470
15474,1.0,1.0,3.9,485,42,20,1427,700.0,5047
15475,1.0,1.0,4.0,151,39,20,706,1100.0,1878
15476,1.0,1.0,4.0,281,41,21,801,1500.0,1786
15477,1.0,0.0,3.9,457,43,20,521,1000.0,3056
15478,0.0,1.0,3.9,1390,42,46,718,1400.0,5047
15479,0.0,1.0,4.1,354,40,37,802,2000.0,5047
15480,0.0,0.0,3.8,38,43,20,1450,900.0,5047
15481,0.0,1.0,3.5,32,42,20,1196,1000.0,5047
15482,0.0,1.0,4.4,302,0,20,720,1300.0,5047
15483,0.0,1.0,4.4,1174,0,21,1369,1100.0,5047
15484,1.0,0.0,3.9,421,0,20,112,800.0,2657
15485,1.0,0.0,3.8,75,85,20,672,1000.0,3301
15486,1.0,1.0,4.2,515,42,13,389,800.0,2499
15487,1.0,1.0,4.2,2714,40,13,404,1000.0,5047
15488,1.0,0.0,4.6,1026,44,17,431,550.0,5047
15489,0.0,0.0,4.1,1359,44,13,427,700.0,5047
15490,1.0,0.0,4.1,306,44,13,414,600.0,5047
15491,1.0,0.0,4.2,101,44,33,781,900.0,5047
15492,0.0,0.0,4.1,172,44,13,365,650.0,5047
15493,0.0,0.0,4.1,324,44,13,342,700.0,5047
15494,0.0,0.0,4.1,367,44,13,332,350.0,5047
15495,0.0,0.0,3.8,63,44,14,428,600.0,5047
15496,1.0,0.0,3.2,73,44,13,332,650.0,5047
15497,0.0,0.0,4.7,14723,42,16,338,900.0,5047
15498,0.0,0.0,4.6,7129,41,13,335,600.0,5047
15499,0.0,0.0,4.5,3849,42,13,469,800.0,5047
15500,1.0,1.0,4.4,9084,41,22,1468,600.0,5047
15501,0.0,0.0,4.1,2737,42,13,400,1300.0,5047
15502,0.0,0.0,4.4,1227,41,13,399,800.0,5047
15503,1.0,0.0,4.4,364,43,13,493,500.0,3613
15504,1.0,0.0,4.0,78,45,13,382,400.0,1766
15505,0.0,0.0,4.4,177,42,17,467,600.0,5047
15506,1.0,0.0,4.4,2873,42,13,337,600.0,5047
15507,1.0,0.0,4.2,177,43,13,332,600.0,2503
15508,0.0,1.0,4.3,1474,42,13,406,800.0,5047
15509,1.0,1.0,4.4,192,40,13,332,1000.0,5047
15510,1.0,1.0,4.3,1810,42,22,660,900.0,4532
15511,0.0,0.0,4.1,315,41,13,383,600.0,5047
15512,1.0,0.0,4.5,2627,42,33,955,500.0,721
15513,1.0,1.0,4.4,211,42,13,498,800.0,616
15514,1.0,0.0,4.4,950,42,13,435,900.0,4070
15515,1.0,1.0,4.4,469,41,13,403,800.0,4267
15516,0.0,1.0,4.5,553,42,13,412,900.0,5047
15517,0.0,0.0,4.3,295,41,13,473,850.0,5047
15518,1.0,0.0,4.1,991,43,13,404,600.0,1539
15519,1.0,1.0,4.0,1519,40,13,383,900.0,4792
15520,1.0,0.0,4.5,346,42,33,779,300.0,3079
15521,1.0,0.0,4.2,170,41,13,427,700.0,2649
15522,0.0,1.0,4.2,817,43,13,397,800.0,5047
15523,1.0,1.0,4.2,876,42,13,339,600.0,964
15524,1.0,1.0,4.0,1241,41,13,332,700.0,3513
15525,1.0,0.0,4.2,1067,42,13,394,800.0,3199
15526,1.0,0.0,4.1,895,40,13,395,800.0,4655
15527,0.0,0.0,4.1,2450,43,13,371,700.0,5047
15528,1.0,0.0,4.1,141,42,13,452,1200.0,5047
15529,1.0,1.0,4.1,402,42,15,422,1200.0,1385
15530,1.0,1.0,4.2,1706,42,13,459,650.0,1348
15531,1.0,0.0,4.1,87,43,13,427,700.0,5047
15532,1.0,0.0,4.4,481,42,13,512,450.0,5047
15533,0.0,0.0,4.2,226,39,13,506,200.0,5047
15534,1.0,0.0,4.0,66,41,16,462,700.0,5047
15535,1.0,0.0,4.1,96,42,13,383,600.0,5047
15536,1.0,0.0,4.1,61,39,13,451,600.0,5047
15537,0.0,0.0,3.8,47,42,13,455,600.0,5047
15538,1.0,0.0,4.0,201,42,13,406,800.0,5047
15539,0.0,0.0,4.0,1209,41,13,408,650.0,5047
15540,0.0,0.0,3.8,290,45,33,784,500.0,5047
15541,1.0,0.0,4.2,414,42,13,429,700.0,5047
15542,1.0,0.0,3.8,108,43,62,370,400.0,5047
15543,0.0,0.0,3.5,66,42,13,332,300.0,5047
15544,0.0,0.0,4.0,236,41,13,436,500.0,5047
15545,1.0,0.0,4.1,507,43,13,381,600.0,5047
15546,1.0,1.0,4.1,152,43,62,378,600.0,5047
15547,1.0,1.0,4.4,104,45,13,389,700.0,4850
15548,1.0,0.0,4.0,275,40,13,332,500.0,5047
15549,0.0,0.0,4.3,148,42,13,383,800.0,5047
15550,0.0,0.0,2.8,227,43,13,332,450.0,5047
15551,0.0,0.0,3.6,54,43,12,1652,250.0,5047
15552,1.0,0.0,3.7,52,41,13,473,450.0,3086
15553,1.0,1.0,4.1,1855,38,13,343,600.0,4006
15554,1.0,1.0,4.5,1880,0,13,394,900.0,1820
15555,1.0,0.0,4.1,3006,38,13,374,1000.0,3790
15556,1.0,0.0,4.1,779,38,13,383,700.0,3433
15557,0.0,0.0,3.8,69,3,14,351,700.0,5047
15558,1.0,0.0,3.6,42,0,13,401,600.0,3473
15559,0.0,0.0,3.7,46,38,13,383,600.0,5047
15560,0.0,0.0,3.6,61,0,13,332,500.0,5047
15561,1.0,0.0,3.8,230,38,13,394,600.0,4017
15562,0.0,0.0,3.8,63,0,13,332,500.0,5047
15563,1.0,0.0,4.1,333,38,29,1156,450.0,4328
15564,1.0,0.0,4.5,1195,0,29,930,500.0,3018
15565,1.0,0.0,3.9,587,37,29,923,450.0,2948
15566,1.0,0.0,4.1,58,0,72,1518,250.0,935
15567,1.0,0.0,3.8,341,0,20,65,800.0,944
15568,1.0,0.0,4.1,77,0,72,869,300.0,2111
15569,1.0,0.0,4.4,109,37,29,1184,400.0,1358
15570,1.0,0.0,3.9,257,0,62,202,400.0,5047
15571,1.0,0.0,3.8,106,0,72,1056,400.0,2108
15572,1.0,0.0,4.0,998,22,20,238,800.0,2876
15573,1.0,0.0,4.2,1296,0,20,105,900.0,4337
15574,1.0,0.0,4.0,208,0,70,1122,200.0,1658
15575,1.0,0.0,3.3,912,38,62,1177,250.0,5047
15576,1.0,0.0,4.3,193,43,62,1645,300.0,1875
15577,1.0,0.0,4.4,115,43,72,1465,600.0,4162
15578,1.0,0.0,3.4,155,0,62,1046,400.0,1353
15579,1.0,0.0,4.5,565,0,30,773,400.0,4499
15580,1.0,0.0,4.0,358,45,29,235,650.0,1987
15581,1.0,0.0,4.3,172,42,62,322,500.0,4231
15582,1.0,0.0,3.0,262,0,62,1156,250.0,3511
15583,1.0,0.0,4.1,510,41,62,1003,600.0,4853
15584,1.0,0.0,3.8,377,0,62,1357,500.0,1253
15585,0.0,0.0,3.9,626,42,20,558,600.0,5047
15586,1.0,0.0,3.5,741,0,20,47,600.0,1249
15587,1.0,0.0,3.8,342,22,62,1582,400.0,2380
15588,1.0,0.0,3.8,257,0,20,282,800.0,2447
15589,1.0,0.0,3.9,188,0,72,285,450.0,1124
15590,1.0,0.0,4.1,391,38,72,1181,500.0,5047
15591,1.0,0.0,4.3,291,41,29,1156,400.0,565
15592,1.0,0.0,4.1,790,0,62,1597,300.0,2695
15593,1.0,0.0,3.7,217,0,62,1038,200.0,2384
15594,1.0,0.0,3.8,1081,0,20,235,500.0,3737
15595,1.0,0.0,4.0,414,42,62,84,300.0,2818
15596,1.0,0.0,4.1,212,45,9,224,150.0,3494
15597,1.0,0.0,4.1,201,0,62,1156,300.0,2801
15598,1.0,0.0,3.7,219,42,67,1507,600.0,867
15599,1.0,0.0,4.2,470,0,62,1060,400.0,3700
15600,1.0,0.0,4.3,1593,42,20,152,550.0,4844
15601,1.0,0.0,4.1,134,0,62,1156,150.0,1917
15602,1.0,0.0,3.7,482,0,62,1235,450.0,4040
15603,1.0,0.0,4.0,461,45,62,1190,500.0,1011
15604,1.0,0.0,3.4,99,45,0,181,400.0,2067
15605,1.0,0.0,4.6,283,42,30,956,400.0,764
15606,1.0,0.0,4.0,109,38,20,1156,500.0,310
15607,1.0,0.0,3.7,175,22,72,257,400.0,5047
15608,1.0,0.0,4.2,99,30,11,214,400.0,443
15609,1.0,0.0,3.9,297,41,72,1156,400.0,293
15610,1.0,0.0,3.9,332,38,20,604,600.0,4939
15611,1.0,0.0,3.9,195,0,62,294,600.0,5047
15612,1.0,1.0,4.1,1342,22,20,1375,800.0,3604
15613,1.0,0.0,3.9,185,0,62,1461,250.0,5047
15614,1.0,0.0,3.9,66,0,62,235,700.0,5047
15615,1.0,0.0,3.9,293,43,45,1644,250.0,4118
15616,1.0,0.0,3.9,64,0,62,1156,300.0,3659
15617,1.0,0.0,4.2,559,42,62,1672,400.0,3767
15618,1.0,1.0,3.9,891,28,20,1156,900.0,5032
15619,1.0,0.0,4.0,725,43,29,1477,700.0,5047
15620,1.0,0.0,4.0,138,45,62,1609,250.0,2717
15621,1.0,0.0,2.6,175,0,20,55,450.0,5047
15622,1.0,0.0,3.0,179,0,62,1196,300.0,4720
15623,1.0,0.0,3.9,421,0,20,112,800.0,2655
15624,1.0,0.0,3.9,237,38,72,1196,250.0,328
15625,1.0,0.0,4.2,430,38,62,266,250.0,2926
15626,1.0,0.0,3.9,490,43,20,1474,750.0,2343
15627,1.0,0.0,3.8,101,0,20,1589,350.0,4182
15628,1.0,0.0,4.4,7238,42,20,304,600.0,661
15629,1.0,0.0,4.1,1963,43,62,1110,600.0,4790
15630,1.0,0.0,3.8,371,0,20,1156,600.0,3904
15631,1.0,0.0,3.9,333,0,13,1195,200.0,2301
15632,1.0,0.0,3.4,357,18,62,1156,350.0,54
15633,1.0,1.0,4.4,9084,41,22,1468,600.0,5047
15634,1.0,0.0,4.3,3621,43,62,1635,400.0,2957
15635,1.0,0.0,3.9,468,0,20,112,700.0,1230
15636,1.0,0.0,4.0,966,30,62,1356,500.0,2133
15637,1.0,0.0,3.9,1050,44,62,323,600.0,1479
15638,1.0,0.0,4.1,312,30,62,1569,200.0,90
15639,1.0,0.0,4.2,1077,42,69,1121,400.0,3951
15640,1.0,0.0,4.5,346,42,33,779,300.0,3079
15641,1.0,0.0,4.0,199,41,62,1156,500.0,2454
15642,1.0,0.0,3.9,161,38,29,271,650.0,1763
15643,1.0,0.0,3.5,139,0,72,282,500.0,2398
15644,1.0,0.0,4.0,59,0,62,282,300.0,2394
15645,1.0,0.0,3.3,261,73,20,1196,500.0,4342
15646,1.0,0.0,3.7,97,30,62,1386,350.0,1553
15647,1.0,0.0,3.9,327,43,20,43,500.0,1065
15648,1.0,0.0,4.2,148,28,20,1375,600.0,573
15649,1.0,0.0,4.2,973,42,62,1547,200.0,4208
15650,1.0,0.0,2.9,141,0,62,565,300.0,3315
15651,1.0,0.0,4.1,192,45,29,1465,750.0,2169
15652,1.0,1.0,4.2,1431,28,20,64,800.0,1295
15653,1.0,0.0,3.8,186,0,62,858,400.0,1136
15654,1.0,0.0,3.8,53,44,62,917,350.0,3234
15655,1.0,1.0,4.1,2727,0,20,296,800.0,4374
15656,1.0,0.0,4.0,115,0,62,591,400.0,160
15657,1.0,0.0,2.3,298,7,62,286,450.0,1180
15658,1.0,0.0,4.0,358,0,62,322,400.0,2633
15659,1.0,0.0,4.0,254,30,30,773,300.0,3477
15660,1.0,0.0,3.9,52,0,62,1589,300.0,5047
15661,1.0,0.0,3.8,261,0,20,50,500.0,1113
15662,1.0,0.0,3.7,181,0,62,1196,400.0,5047
15663,1.0,0.0,3.9,132,22,20,301,600.0,4599
15664,1.0,0.0,3.9,373,22,20,50,550.0,1838
15665,1.0,0.0,4.0,103,0,20,558,600.0,4725
15666,1.0,0.0,3.9,327,3,20,1196,650.0,1799
15667,1.0,0.0,3.9,192,0,62,256,300.0,5047
15668,1.0,0.0,3.9,1190,0,62,1196,500.0,5047
15669,1.0,0.0,4.3,287,22,62,1547,150.0,2421
15670,1.0,0.0,4.0,65,22,20,1591,300.0,118
15671,1.0,0.0,3.2,294,22,20,208,600.0,5047
15672,1.0,0.0,4.3,656,43,62,1547,250.0,359
15673,1.0,0.0,3.9,468,0,20,197,650.0,3014
15674,1.0,0.0,3.9,212,30,11,778,400.0,2543
15675,1.0,0.0,4.3,342,42,20,555,800.0,1400
15676,1.0,0.0,4.3,635,30,62,1454,200.0,263
15677,1.0,0.0,4.6,415,3,20,0,1000.0,3051
15678,1.0,0.0,4.0,760,24,62,1156,250.0,3268
15679,1.0,0.0,3.6,221,0,20,286,600.0,4945
15680,1.0,1.0,4.3,560,73,20,570,1200.0,2661
15681,1.0,1.0,3.9,487,0,13,710,700.0,1492
15682,1.0,0.0,3.6,383,42,20,1037,600.0,2847
15683,1.0,1.0,4.0,238,42,20,1141,800.0,4277
15684,1.0,0.0,4.1,173,30,62,256,400.0,5047
15685,1.0,0.0,4.1,1118,42,20,289,750.0,4395
15686,1.0,0.0,3.9,340,30,62,1589,400.0,2856
15687,1.0,0.0,3.9,184,0,62,1497,300.0,4675
15688,1.0,0.0,3.9,463,22,62,262,600.0,4615
15689,1.0,0.0,4.2,701,41,29,1181,450.0,1329
15690,1.0,0.0,3.9,375,38,20,235,750.0,649
15691,1.0,0.0,4.2,704,44,30,182,450.0,2940
15692,1.0,0.0,4.0,457,43,29,932,500.0,692
15693,1.0,0.0,3.7,434,41,62,1423,400.0,2779
15694,1.0,0.0,3.8,141,42,62,1591,200.0,3246
15695,1.0,0.0,4.0,82,30,62,1079,100.0,4436
15696,1.0,0.0,4.1,382,0,62,84,250.0,4062
15697,1.0,1.0,3.9,298,30,13,368,650.0,2749
15698,1.0,0.0,4.1,511,43,30,789,500.0,1645
15699,1.0,0.0,4.6,121,38,30,773,300.0,319
15700,1.0,0.0,3.9,48,22,30,211,400.0,5047
15701,1.0,0.0,4.0,832,0,20,1490,500.0,3624
15702,1.0,1.0,4.0,371,30,20,1665,1200.0,2969
15703,1.0,0.0,3.3,395,44,62,1156,400.0,1521
15704,1.0,0.0,3.9,358,0,62,1196,400.0,4078
15705,1.0,0.0,2.9,67,0,20,1459,200.0,1851
15706,1.0,0.0,4.0,201,42,13,406,800.0,5047
15707,1.0,0.0,3.9,103,3,30,956,400.0,364
15708,1.0,1.0,4.9,2249,42,21,134,1500.0,5047
15709,1.0,0.0,4.1,895,40,13,395,800.0,4654
15710,1.0,0.0,3.9,141,30,62,1647,400.0,3992
15711,1.0,0.0,4.1,413,44,12,1026,300.0,2528
15712,1.0,0.0,3.9,100,30,62,1547,200.0,2685
15713,1.0,0.0,3.9,230,38,29,1429,450.0,5047
15714,1.0,0.0,3.6,176,22,29,259,400.0,5047
15715,1.0,0.0,3.9,231,38,29,1106,400.0,1709
15716,1.0,0.0,4.3,280,44,62,1156,450.0,5047
15717,1.0,1.0,4.4,1811,41,20,1678,1000.0,1470
15718,1.0,0.0,4.1,96,42,13,383,600.0,3100
15719,1.0,0.0,4.1,300,0,20,250,700.0,5047
15720,1.0,0.0,3.2,209,30,12,1652,250.0,3732
15721,1.0,0.0,3.9,179,43,29,834,300.0,5047
15722,1.0,0.0,3.9,67,30,62,817,200.0,1466
15723,1.0,1.0,3.5,552,3,20,1236,600.0,5047
15724,1.0,0.0,4.2,450,30,13,362,400.0,4248
15725,1.0,0.0,4.1,1962,43,20,201,650.0,3416
15726,1.0,0.0,4.4,364,43,13,493,500.0,3613
15727,1.0,0.0,3.8,246,30,20,1089,650.0,5047
15728,1.0,0.0,4.1,314,38,72,933,650.0,5047
15729,1.0,0.0,4.0,212,41,62,749,400.0,5047
15730,1.0,0.0,3.4,47,0,62,1636,200.0,5047
15731,1.0,0.0,4.0,270,38,62,1207,450.0,5047
15732,1.0,0.0,3.7,329,0,72,1185,500.0,4589
15733,1.0,0.0,3.7,118,0,62,266,400.0,2015
15734,1.0,0.0,4.1,322,43,62,1156,600.0,4379
15735,1.0,0.0,4.0,960,44,20,1669,500.0,1304
15736,1.0,0.0,4.1,95,0,29,1113,600.0,4012
15737,1.0,0.0,4.2,120,0,62,537,300.0,3775
15738,1.0,0.0,3.8,66,42,20,98,800.0,4603
15739,1.0,0.0,3.9,503,43,62,1638,300.0,67
15740,1.0,0.0,4.1,86,0,62,856,400.0,3447
15741,1.0,0.0,4.1,616,44,20,161,500.0,1434
15742,1.0,0.0,4.3,190,41,0,181,400.0,2086
15743,1.0,0.0,3.8,222,18,20,558,600.0,3403
15744,1.0,0.0,4.0,314,42,20,610,800.0,5047
15745,1.0,1.0,3.9,74,0,20,1277,900.0,2094
15746,1.0,0.0,4.3,247,42,62,1668,600.0,1147
15747,1.0,0.0,4.1,168,42,29,44,300.0,5047
15748,1.0,0.0,4.2,56,42,9,210,400.0,532
15749,1.0,1.0,4.5,819,0,20,716,800.0,5047
15750,1.0,0.0,4.0,870,0,29,250,500.0,5047
15751,1.0,1.0,4.2,1706,42,13,459,650.0,5047
15752,1.0,0.0,4.0,39,0,32,775,300.0,3736
15753,1.0,0.0,4.1,87,43,13,427,700.0,375
15754,1.0,0.0,4.2,537,44,62,1669,450.0,1133
15755,1.0,0.0,3.9,172,0,62,1612,300.0,3212
15756,1.0,0.0,3.0,74,73,20,1156,500.0,4606
15757,1.0,0.0,4.5,2627,42,33,955,500.0,721
15758,1.0,0.0,4.1,57,38,12,1023,200.0,5047
15759,1.0,1.0,4.2,1544,0,20,1054,800.0,2389
15760,1.0,0.0,4.2,50,45,29,181,500.0,1615
15761,1.0,0.0,4.0,269,42,45,1677,300.0,5047
15762,1.0,0.0,3.9,711,0,20,1156,500.0,4325
15763,1.0,0.0,3.6,95,38,62,1335,300.0,4089
15764,1.0,0.0,4.3,3463,44,20,1156,600.0,5047
15765,1.0,1.0,4.4,211,42,13,498,800.0,5047
15766,1.0,0.0,4.2,53,42,30,773,400.0,1931
15767,1.0,0.0,3.8,331,22,62,1156,350.0,5047
15768,1.0,0.0,4.1,121,22,62,1578,200.0,5047
15769,1.0,0.0,3.8,64,0,62,203,300.0,465
15770,1.0,1.0,4.2,349,42,20,1156,700.0,5047
15771,1.0,1.0,4.3,551,42,26,1265,1000.0,3046
15772,1.0,0.0,3.7,130,38,21,624,1200.0,1958
15773,1.0,0.0,4.6,4707,44,46,32,1500.0,1533
15774,1.0,0.0,4.0,529,18,29,314,350.0,5047
15775,1.0,0.0,3.9,53,30,62,1587,200.0,2682
15776,1.0,1.0,4.5,267,41,20,1008,1300.0,928
15777,1.0,0.0,3.9,454,44,20,197,600.0,5047
15778,1.0,0.0,3.6,243,42,20,1412,1000.0,1201
15779,1.0,0.0,3.6,193,0,29,917,450.0,5047
15780,1.0,1.0,4.6,1892,38,21,1430,1200.0,5047
15781,1.0,0.0,4.1,340,30,62,547,300.0,4253
15782,1.0,0.0,3.8,151,30,30,773,350.0,629
15783,0.0,0.0,4.0,1209,41,13,408,650.0,5047
15784,1.0,0.0,3.8,295,42,62,826,500.0,5047
15785,1.0,0.0,4.3,726,42,62,817,400.0,3862
15786,1.0,0.0,4.2,177,43,13,332,600.0,2503
15787,1.0,0.0,4.0,109,0,62,1156,300.0,5047
15788,1.0,1.0,4.1,225,42,20,1239,600.0,2218
15789,1.0,0.0,4.1,205,42,62,817,250.0,260
15790,1.0,0.0,2.8,110,73,20,618,500.0,1796
15791,1.0,0.0,3.6,198,30,20,597,800.0,1340
15792,1.0,1.0,4.4,2401,41,20,1083,1000.0,5047
15793,1.0,0.0,2.6,473,0,62,1002,600.0,5047
15794,1.0,0.0,3.2,64,0,62,1268,250.0,4803
15795,1.0,0.0,4.0,189,38,29,171,300.0,5047
15796,1.0,0.0,3.9,111,30,62,329,500.0,5047
15797,1.0,0.0,3.9,96,18,62,202,500.0,1900
15798,1.0,0.0,3.9,523,41,20,609,500.0,4777
15799,1.0,0.0,3.7,59,22,13,443,600.0,2423
15800,1.0,0.0,4.1,61,42,30,792,450.0,1743
15801,1.0,0.0,3.9,107,44,29,918,600.0,4647
15802,1.0,1.0,4.5,3471,42,20,1400,1300.0,5047
15803,1.0,0.0,3.5,221,0,70,1119,400.0,5047
15804,1.0,0.0,4.1,191,41,30,767,300.0,770
15805,1.0,0.0,4.0,42,3,41,442,400.0,623
15806,1.0,0.0,3.1,90,0,62,1374,300.0,2915
15807,1.0,1.0,4.1,221,41,20,1156,1000.0,5047
15808,1.0,0.0,3.5,177,0,62,203,500.0,2062
15809,1.0,0.0,4.0,173,30,20,1156,800.0,5047
15810,1.0,0.0,4.0,76,38,62,1511,300.0,3075
15811,1.0,0.0,4.2,341,42,30,773,500.0,812
15812,1.0,0.0,3.9,28,42,62,559,200.0,3241
15813,1.0,1.0,4.2,325,44,20,1205,800.0,213
15814,1.0,0.0,3.9,554,44,62,818,600.0,4699
15815,1.0,0.0,4.3,220,38,62,1075,300.0,3808
15816,1.0,0.0,3.5,323,38,62,1077,500.0,5047
15817,1.0,1.0,4.0,1879,43,20,1156,600.0,5047
15818,1.0,1.0,4.3,343,41,62,790,450.0,4036
15819,1.0,1.0,4.5,3991,42,25,713,1600.0,494
15820,1.0,0.0,4.2,533,42,20,600,600.0,5047
15821,1.0,0.0,3.9,151,41,41,1670,400.0,4992
15822,1.0,0.0,4.2,289,3,62,6,400.0,4033
15823,1.0,1.0,4.2,2619,42,20,514,1300.0,5047
15824,1.0,1.0,4.1,1030,3,20,1156,1000.0,5047
15825,1.0,0.0,3.6,70,30,62,256,400.0,5047
15826,1.0,0.0,3.5,80,30,20,72,750.0,234
15827,1.0,0.0,2.6,309,73,20,1145,700.0,3340
15828,1.0,0.0,4.0,134,22,20,1156,650.0,5047
15829,1.0,1.0,4.2,296,42,20,1532,800.0,5047
15830,1.0,1.0,4.2,2032,30,20,1416,1000.0,5047
15831,1.0,0.0,3.2,49,42,62,120,300.0,5047
15832,1.0,0.0,2.8,152,44,20,1206,700.0,1343
15833,1.0,0.0,3.9,241,41,62,1476,600.0,5047
15834,1.0,0.0,3.8,40,41,29,282,600.0,5047
15835,1.0,1.0,4.1,2347,30,20,1206,1500.0,5047
15836,1.0,0.0,4.0,187,44,2,188,500.0,2277
15837,1.0,0.0,3.8,214,44,20,1354,700.0,1418
15838,1.0,0.0,4.8,189,42,30,767,400.0,4487
15839,1.0,1.0,4.4,1856,43,20,521,1100.0,5047
15840,1.0,0.0,4.0,783,43,20,1005,750.0,5047
15841,1.0,1.0,4.5,724,44,20,1009,1500.0,806
15842,1.0,0.0,3.0,291,41,62,1474,400.0,5047
15843,1.0,0.0,3.9,132,0,30,949,230.0,3238
15844,1.0,0.0,3.9,231,42,30,956,500.0,2606
15845,1.0,1.0,3.9,485,42,20,1427,700.0,5047
15846,1.0,0.0,3.9,85,44,62,1156,400.0,5047
15847,1.0,0.0,3.8,258,37,29,1196,300.0,3288
15848,1.0,1.0,4.4,523,43,20,23,2500.0,5047
15849,1.0,1.0,3.8,584,30,20,1381,1200.0,5047
15850,1.0,0.0,4.1,194,30,30,789,300.0,2296
15851,1.0,0.0,3.9,113,73,62,861,250.0,273
15852,1.0,0.0,3.8,232,30,20,68,600.0,5047
15853,1.0,0.0,3.9,60,41,62,1416,300.0,322
15854,1.0,1.0,4.2,815,30,20,1196,900.0,5047
15855,1.0,0.0,3.9,135,30,62,866,350.0,1848
15856,1.0,1.0,4.4,684,44,20,1381,1500.0,5047
15857,1.0,0.0,3.9,105,30,62,817,200.0,1759
15858,1.0,0.0,4.4,950,42,13,435,900.0,5047
15859,1.0,0.0,3.6,74,42,20,197,700.0,4195
15860,1.0,0.0,3.7,70,42,62,1156,200.0,2053
15861,1.0,0.0,4.0,578,38,20,208,600.0,5047
15862,1.0,0.0,3.9,475,43,20,1459,600.0,5047
15863,1.0,1.0,3.7,113,42,20,1196,900.0,5047
15864,1.0,1.0,4.2,151,42,20,68,900.0,5047
15865,1.0,0.0,4.2,249,0,32,210,500.0,379
15866,1.0,0.0,3.9,1143,42,20,1352,500.0,2360
15867,1.0,0.0,3.9,213,43,62,317,400.0,5047
15868,1.0,0.0,3.1,911,42,20,1381,600.0,4617
15869,1.0,0.0,3.8,75,42,62,202,500.0,5047
15870,1.0,0.0,4.3,665,30,30,181,500.0,1584
15871,1.0,1.0,4.1,1795,42,57,881,1200.0,1516
15872,1.0,0.0,4.1,3006,38,13,374,1000.0,3790
15873,1.0,0.0,3.4,95,42,62,96,200.0,4067
15874,1.0,0.0,3.6,57,22,72,1156,400.0,5047
15875,1.0,0.0,4.0,76,38,0,181,500.0,1595
15876,1.0,0.0,2.8,261,22,20,1040,700.0,950
15877,1.0,0.0,4.1,271,38,62,132,500.0,4505
15878,1.0,0.0,4.2,132,8,30,949,180.0,1627
15879,1.0,0.0,3.9,34,18,62,1156,300.0,3545
15880,1.0,0.0,3.9,145,30,20,1196,550.0,5047
15881,1.0,0.0,4.1,240,42,9,215,400.0,3982
15882,1.0,0.0,3.4,277,0,66,1455,250.0,170
15883,1.0,0.0,3.6,42,0,13,401,600.0,3473
15884,1.0,0.0,3.5,889,44,20,1375,650.0,967
15885,1.0,0.0,2.8,137,38,62,1156,500.0,2438
15886,1.0,0.0,3.9,41,42,62,1156,250.0,5047
15887,1.0,0.0,4.0,70,0,30,773,300.0,507
15888,1.0,0.0,3.8,156,30,20,1597,450.0,4188
15889,1.0,0.0,3.9,225,30,20,521,600.0,5047
15890,1.0,0.0,4.1,141,42,13,452,1200.0,5047
15891,1.0,1.0,4.3,1274,30,22,922,800.0,4021
15892,1.0,0.0,3.7,483,41,20,761,800.0,1344
15893,1.0,0.0,4.0,78,45,13,382,400.0,1766
15894,1.0,0.0,3.6,90,44,62,826,500.0,5047
15895,1.0,1.0,4.4,459,44,21,1156,1500.0,3304
15896,1.0,0.0,3.5,144,22,62,1547,150.0,5047
15897,1.0,0.0,4.1,1004,42,20,1388,700.0,5047
15898,1.0,0.0,3.9,97,0,62,967,1000.0,405
15899,1.0,0.0,3.8,75,85,20,672,1000.0,3301
15900,1.0,0.0,4.1,845,43,20,1534,700.0,5047
15901,1.0,0.0,4.2,603,44,30,773,900.0,524
15902,1.0,1.0,4.1,259,41,20,1149,750.0,5047
15903,1.0,1.0,3.5,59,22,20,1279,700.0,2920
15904,1.0,0.0,4.0,205,0,14,350,500.0,3979
15905,1.0,0.0,3.8,267,44,20,1154,650.0,1547
15906,1.0,0.0,3.6,207,42,20,1050,500.0,5047
15907,1.0,0.0,2.9,95,0,29,1432,700.0,1055
15908,1.0,0.0,3.8,128,0,62,1196,400.0,5047
15909,1.0,0.0,3.9,61,73,9,216,150.0,767
15910,1.0,0.0,3.8,108,43,62,370,400.0,1089
15911,1.0,0.0,3.6,82,38,62,1505,400.0,5047
15912,1.0,0.0,4.1,804,30,13,437,400.0,2256
15913,1.0,0.0,4.4,362,30,30,773,400.0,1577
15914,1.0,1.0,4.5,3170,42,21,1233,1500.0,5047
15915,1.0,0.0,3.6,97,38,62,1039,300.0,1149
15916,1.0,0.0,3.5,76,42,62,323,600.0,5047
15917,1.0,0.0,3.7,456,22,72,1196,400.0,5047
15918,1.0,0.0,3.7,44,30,66,844,400.0,5047
15919,1.0,0.0,3.1,54,38,62,817,100.0,5047
15920,1.0,1.0,4.1,447,30,60,692,1200.0,3866
15921,1.0,0.0,3.7,51,3,62,1156,300.0,1237
15922,1.0,0.0,4.0,72,43,20,1090,1000.0,1168
15923,1.0,1.0,4.2,515,42,13,389,800.0,2499
15924,1.0,0.0,3.8,57,44,20,1531,700.0,3897
15925,1.0,0.0,2.8,102,3,62,1196,350.0,4916
15926,1.0,0.0,4.4,149,42,72,214,350.0,5047
15927,1.0,0.0,3.9,156,85,20,1196,450.0,4404
15928,1.0,0.0,3.9,93,30,62,230,200.0,3711
15929,1.0,0.0,3.9,237,42,62,1551,200.0,2826
15930,1.0,0.0,4.2,115,0,12,217,400.0,1706
15931,1.0,0.0,3.9,182,28,30,767,400.0,1593
15932,1.0,0.0,4.4,659,30,12,217,600.0,3575
15933,1.0,0.0,3.7,127,18,72,849,300.0,5047
15934,1.0,0.0,3.9,140,0,62,1327,300.0,4756
15935,1.0,0.0,3.7,215,42,62,1628,200.0,3628
15936,1.0,0.0,4.0,76,40,62,1602,300.0,3563
15937,1.0,0.0,3.6,118,66,20,521,500.0,2619
15938,1.0,0.0,3.8,117,0,20,1185,600.0,3588
15939,1.0,0.0,3.9,457,43,20,521,1000.0,3056
15940,1.0,1.0,4.4,348,42,21,541,1000.0,401
15941,1.0,0.0,3.9,44,43,62,621,550.0,2533
15942,1.0,0.0,4.0,139,42,12,1025,200.0,2532
15943,1.0,0.0,4.2,349,41,30,767,300.0,230
15944,1.0,0.0,3.8,153,44,29,1296,500.0,878
15945,1.0,1.0,4.4,387,42,21,1108,1500.0,1728
15946,1.0,0.0,3.8,72,0,20,1165,1000.0,5047
15947,1.0,0.0,2.9,42,0,62,1432,250.0,4520
15948,1.0,0.0,4.1,362,42,72,264,400.0,5047
15949,1.0,0.0,4.1,61,39,13,451,600.0,4467
15950,1.0,1.0,4.1,676,40,20,605,900.0,4666
15951,1.0,0.0,4.0,64,42,62,228,150.0,2191
15952,1.0,1.0,4.4,3677,42,20,606,1400.0,3004
15953,1.0,0.0,3.9,823,42,20,558,750.0,1274
15954,1.0,0.0,3.9,188,45,62,563,400.0,5047
15955,1.0,1.0,4.1,1082,30,20,1196,1000.0,2129
15956,1.0,1.0,4.5,1880,0,13,394,900.0,1820
15957,1.0,0.0,3.9,203,0,62,1451,300.0,2789
15958,1.0,1.0,4.3,2577,42,4,688,1200.0,4821
15959,1.0,0.0,4.2,465,0,62,1179,300.0,5047
15960,1.0,0.0,3.9,214,0,20,1240,600.0,4522
15961,1.0,0.0,3.7,93,22,0,181,400.0,606
15962,1.0,0.0,4.1,206,30,30,956,300.0,5047
15963,1.0,1.0,4.2,1627,41,20,1512,1500.0,5047
15964,1.0,0.0,3.7,72,30,20,1209,450.0,5047
15965,1.0,0.0,4.4,481,42,13,512,450.0,5047
15966,1.0,0.0,3.8,41,44,62,235,200.0,5047
15967,1.0,1.0,4.0,1391,44,20,674,1100.0,5047
15968,1.0,0.0,4.0,128,30,62,1589,400.0,83
15969,1.0,1.0,3.5,432,30,20,1156,800.0,2154
15970,1.0,1.0,4.2,767,41,20,1272,1700.0,5047
15971,1.0,1.0,4.1,983,30,54,1313,1500.0,3679
15972,1.0,0.0,3.8,616,0,13,472,600.0,3452
15973,1.0,0.0,3.3,334,0,62,282,400.0,5047
15974,1.0,1.0,4.2,876,42,13,339,600.0,964
15975,1.0,0.0,3.7,101,0,20,1208,800.0,2514
15976,1.0,0.0,3.8,149,42,20,277,600.0,4969
15977,1.0,0.0,3.7,69,0,29,83,400.0,5047
15978,1.0,0.0,3.7,423,30,20,77,700.0,1080
15979,1.0,0.0,3.5,304,22,72,287,400.0,5047
15980,1.0,1.0,3.9,143,30,20,1093,1000.0,2968
15981,1.0,0.0,3.8,94,38,20,1253,600.0,1276
15982,1.0,0.0,4.1,115,66,13,169,700.0,800
15983,1.0,0.0,3.7,159,30,20,251,700.0,2017
15984,1.0,0.0,4.0,396,44,20,911,750.0,1436
15985,1.0,1.0,4.1,1855,38,13,343,600.0,4006
15986,1.0,0.0,4.3,68,42,30,1676,250.0,4073
15987,1.0,0.0,3.7,195,0,62,1156,400.0,4905
15988,1.0,0.0,3.9,70,42,12,1023,150.0,5047
15989,1.0,1.0,4.1,1890,30,20,1376,1200.0,207
15990,1.0,0.0,3.9,155,28,41,427,400.0,5047
15991,0.0,0.0,2.9,177,30,20,1211,700.0,5047
15992,1.0,0.0,4.1,32,30,9,231,100.0,2405
15993,1.0,1.0,4.2,2714,40,13,404,1000.0,2992
15994,1.0,1.0,4.1,553,30,20,991,900.0,5047
15995,1.0,0.0,4.0,66,41,16,462,700.0,4746
15996,1.0,1.0,4.2,1179,41,57,883,1300.0,1383
15997,1.0,0.0,4.1,465,0,13,344,500.0,5047
15998,1.0,0.0,3.1,121,43,20,1196,500.0,1916
15999,1.0,1.0,3.9,224,22,20,1285,800.0,2457
16000,1.0,0.0,4.0,141,30,20,1277,550.0,5047
16001,1.0,0.0,3.9,79,44,30,956,800.0,4474
16002,1.0,0.0,3.6,165,40,20,1196,500.0,4626
16003,1.0,0.0,3.1,140,0,20,1182,600.0,994
16004,1.0,0.0,2.8,137,0,62,1451,300.0,5047
16005,1.0,0.0,4.1,779,38,13,383,700.0,3433
16006,1.0,1.0,3.7,291,41,20,69,750.0,1051
16007,1.0,0.0,3.6,504,38,29,1423,500.0,3928
16008,1.0,0.0,3.9,96,38,62,1327,350.0,5047
16009,1.0,0.0,3.8,48,45,62,1196,300.0,5047
16010,0.0,1.0,4.1,453,44,20,1156,650.0,5047
16011,1.0,0.0,2.7,74,0,20,565,600.0,5047
16012,0.0,0.0,4.1,1697,42,20,1196,1200.0,5047
16013,1.0,0.0,3.8,75,40,69,1121,200.0,5047
16014,1.0,0.0,3.0,58,30,62,1329,400.0,726
16015,1.0,1.0,4.1,602,43,20,998,1100.0,5047
16016,1.0,1.0,4.4,104,45,13,389,700.0,4850
16017,1.0,0.0,3.9,64,42,62,1072,300.0,3716
16018,1.0,0.0,3.4,34,44,20,1359,650.0,5047
16019,1.0,0.0,4.2,170,41,13,427,700.0,2650
16020,1.0,0.0,3.9,247,30,13,406,400.0,5047
16021,1.0,0.0,4.2,166,42,62,817,300.0,5047
16022,1.0,0.0,4.0,457,38,20,1156,650.0,5047
16023,1.0,0.0,4.0,69,44,30,767,400.0,5009
16024,1.0,1.0,4.0,151,39,20,706,1100.0,1878
16025,1.0,0.0,4.1,292,43,62,328,600.0,1814
16026,1.0,0.0,3.8,273,0,20,1310,900.0,5047
16027,1.0,0.0,3.7,52,41,13,473,450.0,3086
16028,1.0,0.0,3.9,450,22,20,1209,550.0,4361
16029,0.0,0.0,4.3,236,44,9,223,350.0,5047
16030,1.0,0.0,3.8,47,44,62,832,400.0,4933
16031,1.0,0.0,3.7,259,42,20,1139,750.0,1555
16032,1.0,0.0,3.7,70,43,12,224,250.0,5047
16033,1.0,1.0,3.9,598,41,4,899,1200.0,953
16034,1.0,0.0,4.0,1785,30,62,1444,200.0,5047
16035,1.0,0.0,4.0,195,43,29,1657,500.0,4851
16036,1.0,0.0,3.6,71,0,62,1248,350.0,1185
16037,1.0,0.0,4.0,63,43,62,986,400.0,5047
16038,1.0,0.0,4.2,1067,42,13,394,800.0,5047
16039,1.0,0.0,4.0,1113,41,29,1209,500.0,5047
16040,1.0,0.0,2.6,207,28,20,602,650.0,5047
16041,1.0,1.0,4.1,300,66,20,914,1000.0,5047
16042,1.0,0.0,4.0,310,30,13,388,750.0,5047
16043,1.0,0.0,3.7,103,43,62,1209,400.0,5047
16044,1.0,1.0,4.0,1241,41,13,332,700.0,5047
16045,1.0,1.0,4.1,402,42,15,422,1200.0,5047
16046,1.0,0.0,3.5,433,38,29,1429,500.0,1804
16047,1.0,0.0,4.1,56,42,62,817,500.0,5047
16048,1.0,0.0,4.2,823,43,20,1156,1000.0,5047
16049,1.0,0.0,3.8,75,41,20,700,750.0,3475
16050,1.0,0.0,4.6,1026,44,17,431,550.0,5047
16051,1.0,0.0,4.2,310,0,29,1045,600.0,5047
16052,1.0,1.0,4.2,1370,44,21,123,1400.0,5047
16053,1.0,0.0,3.6,57,30,30,958,400.0,5047
16054,1.0,0.0,3.9,316,30,62,1639,300.0,5047
16055,1.0,0.0,4.0,510,28,19,460,1000.0,5047
16056,1.0,0.0,3.7,61,0,62,831,350.0,5047
16057,1.0,0.0,4.3,1108,22,13,419,700.0,5047
16058,1.0,0.0,3.6,142,30,20,1554,750.0,5047
16059,0.0,0.0,3.1,117,44,62,235,200.0,5047
16060,1.0,0.0,3.9,49,41,62,1567,400.0,450
16061,1.0,0.0,4.0,685,42,62,617,250.0,5047
16062,1.0,0.0,3.5,34,43,69,1117,250.0,5047
16063,1.0,1.0,4.1,152,43,62,378,600.0,5047
16064,1.0,0.0,4.1,306,44,13,414,600.0,5047
16065,1.0,1.0,3.7,36,30,20,586,650.0,5047
16066,1.0,1.0,4.4,192,40,13,332,1000.0,5047
16067,1.0,0.0,3.6,72,43,62,1109,200.0,5047
16068,1.0,1.0,4.3,1922,30,13,423,800.0,5047
16069,1.0,0.0,4.4,384,44,62,1584,300.0,5047
16070,1.0,0.0,4.0,515,44,20,562,750.0,5047
16071,1.0,0.0,3.5,74,43,20,1028,600.0,5047
16072,1.0,0.0,3.8,230,38,13,394,600.0,5047
16073,1.0,0.0,2.6,54,0,29,251,600.0,5047
16074,1.0,0.0,4.4,2873,42,13,337,600.0,5047
16075,1.0,0.0,4.1,991,43,13,404,600.0,5047
16076,1.0,0.0,3.8,94,38,62,217,250.0,5047
16077,1.0,0.0,3.1,69,30,62,1140,550.0,5047
16078,1.0,0.0,4.6,237,30,13,359,400.0,5047
16079,1.0,0.0,4.1,37,44,35,787,500.0,5047
16080,1.0,0.0,4.0,233,30,62,1561,400.0,5047
16081,0.0,0.0,3.8,62,44,2,767,150.0,5047
16082,1.0,0.0,4.1,507,43,13,381,600.0,5047
16083,1.0,1.0,3.8,146,41,20,665,1000.0,5047
16084,0.0,0.0,3.7,73,44,62,1268,250.0,5047
16085,1.0,0.0,3.8,254,0,20,521,600.0,5047
16086,1.0,0.0,4.1,92,30,62,1547,100.0,5047
16087,1.0,0.0,3.7,47,43,20,1207,800.0,5047
16088,1.0,0.0,2.5,157,30,13,346,450.0,5047
16089,1.0,0.0,2.1,253,26,29,1386,500.0,3632
16090,1.0,0.0,3.8,110,43,72,1002,400.0,934
16091,1.0,0.0,2.9,63,30,65,548,650.0,5047
16092,1.0,0.0,3.8,38,38,20,1156,500.0,5047
16093,1.0,1.0,3.7,1015,43,4,663,1300.0,5047
16094,1.0,0.0,3.8,123,42,0,181,400.0,5047
16095,0.0,0.0,3.8,47,42,13,455,600.0,5047
16096,1.0,0.0,3.0,61,0,13,332,650.0,5047
16097,1.0,0.0,3.5,283,0,62,206,350.0,5047
16098,1.0,0.0,3.7,95,38,62,1156,150.0,5047
16099,1.0,0.0,3.8,278,22,62,235,200.0,5047
16100,1.0,0.0,3.8,215,43,20,1111,700.0,5047
16101,1.0,0.0,3.8,172,42,20,1423,550.0,3799
16102,1.0,0.0,4.3,1902,42,30,767,400.0,5047
16103,1.0,0.0,3.8,178,38,20,1335,800.0,5047
16104,0.0,0.0,3.6,135,30,20,1079,600.0,5047
16105,1.0,0.0,4.3,169,41,30,773,450.0,5047
16106,1.0,0.0,3.8,110,30,20,1196,500.0,5047
16107,1.0,0.0,3.6,242,43,20,1522,800.0,5047
16108,1.0,0.0,3.8,211,22,29,38,600.0,5047
16109,0.0,0.0,4.1,723,41,31,769,300.0,5047
16110,0.0,0.0,3.8,34,42,0,187,400.0,5047
16111,1.0,1.0,4.4,2511,3,57,1343,900.0,5047
16112,1.0,0.0,4.1,184,30,62,1022,200.0,5047
16113,1.0,0.0,3.7,47,0,30,951,200.0,5047
16114,1.0,0.0,3.4,212,22,20,1258,800.0,5047
16115,1.0,1.0,4.0,1519,40,13,383,900.0,5047
16116,1.0,0.0,3.6,132,0,72,286,600.0,5047
16117,1.0,0.0,3.8,76,30,62,1046,300.0,5047
16118,1.0,0.0,3.7,46,0,20,1196,600.0,5047
16119,0.0,0.0,4.1,324,44,13,342,700.0,5047
16120,1.0,0.0,3.1,40,0,62,1196,250.0,5047
16121,0.0,1.0,4.5,3919,42,60,889,1000.0,5047
16122,0.0,1.0,4.7,4449,42,4,643,1000.0,5047
16123,0.0,1.0,4.0,2161,42,46,627,1000.0,5047
16124,0.0,1.0,4.2,1745,41,57,539,1400.0,5047
16125,0.0,0.0,3.8,4655,43,50,1304,2000.0,5047
16126,1.0,0.0,3.7,67,0,62,1563,300.0,5047
16127,1.0,0.0,4.1,76,42,62,1517,450.0,5047
16128,1.0,0.0,4.2,414,42,13,429,700.0,5047
16129,0.0,1.0,4.0,171,0,4,878,1100.0,5047
16130,0.0,0.0,4.7,14723,42,16,338,900.0,5047
16131,0.0,1.0,3.9,1390,42,46,718,1400.0,5047
16132,0.0,0.0,3.9,234,47,5,996,1000.0,5047
16133,0.0,0.0,4.5,3849,42,13,469,800.0,5047
16134,1.0,1.0,4.0,126,22,20,1390,900.0,5047
16135,1.0,1.0,4.3,1810,42,22,660,900.0,5047
16136,0.0,0.0,4.1,2737,42,13,400,1300.0,5047
16137,0.0,0.0,4.4,1227,41,13,399,800.0,5047
16138,0.0,0.0,4.2,1534,43,62,1245,600.0,5047
16139,0.0,1.0,4.5,688,42,20,603,1400.0,5047
16140,0.0,0.0,4.3,2307,42,20,65,800.0,5047
16141,0.0,0.0,3.8,1162,42,20,50,650.0,5047
16142,0.0,1.0,4.3,2254,42,20,609,1100.0,5047
16143,0.0,0.0,4.1,1228,42,62,1112,400.0,5047
16144,0.0,0.0,3.9,1161,41,20,517,650.0,5047
16145,0.0,0.0,4.1,440,42,20,1209,500.0,5047
16146,0.0,0.0,4.0,339,30,20,1173,550.0,5047
16147,1.0,1.0,4.4,469,41,13,403,800.0,5047
16148,0.0,1.0,4.5,553,42,13,412,900.0,5047
16149,0.0,1.0,4.3,170,41,20,526,800.0,5047
16150,0.0,0.0,4.3,295,41,13,473,850.0,5047
16151,0.0,1.0,4.1,819,41,21,50,800.0,5047
16152,0.0,0.0,4.3,996,42,62,617,350.0,5047
16153,0.0,1.0,4.4,329,42,20,1067,1200.0,5047
16154,0.0,0.0,4.3,450,42,30,958,400.0,5047
16155,0.0,0.0,4.2,676,42,20,1589,650.0,5047
16156,0.0,0.0,3.9,206,0,20,260,600.0,5047
16157,0.0,0.0,4.1,45,42,62,1636,150.0,5047
16158,0.0,0.0,4.1,2450,43,13,371,700.0,5047
16159,0.0,0.0,4.4,318,0,51,1059,300.0,5047
16160,0.0,0.0,4.5,941,38,30,951,200.0,5047
16161,0.0,0.0,3.9,118,30,20,1185,800.0,5047
16162,0.0,0.0,4.1,183,42,51,1156,150.0,5047
16163,0.0,0.0,4.1,357,0,62,605,500.0,5047
16164,0.0,0.0,3.7,127,0,62,1156,200.0,5047
16165,0.0,0.0,3.7,107,38,20,1212,500.0,5047
16166,0.0,0.0,3.9,154,43,62,1451,200.0,5047
16167,0.0,0.0,3.6,117,0,29,1196,500.0,5047
16168,0.0,0.0,3.9,164,45,9,217,400.0,5047
16169,0.0,0.0,4.1,445,41,30,180,400.0,5047
16170,0.0,0.0,3.8,290,45,33,784,500.0,5047
16171,0.0,0.0,3.7,73,43,70,1118,250.0,5047
16172,0.0,0.0,4.0,99,43,62,1630,200.0,5047
16173,0.0,0.0,3.8,69,3,14,351,700.0,5047
16174,0.0,0.0,2.5,547,41,20,1156,450.0,5047
16175,0.0,0.0,3.8,87,0,62,817,250.0,5047
16176,0.0,0.0,4.0,203,43,43,198,350.0,5047
16177,0.0,0.0,3.7,48,0,72,767,400.0,5047
16178,0.0,0.0,2.7,53,41,3,191,600.0,5047
16179,0.0,0.0,4.0,374,0,20,1002,500.0,5047
16180,0.0,0.0,3.8,89,42,62,1337,300.0,5047
16181,0.0,0.0,4.1,147,42,30,949,200.0,5047
16182,0.0,0.0,2.4,221,0,62,1156,550.0,5047
16183,0.0,0.0,4.0,115,0,20,762,1000.0,5047
16184,0.0,0.0,3.5,43,0,62,1287,400.0,5047
16185,0.0,0.0,3.6,54,43,62,1280,400.0,5047
16186,0.0,0.0,3.8,31,41,29,1588,400.0,5047
16187,0.0,0.0,3.7,125,43,29,532,500.0,5047
16188,0.0,0.0,3.1,53,0,20,1251,600.0,5047
16189,0.0,0.0,3.8,65,43,62,624,550.0,5047
16190,0.0,0.0,3.6,61,0,13,332,500.0,5047
16191,0.0,0.0,4.0,40,43,30,787,300.0,5047
16192,0.0,0.0,3.8,43,0,62,1547,200.0,5047
16193,0.0,0.0,3.8,35,0,72,817,200.0,5047
16194,0.0,0.0,3.8,38,42,30,952,400.0,5047
16195,0.0,0.0,3.6,34,0,62,1002,650.0,5047
16196,0.0,0.0,4.0,157,43,30,767,300.0,5047
16197,0.0,0.0,3.6,54,43,12,1652,250.0,5047
16198,0.0,0.0,3.4,9,45,72,1537,800.0,5047
16199,0.0,0.0,2.7,61,43,62,89,500.0,5047
16200,0.0,0.0,3.7,99,41,29,1002,700.0,5047
16201,0.0,0.0,3.8,63,0,13,332,500.0,5047
16202,1.0,0.0,3.4,257,38,62,266,250.0,5047
16203,0.0,0.0,4.0,138,44,20,1167,800.0,5047
16204,1.0,0.0,3.7,68,8,20,1587,500.0,5047
16205,1.0,0.0,4.0,152,42,12,219,350.0,5047
16206,0.0,0.0,3.9,194,28,20,1589,400.0,5047
16207,1.0,0.0,3.9,144,41,29,1156,500.0,201
16208,1.0,1.0,4.0,281,41,21,801,1500.0,5047
16209,1.0,0.0,3.8,187,28,13,339,500.0,5047
16210,1.0,0.0,3.9,48,22,62,821,400.0,5047
16211,1.0,0.0,4.6,1026,44,17,431,550.0,5047
16212,0.0,0.0,4.5,1547,44,30,956,400.0,5047
16213,1.0,0.0,4.2,602,44,30,773,900.0,5047
16214,1.0,0.0,4.0,69,44,30,767,400.0,5047
16215,1.0,0.0,4.2,447,44,30,773,300.0,5047
16216,0.0,0.0,3.9,140,44,68,1640,200.0,5047
16217,1.0,0.0,4.2,706,44,30,182,450.0,5047
16218,0.0,0.0,4.1,77,44,30,956,250.0,5047
16219,1.0,0.0,4.0,188,44,2,188,500.0,5047
16220,1.0,0.0,4.1,37,44,35,787,500.0,5047
16221,1.0,0.0,3.9,79,44,30,956,800.0,5047
16222,0.0,0.0,4.1,324,44,13,342,700.0,5047
16223,1.0,0.0,4.0,100,44,30,175,150.0,5047
16224,0.0,0.0,3.8,64,44,14,428,600.0,5047
16225,0.0,0.0,3.8,62,44,2,767,150.0,5047
16226,0.0,0.0,3.7,49,44,32,773,400.0,5047
16227,1.0,1.0,4.3,582,43,54,743,2000.0,5047
16228,0.0,0.0,4.6,277,42,35,787,400.0,5047
16229,1.0,1.0,4.2,2619,42,20,514,1300.0,5047
16230,1.0,1.0,4.4,9085,41,22,1468,600.0,5047
16231,0.0,0.0,4.4,1227,41,13,399,800.0,5047
16232,1.0,0.0,4.4,364,43,13,493,500.0,5047
16233,0.0,0.0,4.2,1534,43,62,1245,600.0,5047
16234,0.0,0.0,4.4,177,42,17,467,600.0,5047
16235,1.0,0.0,4.5,835,42,30,773,400.0,5047
16236,1.0,0.0,4.5,2629,42,33,955,500.0,5047
16237,1.0,1.0,4.2,517,42,13,389,800.0,5047
16238,1.0,1.0,4.1,602,43,20,998,1100.0,5047
16239,1.0,1.0,4.3,343,41,62,790,450.0,5047
16240,1.0,0.0,4.1,61,42,30,792,450.0,5047
16241,1.0,0.0,4.3,191,41,0,181,400.0,5047
16242,1.0,0.0,4.2,1077,42,69,1121,400.0,5047
16243,1.0,0.0,4.5,349,42,33,776,300.0,5047
16244,1.0,0.0,4.6,158,42,29,930,500.0,2314
16245,0.0,0.0,3.9,124,41,0,181,500.0,5047
16246,0.0,0.0,4.3,450,42,30,958,400.0,5047
16247,1.0,0.0,4.2,196,43,30,792,400.0,5047
16248,1.0,0.0,4.1,141,42,13,452,1200.0,5047
16249,1.0,0.0,4.3,1902,42,30,767,400.0,5047
16250,1.0,1.0,4.0,151,39,20,706,1100.0,5047
16251,1.0,1.0,4.2,1706,42,13,459,650.0,5047
16252,0.0,0.0,4.5,499,43,30,789,500.0,5047
16253,0.0,0.0,4.1,723,41,31,769,300.0,5047
16254,1.0,0.0,3.9,231,42,30,956,500.0,5047
16255,1.0,0.0,4.2,180,42,30,773,350.0,5047
16256,1.0,0.0,4.8,193,42,30,767,400.0,5047
16257,1.0,0.0,4.1,191,41,30,767,300.0,5047
16258,1.0,0.0,4.1,240,42,9,215,400.0,5047
16259,1.0,0.0,4.3,68,42,30,1676,250.0,5047
16260,0.0,0.0,4.0,366,41,31,769,300.0,5047
16261,1.0,0.0,4.2,341,42,30,773,500.0,5047
16262,1.0,0.0,4.4,149,42,72,214,350.0,5047
16263,1.0,0.0,4.1,211,42,9,221,200.0,5047
16264,1.0,0.0,3.9,128,42,30,956,200.0,5047
16265,1.0,0.0,3.8,123,42,0,181,400.0,5047
16266,1.0,0.0,4.2,53,42,30,773,400.0,5047
16267,1.0,0.0,4.0,152,42,12,219,350.0,5047
16268,1.0,0.0,3.9,110,42,30,950,200.0,5047
16269,0.0,0.0,3.9,44,42,9,224,200.0,5047
16270,1.0,0.0,4.2,350,41,30,767,300.0,5047
16271,0.0,0.0,4.1,445,41,30,180,400.0,5047
16272,0.0,0.0,3.8,35,42,0,187,400.0,5047
16273,0.0,0.0,3.8,290,45,33,784,500.0,5047
16274,1.0,0.0,3.4,99,45,0,181,400.0,5047
16275,0.0,0.0,3.7,73,43,70,1118,250.0,5047
16276,1.0,0.0,4.1,511,43,30,789,500.0,5047
16277,1.0,0.0,3.5,34,43,69,1117,250.0,5047
16278,1.0,1.0,4.3,104,45,13,389,700.0,5047
16279,1.0,0.0,4.0,275,40,13,332,500.0,5047
16280,0.0,0.0,2.7,53,41,3,191,600.0,5047
16281,0.0,0.0,4.1,147,42,30,949,200.0,5047
16282,1.0,0.0,4.3,169,41,30,773,450.0,5047
16283,0.0,0.0,4.0,40,43,30,787,300.0,5047
16284,0.0,0.0,3.8,38,42,30,952,400.0,5047
16285,0.0,0.0,4.0,157,43,30,767,300.0,5047
16286,1.0,0.0,3.8,75,40,69,1121,200.0,5047
16287,1.0,0.0,3.8,434,42,35,767,800.0,5047
16288,1.0,0.0,3.7,52,41,13,473,450.0,5047
16289,1.0,1.0,4.1,1855,38,13,343,600.0,5047
16290,1.0,0.0,4.1,208,0,70,1122,200.0,5047
16291,0.0,0.0,4.5,942,38,30,951,200.0,5047
16292,1.0,0.0,4.0,87,0,9,210,200.0,5047
16293,0.0,0.0,3.8,69,3,14,351,700.0,5047
16294,0.0,0.0,3.7,48,0,72,767,400.0,5047
16295,0.0,1.0,4.5,6385,44,5,1107,1600.0,5047
16296,0.0,1.0,4.8,516,42,61,728,2100.0,5047
16297,1.0,1.0,4.4,683,44,20,1381,1500.0,5047
16298,1.0,0.0,4.6,4714,44,46,32,1500.0,5047
16299,0.0,1.0,4.4,2391,44,21,1124,1100.0,5047
16300,1.0,1.0,4.4,459,44,21,1156,1500.0,5047
16301,1.0,0.0,4.3,3468,44,20,1156,600.0,5047
16302,1.0,1.0,4.5,727,44,20,1009,1500.0,5047
16303,1.0,1.0,4.2,1372,44,21,123,1400.0,23
16304,1.0,0.0,4.6,1027,44,17,431,550.0,5047
16305,1.0,1.0,4.0,797,44,20,1156,900.0,5047
16306,1.0,0.0,4.0,960,44,20,1669,500.0,5047
16307,1.0,0.0,4.1,306,44,13,414,600.0,5047
16308,1.0,0.0,4.1,516,44,20,562,750.0,5047
16309,0.0,1.0,4.1,455,44,20,1156,650.0,5047
16310,1.0,1.0,4.0,1394,44,20,674,1100.0,5047
16311,0.0,1.0,3.9,283,44,21,747,1000.0,5047
16312,1.0,0.0,3.9,454,44,20,197,600.0,5047
16313,1.0,0.0,3.5,889,44,20,1375,650.0,5047
16314,0.0,0.0,4.1,172,44,13,365,650.0,5047
16315,1.0,0.0,4.1,616,44,20,161,500.0,5047
16316,0.0,1.0,4.2,117,44,20,1425,800.0,5047
16317,0.0,1.0,4.3,108,44,20,1164,1000.0,5047
16318,0.0,0.0,3.9,144,44,20,272,750.0,5047
16319,0.0,0.0,4.1,324,44,13,342,700.0,5047
16320,0.0,0.0,4.0,138,44,20,1167,800.0,5047
16321,1.0,0.0,3.8,267,44,20,1154,650.0,5047
16322,1.0,0.0,3.7,707,44,20,1474,750.0,2341
16323,1.0,1.0,4.2,325,44,20,1205,800.0,5047
16324,1.0,0.0,2.7,249,44,20,1599,400.0,5047
16325,1.0,0.0,4.0,396,44,20,911,750.0,5047
16326,1.0,0.0,3.8,57,44,20,1531,700.0,5047
16327,1.0,0.0,3.4,34,44,20,1359,650.0,5047
16328,1.0,0.0,2.8,152,44,20,1206,700.0,1343
16329,1.0,0.0,3.2,73,44,13,332,650.0,793
16330,0.0,0.0,3.8,40,44,20,1561,500.0,5047
16331,1.0,0.0,3.8,214,44,20,1354,700.0,5047
16332,1.0,0.0,4.2,538,44,62,1669,450.0,5047
16333,1.0,0.0,3.8,53,44,62,917,350.0,3234
16334,1.0,0.0,4.4,384,44,62,1584,300.0,5047
16335,1.0,0.0,4.3,280,44,62,1156,450.0,3847
16336,1.0,0.0,3.9,1052,44,62,323,600.0,1475
16337,1.0,0.0,4.2,101,44,33,781,900.0,529
16338,0.0,0.0,3.9,140,44,68,1640,200.0,5047
16339,1.0,0.0,3.8,47,44,62,832,400.0,4936
16340,1.0,0.0,3.3,396,44,62,1156,400.0,5047
16341,0.0,0.0,3.1,117,44,62,235,200.0,5047
16342,1.0,0.0,3.9,357,44,62,826,500.0,5047
16343,1.0,0.0,3.8,41,44,62,235,200.0,5047
16344,1.0,0.0,3.9,654,44,62,322,450.0,2628
16345,1.0,0.0,3.9,554,44,62,818,600.0,4699
16346,1.0,0.0,3.9,85,44,62,1156,400.0,5047
16347,0.0,0.0,3.9,150,44,41,575,500.0,5047
16348,0.0,0.0,3.5,70,44,62,1648,200.0,5047
16349,0.0,0.0,3.7,73,44,62,1268,250.0,5047
16350,0.0,0.0,3.8,37,44,43,1042,400.0,5047
16351,1.0,0.0,3.6,90,44,62,826,500.0,1710
16352,0.0,0.0,2.8,64,44,62,1589,300.0,5047
16353,0.0,0.0,3.8,56,44,41,1526,400.0,5047
16354,0.0,0.0,3.6,68,44,41,1033,550.0,5047
16355,0.0,0.0,3.8,81,44,62,547,200.0,5047
16356,0.0,0.0,2.9,53,44,62,1070,300.0,5047
16357,1.0,0.0,3.8,102,44,62,1670,400.0,4994
16358,1.0,0.0,3.8,132,44,62,1497,300.0,5047
16359,0.0,0.0,2.9,189,44,41,604,600.0,5047
16360,0.0,1.0,4.7,10547,42,21,1323,1400.0,5047
16361,0.0,0.0,4.7,14726,42,16,338,900.0,5047
16362,1.0,1.0,4.3,582,43,54,743,2000.0,5047
16363,0.0,1.0,4.4,1592,42,54,1128,2000.0,5047
16364,0.0,1.0,4.5,3919,42,60,889,1000.0,5047
16365,1.0,1.0,4.5,3174,42,21,1233,1500.0,5047
16366,0.0,1.0,4.2,1768,42,20,637,1200.0,5047
16367,0.0,0.0,4.6,7137,41,13,335,600.0,5047
16368,1.0,1.0,4.5,3473,42,20,1400,1300.0,5047
16369,0.0,1.0,4.5,2597,42,5,724,1300.0,5047
16370,0.0,0.0,4.2,2377,42,57,886,1400.0,5047
16371,0.0,0.0,4.5,3854,42,13,469,800.0,5047
16372,0.0,1.0,4.3,224,41,21,755,1200.0,5047
16373,0.0,1.0,4.5,7870,41,61,17,1800.0,5047
16374,1.0,1.0,4.5,3996,42,25,713,1600.0,5047
16375,0.0,1.0,4.4,1582,42,20,1133,700.0,5047
16376,1.0,1.0,4.2,153,42,20,68,900.0,5047
16377,1.0,1.0,4.9,2254,42,21,134,1500.0,5047
16378,0.0,0.0,4.7,3220,42,16,522,750.0,5047
16379,1.0,1.0,4.2,2621,42,20,514,1300.0,5047
16380,0.0,1.0,4.7,4872,42,20,965,1500.0,5047
16381,0.0,1.0,4.7,4464,42,4,643,1000.0,5047
16382,0.0,1.0,4.4,377,40,18,334,1000.0,5047
16383,1.0,1.0,4.4,9085,41,22,1468,600.0,5047
16384,0.0,0.0,4.1,2738,42,13,400,1300.0,5047
16385,0.0,1.0,4.4,118,42,46,1471,1500.0,5047
16386,0.0,1.0,4.5,911,41,54,687,1400.0,5047
16387,0.0,1.0,4.6,5017,42,26,803,1800.0,5047
16388,0.0,1.0,4.5,2014,42,54,630,1400.0,5047
16389,1.0,0.0,4.4,7238,42,20,239,600.0,660
16390,1.0,1.0,4.4,3676,42,20,606,1400.0,3004
16391,1.0,1.0,4.4,2403,41,20,1083,1000.0,5047
16392,0.0,1.0,4.5,1250,41,53,35,1200.0,5047
16393,0.0,0.0,4.4,1228,41,13,399,800.0,5047
16394,0.0,1.0,4.5,580,43,4,901,1000.0,5047
16395,0.0,1.0,4.1,786,40,20,1375,1500.0,5047
16396,1.0,0.0,4.4,365,43,13,493,500.0,5047
16397,0.0,1.0,4.4,4096,41,5,126,1200.0,5047
16398,1.0,0.0,4.0,79,45,13,382,400.0,1766
16399,0.0,1.0,4.1,1799,42,20,14,1000.0,5047
16400,0.0,1.0,4.0,2164,42,46,627,1000.0,5047
16401,0.0,1.0,4.2,1746,41,57,539,1400.0,5047
16402,0.0,0.0,4.4,177,42,17,467,600.0,5047
16403,0.0,1.0,4.5,697,42,20,603,1400.0,5047
16404,0.0,0.0,4.3,2308,42,20,65,800.0,5047
16405,1.0,1.0,4.3,2584,42,4,688,1200.0,5047
16406,1.0,1.0,4.5,272,41,20,1008,1300.0,5047
16407,1.0,1.0,4.3,524,43,20,23,2500.0,5047
16408,1.0,0.0,4.3,2874,42,13,337,600.0,1750
16409,1.0,1.0,4.2,1181,41,57,883,1300.0,1383
16410,1.0,1.0,4.4,1856,43,20,521,1100.0,4136
16411,0.0,0.0,4.1,1698,42,20,1196,1200.0,5047
16412,0.0,0.0,3.8,1162,42,20,50,650.0,5047
16413,1.0,0.0,4.3,1594,42,20,152,550.0,4841
16414,1.0,1.0,4.1,1251,42,20,1375,600.0,2795
16415,0.0,0.0,3.8,4660,43,50,1304,2000.0,5047
16416,1.0,1.0,4.0,1880,43,20,1156,600.0,4101
16417,0.0,1.0,4.3,2254,42,20,609,1100.0,5047
16418,1.0,1.0,4.3,554,42,26,1265,1000.0,3046
16419,0.0,1.0,4.3,1475,42,13,406,800.0,5047
16420,1.0,1.0,4.4,193,40,13,332,1000.0,4690
16421,0.0,0.0,4.0,1161,41,20,517,650.0,5047
16422,1.0,1.0,4.3,1810,42,22,660,900.0,4532
16423,0.0,0.0,4.1,315,41,13,383,600.0,5047
16424,0.0,0.0,4.1,442,42,20,1209,500.0,5047
16425,1.0,1.0,4.4,389,42,21,1108,1500.0,5047
16426,1.0,1.0,4.2,1629,41,20,1512,1500.0,3224
16427,1.0,1.0,4.4,214,42,13,500,800.0,616
16428,0.0,0.0,4.5,740,42,20,1109,1200.0,5047
16429,1.0,0.0,4.4,951,42,13,435,900.0,4070
16430,1.0,1.0,4.2,520,42,13,389,800.0,5047
16431,1.0,1.0,4.4,470,41,13,403,800.0,5047
16432,1.0,1.0,4.1,678,40,20,605,900.0,5047
16433,1.0,1.0,4.1,602,43,20,998,1100.0,1601
16434,1.0,0.0,4.3,345,42,20,555,800.0,5047
16435,0.0,1.0,4.5,556,42,13,412,900.0,5047
16436,1.0,0.0,4.1,845,43,20,1534,700.0,1402
16437,1.0,1.0,4.2,768,41,20,1272,1700.0,3605
16438,0.0,1.0,4.3,170,41,20,526,800.0,5047
16439,1.0,0.0,4.2,823,43,20,1156,1000.0,2366
16440,1.0,0.0,4.2,533,42,20,600,600.0,4878
16441,1.0,0.0,4.1,1574,42,20,109,750.0,3350
16442,0.0,0.0,4.3,295,41,13,473,850.0,5047
16443,1.0,1.0,4.1,261,41,20,1149,750.0,3305
16444,1.0,1.0,4.1,1798,42,57,881,1200.0,1516
16445,0.0,1.0,4.1,822,41,21,50,800.0,5047
16446,1.0,1.0,4.4,1811,41,20,1678,1000.0,1470
16447,1.0,0.0,4.1,992,43,13,404,600.0,1539
16448,0.0,1.0,4.1,759,40,4,1196,1200.0,5047
16449,1.0,1.0,4.0,1519,40,13,383,900.0,4792
16450,1.0,1.0,4.2,2717,40,13,404,1000.0,2992
16451,1.0,0.0,4.1,1962,43,20,201,650.0,3417
16452,1.0,0.0,3.9,1143,42,20,1352,500.0,2360
16453,1.0,0.0,4.1,1118,42,20,289,750.0,4395
16454,1.0,0.0,4.0,314,42,20,610,800.0,4964
16455,1.0,0.0,4.2,170,41,13,427,700.0,2650
16456,1.0,1.0,3.9,484,42,20,1427,700.0,3342
16457,0.0,1.0,4.4,331,42,20,1067,1200.0,5047
16458,0.0,1.0,4.2,817,43,13,397,800.0,5047
16459,1.0,1.0,4.2,877,42,13,339,600.0,964
16460,1.0,1.0,4.0,1243,41,13,332,700.0,3513
16461,1.0,0.0,4.2,1066,42,13,394,800.0,3199
16462,0.0,0.0,4.1,679,42,20,1589,650.0,5047
16463,1.0,1.0,4.1,226,42,20,1239,600.0,2220
16464,1.0,0.0,4.1,895,40,13,395,800.0,4656
16465,0.0,0.0,4.1,2451,43,13,371,700.0,5047
16466,1.0,0.0,4.0,788,42,20,238,800.0,4704
16467,0.0,0.0,4.0,1408,43,60,633,1000.0,5047
16468,1.0,0.0,3.9,784,42,20,236,750.0,4611
16469,1.0,0.0,3.9,475,43,20,1459,600.0,426
16470,1.0,0.0,4.1,141,42,13,452,1200.0,5047
16471,1.0,0.0,3.8,661,42,20,618,500.0,1807
16472,0.0,1.0,4.1,1244,42,49,632,1500.0,5047
16473,1.0,1.0,3.7,291,41,20,69,750.0,1051
16474,1.0,1.0,4.0,151,39,20,706,1100.0,1878
16475,1.0,1.0,4.1,402,42,15,422,1200.0,1385
16476,0.0,1.0,3.8,155,42,58,902,1000.0,5047
16477,1.0,1.0,4.4,348,42,21,541,1000.0,401
16478,1.0,1.0,4.2,1708,42,13,459,650.0,1348
16479,1.0,1.0,4.2,350,42,20,1156,700.0,3528
16480,1.0,0.0,3.6,76,41,20,700,750.0,3475
16481,1.0,0.0,4.1,87,43,13,427,700.0,374
16482,1.0,1.0,3.9,599,41,4,899,1200.0,953
16483,1.0,1.0,4.0,238,42,20,1141,800.0,4277
16484,1.0,0.0,3.7,483,41,20,761,800.0,1344
16485,0.0,1.0,3.9,599,42,60,723,1300.0,5047
16486,1.0,1.0,4.0,281,41,21,801,1500.0,1786
16487,1.0,0.0,4.3,481,42,13,512,450.0,547
16488,1.0,0.0,3.8,474,42,20,1597,500.0,3154
16489,1.0,0.0,3.8,66,42,20,98,800.0,4603
16490,0.0,0.0,4.2,226,39,13,506,200.0,5047
16491,1.0,0.0,3.9,823,42,20,558,750.0,1274
16492,0.0,0.0,4.1,100,41,20,13,600.0,5047
16493,1.0,0.0,3.9,457,43,20,521,1000.0,3055
16494,0.0,0.0,4.2,272,43,60,748,1400.0,5047
16495,0.0,1.0,3.9,1390,42,46,718,1400.0,5047
16496,1.0,1.0,4.2,295,42,20,1532,800.0,1437
16497,1.0,1.0,3.9,158,41,20,665,1000.0,3388
16498,1.0,0.0,3.7,259,42,20,1139,750.0,1221
16499,1.0,0.0,4.0,783,43,20,1005,750.0,2752
16500,1.0,0.0,4.0,66,41,16,462,700.0,4746
16501,1.0,0.0,4.1,1004,42,20,1388,700.0,269
16502,1.0,0.0,4.0,72,43,20,1090,1000.0,1167
16503,1.0,0.0,3.1,911,42,20,1381,600.0,1423
16504,1.0,0.0,4.1,237,42,62,1327,500.0,3939
16505,0.0,0.0,4.0,293,43,12,1653,250.0,5047
16506,1.0,0.0,4.1,96,42,13,383,600.0,3101
16507,1.0,0.0,4.1,61,39,13,451,600.0,4467
16508,1.0,0.0,3.6,74,42,20,197,700.0,4193
16509,0.0,1.0,4.1,357,40,37,802,2000.0,5047
16510,0.0,0.0,3.8,47,42,13,455,600.0,5047
16511,0.0,0.0,4.1,183,42,51,1156,150.0,5047
16512,0.0,0.0,3.9,220,41,62,1156,250.0,5047
16513,1.0,0.0,3.6,165,40,20,1196,500.0,4627
16514,1.0,0.0,3.8,149,42,20,277,600.0,4969
16515,1.0,0.0,4.0,202,42,13,406,800.0,5047
16516,0.0,0.0,3.8,109,41,4,878,1500.0,5047
16517,1.0,0.0,4.0,152,42,12,219,350.0,5047
16518,0.0,0.0,3.8,38,43,20,1450,900.0,5047
16519,1.0,0.0,3.6,383,42,20,1037,600.0,2843
16520,1.0,0.0,3.8,172,42,20,1423,550.0,2781
16521,0.0,0.0,4.0,1209,41,13,408,650.0,5047
16522,0.0,0.0,3.8,674,43,57,31,1700.0,5047
16523,1.0,0.0,3.9,293,43,45,1644,250.0,4115
16524,1.0,0.0,4.2,414,42,13,429,700.0,5047
16525,1.0,1.0,3.7,114,42,20,1196,900.0,4289
16526,0.0,0.0,3.7,73,43,70,1118,250.0,5047
16527,1.0,0.0,3.8,222,18,20,558,600.0,3403
16528,1.0,0.0,3.5,74,43,20,1028,600.0,5047
16529,1.0,0.0,3.6,243,42,20,1412,1000.0,1200
16530,1.0,0.0,3.8,214,43,20,1111,700.0,4233
16531,1.0,0.0,3.6,242,43,20,1522,800.0,5047
16532,0.0,0.0,2.5,547,41,20,1156,450.0,5047
16533,1.0,0.0,3.1,121,43,20,1196,500.0,1916
16534,1.0,1.0,4.1,221,41,20,1156,1000.0,557
16535,0.0,1.0,3.8,170,41,4,1587,1300.0,5047
16536,1.0,0.0,4.1,508,43,13,381,600.0,5047
16537,0.0,0.0,4.0,58,42,20,1666,500.0,5047
16538,1.0,0.0,3.5,34,43,69,1117,250.0,2921
16539,1.0,1.0,4.3,105,45,13,389,700.0,5047
16540,1.0,0.0,3.6,207,42,20,1050,500.0,5047
16541,1.0,0.0,4.0,277,40,13,332,500.0,149
16542,0.0,0.0,4.4,154,42,13,383,800.0,5047
16543,0.0,1.0,3.5,32,42,20,1196,1000.0,5047
16544,1.0,0.0,3.9,626,42,20,560,600.0,1282
16545,0.0,0.0,2.9,291,41,20,1597,250.0,5047
16546,1.0,0.0,3.7,47,43,20,1207,800.0,5047
16547,0.0,0.0,3.8,152,43,60,37,1500.0,5047
16548,0.0,0.0,2.7,47,41,20,1156,800.0,5047
16549,0.0,0.0,2.8,227,43,13,332,450.0,5047
16550,1.0,1.0,3.7,1015,43,4,663,1300.0,3266
16551,1.0,0.0,3.9,523,41,20,609,500.0,4778
16552,0.0,0.0,3.6,54,43,62,1280,400.0,5047
16553,0.0,0.0,2.7,61,43,62,89,500.0,5047
16554,0.0,1.0,3.7,81,43,46,878,1200.0,5047
16555,1.0,0.0,3.8,327,43,20,43,500.0,1065
16556,1.0,0.0,3.4,357,18,62,1156,350.0,655
16557,1.0,0.0,3.7,52,41,13,473,450.0,3086
16558,1.0,0.0,4.1,1964,43,62,1110,600.0,4788
16559,1.0,0.0,4.3,3624,43,62,1635,400.0,2959
16560,0.0,0.0,4.2,1536,43,62,1245,600.0,5047
16561,0.0,0.0,4.2,94,43,62,1156,400.0,5047
16562,0.0,0.0,4.1,1229,42,62,1112,400.0,5047
16563,1.0,0.0,4.4,2634,42,33,955,500.0,721
16564,1.0,0.0,4.1,509,41,62,1003,600.0,4853
16565,1.0,0.0,4.2,973,42,62,1547,200.0,5047
16566,1.0,0.0,3.9,28,42,62,559,200.0,3241
16567,1.0,1.0,4.3,343,41,62,790,450.0,4036
16568,1.0,0.0,4.3,656,43,62,1547,250.0,358
16569,0.0,0.0,4.3,996,42,62,617,350.0,5047
16570,1.0,0.0,4.3,194,43,62,1645,300.0,4174
16571,1.0,0.0,4.0,63,43,62,986,400.0,3102
16572,1.0,0.0,4.3,172,42,62,322,500.0,4232
16573,1.0,0.0,4.2,196,43,30,792,400.0,4005
16574,0.0,0.0,4.2,54,42,62,1547,200.0,5047
16575,1.0,0.0,4.3,247,42,62,1668,600.0,1147
16576,1.0,0.0,4.2,558,42,62,1672,400.0,3768
16577,1.0,0.0,4.0,138,45,62,1609,250.0,2720
16578,0.0,0.0,3.8,468,43,62,1547,200.0,5047
16579,1.0,0.0,3.9,44,43,62,621,550.0,2533
16580,0.0,0.0,4.1,210,42,62,176,200.0,5047
16581,1.0,0.0,3.8,76,42,62,202,500.0,4259
16582,1.0,0.0,4.0,462,45,62,1190,500.0,4156
16583,1.0,0.0,4.0,567,43,62,1474,400.0,3140
16584,1.0,0.0,4.0,685,42,62,617,250.0,4266
16585,1.0,0.0,4.0,199,41,62,1156,500.0,5047
16586,1.0,0.0,4.2,166,42,62,817,300.0,861
16587,1.0,0.0,3.7,434,41,62,1423,400.0,2779
16588,1.0,0.0,3.9,49,41,62,1567,400.0,947
16589,1.0,0.0,3.7,219,42,67,1507,600.0,868
16590,1.0,0.0,3.9,503,43,62,1638,300.0,64
16591,1.0,0.0,3.9,76,40,62,1602,300.0,3563
16592,1.0,0.0,3.8,141,42,62,1591,200.0,137
16593,1.0,0.0,3.9,188,45,62,521,200.0,5047
16594,1.0,0.0,3.9,96,18,62,202,500.0,1900
16595,0.0,0.0,3.9,154,43,62,1451,200.0,5047
16596,1.0,0.0,3.9,34,18,62,1156,300.0,3545
16597,1.0,0.0,3.9,213,43,62,317,400.0,5047
16598,0.0,0.0,3.8,290,45,33,784,500.0,5047
16599,1.0,0.0,3.8,108,43,62,370,400.0,1090
16600,1.0,0.0,3.8,48,45,62,1196,300.0,69
16601,0.0,0.0,4.0,99,43,62,1630,200.0,5047
16602,1.0,0.0,4.1,322,43,62,1156,600.0,4378
16603,1.0,0.0,4.0,212,41,62,749,400.0,5047
16604,1.0,1.0,4.1,152,43,62,378,600.0,1485
16605,1.0,0.0,4.2,106,24,62,233,300.0,4875
16606,1.0,0.0,3.9,241,41,62,1476,600.0,3492
16607,0.0,0.0,4.0,203,43,43,198,350.0,5047
16608,1.0,0.0,3.9,64,42,62,1072,300.0,3716
16609,1.0,0.0,4.1,76,42,62,1517,450.0,5047
16610,1.0,0.0,3.6,72,43,62,1109,200.0,594
16611,0.0,0.0,2.7,53,41,3,191,600.0,5047
16612,0.0,0.0,3.8,89,42,62,1337,300.0,5047
16613,1.0,0.0,3.6,76,42,62,323,600.0,2162
16614,0.0,0.0,3.8,65,43,62,624,550.0,5047
16615,0.0,0.0,4.0,126,43,62,1515,300.0,5047
16616,1.0,0.0,4.1,205,42,62,817,250.0,5047
16617,1.0,0.0,3.8,434,42,35,767,800.0,5047
16618,1.0,0.0,3.8,103,43,62,1209,400.0,5047
16619,1.0,0.0,3.8,63,24,62,866,350.0,5047
16620,1.0,0.0,3.7,34,18,62,1156,200.0,757
16621,0.0,1.0,4.9,6490,0,20,813,1600.0,5047
16622,0.0,1.0,4.4,307,0,20,720,1300.0,5047
16623,1.0,1.0,4.6,1895,38,21,1430,1200.0,5047
16624,0.0,1.0,4.4,1178,0,21,1369,1100.0,5047
16625,1.0,1.0,4.5,823,0,20,716,800.0,5047
16626,1.0,1.0,4.1,1856,38,13,343,600.0,5047
16627,0.0,1.0,4.3,1559,38,57,898,1200.0,5047
16628,1.0,1.0,4.5,1883,0,13,394,900.0,5047
16629,1.0,0.0,4.2,3007,38,13,374,1000.0,5047
16630,0.0,0.0,4.0,339,30,20,1173,550.0,5047
16631,1.0,1.0,4.2,1544,0,20,1054,800.0,2389
16632,1.0,0.0,4.1,1298,0,20,105,900.0,3543
16633,1.0,0.0,4.0,579,38,20,208,600.0,857
16634,1.0,0.0,3.8,178,38,20,1335,800.0,5047
16635,0.0,0.0,3.9,207,0,20,260,600.0,5047
16636,1.0,0.0,3.9,468,0,20,112,700.0,4644
16637,0.0,0.0,4.4,320,0,51,1059,300.0,5047
16638,1.0,1.0,4.1,2732,0,20,296,800.0,4371
16639,1.0,0.0,4.1,779,38,13,383,700.0,5047
16640,1.0,0.0,3.7,42,0,62,856,400.0,979
16641,1.0,0.0,3.9,421,0,20,112,800.0,1870
16642,0.0,1.0,4.0,171,0,4,878,1100.0,5047
16643,1.0,0.0,4.0,457,38,20,1156,650.0,5047
16644,1.0,0.0,4.0,112,38,20,1156,500.0,5047
16645,1.0,0.0,3.9,99,0,62,967,1000.0,5047
16646,1.0,0.0,3.8,262,0,20,1196,550.0,1111
16647,1.0,0.0,3.9,328,3,20,1196,650.0,1799
16648,1.0,0.0,4.1,300,0,20,250,700.0,5047
16649,1.0,0.0,3.8,94,38,20,1253,600.0,1276
16650,1.0,0.0,3.8,94,38,62,217,250.0,1942
16651,0.0,0.0,3.8,158,22,47,694,1300.0,5047
16652,1.0,0.0,4.3,221,38,62,1075,300.0,5047
16653,1.0,0.0,3.8,232,30,20,68,600.0,5047
16654,1.0,0.0,3.9,332,38,20,604,600.0,5047
16655,0.0,0.0,3.9,234,47,5,996,1000.0,5047
16656,1.0,0.0,3.9,1190,0,62,1196,500.0,5047
16657,1.0,1.0,3.9,74,0,20,1277,900.0,5047
16658,1.0,0.0,4.0,103,0,20,558,600.0,4726
16659,1.0,0.0,3.8,273,0,20,1310,900.0,2290
16660,0.0,0.0,3.9,118,30,20,1185,800.0,5047
16661,1.0,0.0,4.2,472,0,62,1060,400.0,3698
16662,0.0,0.0,4.0,141,0,62,1038,200.0,5047
16663,1.0,0.0,3.8,73,0,20,1165,1000.0,3744
16664,1.0,0.0,3.6,386,0,62,241,400.0,2012
16665,1.0,0.0,3.9,215,0,20,1240,600.0,4522
16666,1.0,0.0,3.7,72,30,20,1209,450.0,2372
16667,1.0,0.0,3.6,221,0,20,286,600.0,4946
16668,1.0,0.0,3.6,71,0,62,1248,350.0,1185
16669,0.0,0.0,3.7,107,38,20,1212,500.0,5047
16670,0.0,1.0,4.0,137,85,4,899,1000.0,5047
16671,1.0,0.0,4.1,271,38,62,132,500.0,4505
16672,1.0,0.0,3.8,102,0,20,1589,350.0,2445
16673,1.0,0.0,3.9,67,30,62,817,200.0,1466
16674,1.0,0.0,4.0,115,0,62,591,400.0,158
16675,1.0,0.0,3.8,377,0,62,1357,500.0,1254
16676,1.0,0.0,3.8,38,38,20,1156,500.0,5047
16677,1.0,0.0,3.8,75,85,20,672,1000.0,3301
16678,0.0,0.0,3.8,69,3,14,351,700.0,5047
16679,1.0,0.0,4.0,76,38,62,1511,300.0,3075
16680,1.0,0.0,3.2,64,0,62,1268,250.0,4803
16681,1.0,0.0,3.8,885,0,62,1356,500.0,2131
16682,1.0,0.0,4.1,134,0,62,1156,150.0,5047
16683,1.0,0.0,3.5,743,0,20,47,600.0,1249
16684,0.0,0.0,2.9,84,0,20,1185,500.0,5047
16685,1.0,0.0,3.8,117,0,20,1185,600.0,5047
16686,1.0,0.0,3.5,323,38,62,1077,500.0,5047
16687,1.0,0.0,3.9,201,0,62,84,300.0,2757
16688,1.0,0.0,3.6,42,0,13,401,600.0,3473
16689,1.0,0.0,3.4,47,0,62,1636,200.0,5047
16690,1.0,0.0,3.7,67,0,62,1563,300.0,5047
16691,1.0,0.0,4.2,289,3,62,6,400.0,4033
16692,0.0,0.0,4.1,357,0,62,605,500.0,5047
16693,1.0,0.0,3.9,172,0,62,1612,300.0,3210
16694,0.0,0.0,3.7,127,0,62,1156,200.0,5047
16695,1.0,0.0,2.8,137,0,62,1451,300.0,254
16696,1.0,0.0,4.0,59,0,62,282,300.0,2392
16697,1.0,0.0,4.0,197,0,62,294,600.0,730
16698,1.0,0.0,2.7,74,0,20,565,600.0,4376
16699,1.0,0.0,3.1,140,0,20,1182,600.0,5047
16700,1.0,0.0,3.9,156,85,20,1196,450.0,4404
16701,1.0,0.0,3.9,100,30,62,1547,200.0,2685
16702,1.0,0.0,3.3,334,0,62,282,400.0,5047
16703,0.0,0.0,3.8,87,0,62,821,250.0,5047
16704,1.0,1.0,4.0,126,22,20,1390,900.0,5047
16705,0.0,0.0,4.0,374,0,20,1002,500.0,5047
16706,1.0,0.0,3.7,46,0,20,1196,600.0,5047
16707,1.0,0.0,2.8,102,3,62,1196,350.0,4916
16708,1.0,0.0,3.9,140,0,62,1327,300.0,5047
16709,1.0,0.0,3.9,75,3,62,1451,200.0,61
16710,1.0,0.0,3.7,95,38,62,1156,150.0,5047
16711,1.0,0.0,3.1,40,0,62,1196,250.0,5047
16712,0.0,0.0,4.0,115,0,20,762,1000.0,5047
16713,1.0,0.0,3.6,82,38,62,1505,400.0,5047
16714,1.0,0.0,3.7,62,0,62,831,350.0,4242
16715,0.0,0.0,3.1,53,0,20,1251,600.0,5047
16716,0.0,0.0,3.7,46,38,13,383,600.0,5047
16717,0.0,0.0,3.6,61,0,13,332,500.0,5047
16718,1.0,0.0,3.8,76,30,62,1046,300.0,724
16719,1.0,0.0,3.8,186,0,62,858,400.0,1138
16720,0.0,0.0,3.7,50,85,62,1547,150.0,5047
16721,0.0,0.0,3.0,67,0,62,1589,300.0,5047
16722,0.0,0.0,2.4,221,0,62,1156,550.0,5047
16723,0.0,0.0,4.0,40,0,9,210,400.0,5047
16724,0.0,0.0,3.6,47,38,62,1587,300.0,5047
16725,0.0,0.0,3.5,56,3,62,1587,400.0,5047
16726,0.0,0.0,3.5,43,0,62,1287,400.0,5047
16727,0.0,0.0,3.6,34,0,62,1002,650.0,5047
16728,0.0,0.0,3.7,113,0,20,550,500.0,5047
16729,1.0,0.0,3.4,155,0,62,1046,400.0,1354
16730,1.0,0.0,3.9,68,0,62,235,700.0,1835
16731,1.0,0.0,3.7,181,0,62,1196,400.0,5047
16732,1.0,0.0,3.8,230,38,13,394,600.0,4017
16733,0.0,0.0,3.8,63,0,13,332,500.0,5047
16734,1.0,0.0,3.4,257,38,62,266,250.0,2011
16735,1.0,0.0,2.9,67,0,20,1459,200.0,1851
16736,1.0,0.0,3.9,52,0,62,1589,300.0,5047
16737,0.0,1.0,4.5,3919,42,60,889,1000.0,5047
16738,0.0,1.0,4.4,1592,42,54,1128,2000.0,5047
16739,0.0,1.0,4.8,516,42,61,728,2100.0,5047
16740,1.0,0.0,4.6,4714,44,46,32,1500.0,1533
16741,0.0,1.0,4.4,2391,44,21,1124,1100.0,5047
16742,0.0,1.0,4.5,6385,44,5,1107,1600.0,5047
16743,1.0,1.0,4.2,1372,44,21,123,1400.0,24
16744,1.0,1.0,4.3,582,43,54,743,2000.0,5047
16745,0.0,1.0,4.5,7870,41,61,17,1800.0,5047
16746,0.0,1.0,4.3,224,41,21,755,1200.0,5047
16747,1.0,1.0,4.5,3996,42,25,713,1600.0,494
16748,0.0,1.0,4.7,4464,42,4,643,1000.0,5047
16749,0.0,1.0,4.4,377,40,18,334,1000.0,5047
16750,0.0,1.0,4.4,118,42,46,1471,1500.0,5047
16751,0.0,1.0,4.5,911,41,54,687,1400.0,5047
16752,0.0,1.0,4.6,5017,42,26,803,1800.0,5047
16753,0.0,1.0,4.5,2014,42,54,630,1400.0,5047
16754,0.0,1.0,4.5,1250,41,53,35,1200.0,5047
16755,0.0,1.0,4.5,580,43,4,901,1000.0,5047
16756,0.0,1.0,4.4,4096,41,5,126,1200.0,5047
16757,0.0,1.0,4.0,2164,42,46,627,1000.0,5047
16758,0.0,1.0,4.2,1746,41,57,539,1400.0,5047
16759,1.0,1.0,4.3,2584,42,4,688,1200.0,4821
16760,1.0,1.0,4.2,1181,41,57,883,1300.0,1383
16761,0.0,1.0,4.1,94,41,58,691,1100.0,5047
16762,0.0,0.0,3.8,4660,43,50,1304,2000.0,5047
16763,1.0,1.0,4.1,1798,42,57,881,1200.0,1516
16764,0.0,1.0,4.1,759,40,4,1196,1200.0,5047
16765,0.0,0.0,4.0,1408,43,60,633,1000.0,5047
16766,0.0,1.0,4.1,1244,42,49,632,1500.0,5047
16767,0.0,1.0,3.8,155,42,58,902,1000.0,5047
16768,1.0,1.0,4.4,348,42,21,541,1000.0,401
16769,1.0,1.0,3.9,599,41,4,899,1200.0,953
16770,1.0,1.0,4.0,281,41,21,801,1500.0,1786
16771,0.0,1.0,3.9,599,42,60,723,1300.0,5047
16772,0.0,0.0,4.2,272,43,60,748,1400.0,5047
16773,0.0,1.0,3.9,1390,42,46,718,1400.0,5047
16774,0.0,0.0,3.8,109,41,4,878,1500.0,5047
16775,0.0,0.0,3.8,674,43,57,31,1700.0,5047
16776,0.0,1.0,3.8,170,41,4,1587,1300.0,5047
16777,0.0,0.0,3.8,152,43,60,37,1500.0,5047
16778,1.0,1.0,3.7,1015,43,4,663,1300.0,3266
16779,0.0,1.0,3.7,81,43,46,878,1200.0,5047
16780,0.0,1.0,4.4,1178,0,21,1369,1100.0,5047
16781,0.0,1.0,4.3,1559,38,57,898,1200.0,5047
16782,0.0,1.0,4.0,171,0,4,878,1100.0,5047
16783,0.0,0.0,3.9,234,47,5,996,1000.0,5047
16784,0.0,1.0,4.0,137,85,4,899,1000.0,5047
16785,0.0,1.0,4.5,6384,44,5,1107,1600.0,5047
16786,0.0,1.0,4.4,2400,44,21,1124,1100.0,5047
16787,0.0,1.0,4.5,3923,42,60,889,1000.0,5047
16788,1.0,1.0,4.4,461,44,21,1156,1500.0,3308
16789,1.0,1.0,4.2,1372,44,21,123,1400.0,22
16790,0.0,1.0,3.9,283,44,21,747,1000.0,5047
16791,0.0,1.0,4.7,10550,42,21,1323,1400.0,5047
16792,1.0,1.0,4.5,3177,42,21,1233,1500.0,1572
16793,0.0,1.0,4.8,524,42,61,728,2100.0,5047
16794,0.0,1.0,4.5,2601,42,5,724,1300.0,5047
16795,0.0,0.0,4.2,2380,42,57,886,1400.0,5047
16796,0.0,1.0,4.5,7871,41,61,17,1800.0,5047
16797,0.0,1.0,4.3,226,41,21,755,1200.0,5047
16798,1.0,1.0,4.9,2256,42,21,134,1500.0,4957
16799,0.0,1.0,4.7,4470,42,4,643,1000.0,5047
16800,0.0,1.0,4.6,5024,42,26,803,1800.0,5047
16801,0.0,1.0,4.5,1251,41,53,35,1200.0,5047
16802,0.0,1.0,4.5,582,43,4,901,1000.0,5047
16803,0.0,1.0,4.4,4096,41,5,126,1200.0,5047
16804,0.0,1.0,4.2,1746,41,57,539,1400.0,5047
16805,1.0,1.0,4.2,2589,42,4,688,1200.0,4818
16806,1.0,1.0,4.2,1181,41,57,883,1300.0,1383
16807,0.0,1.0,4.2,96,41,58,691,1100.0,5047
16808,1.0,1.0,4.3,553,42,26,1265,1000.0,3045
16809,1.0,1.0,4.4,391,42,21,1108,1500.0,1730
16810,0.0,1.0,4.1,822,41,21,50,800.0,5047
16811,1.0,1.0,4.1,1798,42,57,881,1200.0,2234
16812,0.0,1.0,4.1,760,40,4,1196,1200.0,5047
16813,0.0,0.0,4.0,1408,43,60,633,1000.0,5047
16814,1.0,1.0,4.1,403,42,15,422,1200.0,1384
16815,0.0,1.0,3.8,157,42,58,902,1000.0,5047
16816,1.0,1.0,4.4,348,42,21,541,1000.0,4251
16817,1.0,1.0,3.9,599,41,4,899,1200.0,953
16818,1.0,1.0,4.0,281,41,21,801,1500.0,1786
16819,0.0,1.0,3.9,600,42,60,723,1300.0,5047
16820,0.0,0.0,4.2,272,43,60,748,1400.0,5047
16821,0.0,0.0,3.9,109,41,4,878,1500.0,5047
16822,0.0,0.0,3.8,674,43,57,31,1800.0,5047
16823,0.0,1.0,3.8,170,41,4,1587,1300.0,5047
16824,0.0,0.0,3.8,152,43,60,37,1500.0,5047
16825,1.0,1.0,3.7,1016,43,4,663,1300.0,3266
16826,1.0,1.0,4.6,1897,38,21,1430,1200.0,4425
16827,0.0,1.0,4.4,1181,0,21,1369,1100.0,5047
16828,0.0,1.0,4.3,1559,38,57,898,1200.0,5047
16829,0.0,1.0,4.0,171,0,4,878,1100.0,5047
16830,0.0,0.0,3.8,158,22,47,694,1300.0,5047
16831,0.0,0.0,3.9,234,47,5,996,1000.0,5047
16832,0.0,1.0,4.0,137,85,4,899,1000.0,5047
16833,0.0,1.0,3.8,110,61,20,1570,1600.0,5047
16834,0.0,1.0,4.4,2133,48,37,1314,2200.0,5047
16835,1.0,1.0,3.8,203,66,20,1258,1200.0,412
16836,1.0,1.0,4.3,771,48,20,1494,1400.0,3035
16837,0.0,1.0,4.2,337,48,21,1375,1000.0,5047
16838,0.0,0.0,4.3,461,48,25,173,1500.0,5047
16839,1.0,1.0,4.3,1053,48,20,981,1600.0,4155
16840,0.0,0.0,3.1,122,48,21,1304,1200.0,5047
16841,0.0,1.0,4.6,2211,66,20,1103,1800.0,5047
16842,1.0,1.0,4.2,4748,12,20,1206,1500.0,4693
16843,1.0,1.0,4.3,3150,49,20,1416,1500.0,4493
16844,1.0,1.0,3.9,1937,49,20,1663,2100.0,807
16845,0.0,0.0,4.6,986,49,37,1654,3000.0,5047
16846,1.0,1.0,4.5,1122,12,21,208,1200.0,5047
16847,1.0,1.0,4.5,1418,12,21,521,1700.0,5047
16848,1.0,0.0,4.0,3232,12,20,1402,750.0,5047
16849,0.0,0.0,4.3,696,49,37,812,3000.0,5047
16850,0.0,1.0,3.8,51,49,20,167,1500.0,5047
16851,0.0,0.0,4.1,1014,65,20,1231,500.0,5047
16852,0.0,1.0,4.1,342,61,37,999,2500.0,5047
16853,1.0,0.0,4.0,55,8,20,1019,1500.0,5047
16854,0.0,1.0,4.3,619,65,37,1326,3400.0,5047
16855,0.0,0.0,4.0,53,66,37,143,2000.0,5047
16856,0.0,1.0,4.3,330,66,20,1279,1200.0,5047
16857,0.0,1.0,4.0,930,8,20,1491,800.0,5047
16858,1.0,0.0,4.0,166,66,21,1156,1700.0,2743
16859,1.0,1.0,4.3,564,73,20,570,1200.0,3610
16860,0.0,1.0,3.9,312,65,37,1347,2000.0,5047
16861,1.0,1.0,4.0,188,74,21,1361,1300.0,4103
16862,1.0,0.0,3.9,158,27,20,608,1300.0,4175
16863,1.0,1.0,3.8,200,49,20,982,1600.0,5047
16864,0.0,1.0,4.1,274,49,37,994,3000.0,5047
16865,1.0,0.0,4.1,118,66,20,640,1000.0,4471
16866,0.0,0.0,2.8,254,27,20,1196,1000.0,5047
16867,0.0,0.0,2.8,132,8,20,1440,650.0,5047
16868,0.0,0.0,3.9,90,76,20,1393,1400.0,5047
16869,0.0,1.0,4.0,102,65,20,1156,1900.0,5047
16870,0.0,0.0,3.0,108,49,20,1304,800.0,5047
16871,0.0,0.0,3.7,145,66,22,571,1000.0,5047
16872,0.0,1.0,3.9,105,8,20,585,1000.0,5047
16873,0.0,0.0,3.8,67,66,20,1547,500.0,5047
16874,0.0,0.0,3.8,51,66,20,1314,1200.0,5047
16875,0.0,0.0,2.3,116,66,20,602,650.0,5047
16876,0.0,1.0,4.3,162,78,37,18,2800.0,5047
16877,0.0,1.0,4.4,1082,78,20,1325,1600.0,5047
16878,0.0,1.0,4.1,309,70,37,1317,4100.0,5047
16879,0.0,1.0,4.3,429,81,38,1346,3400.0,5047
16880,0.0,1.0,4.1,327,15,46,1397,1300.0,5047
16881,1.0,1.0,4.2,476,15,20,1272,1700.0,1299
16882,1.0,1.0,3.8,91,15,20,1429,1800.0,1570
16883,0.0,1.0,3.9,158,15,20,1446,1100.0,5047
16884,0.0,0.0,3.8,88,51,20,1442,750.0,5047
16885,1.0,1.0,4.2,2720,49,13,406,1200.0,5047
16886,1.0,1.0,4.3,968,12,13,385,750.0,5047
16887,1.0,0.0,4.4,1106,48,1,179,600.0,5047
16888,0.0,0.0,4.3,526,48,1,1504,1400.0,5047
16889,0.0,0.0,4.1,388,48,13,332,1100.0,5047
16890,0.0,1.0,3.7,93,48,14,353,1000.0,5047
16891,0.0,0.0,4.1,104,48,19,471,1200.0,5047
16892,0.0,0.0,4.6,2289,12,13,495,1100.0,5047
16893,1.0,1.0,4.2,2854,65,22,1010,800.0,5047
16894,0.0,0.0,4.5,3589,76,13,338,900.0,5047
16895,1.0,1.0,4.4,721,49,22,8,1700.0,5047
16896,0.0,1.0,4.1,1730,12,13,386,1000.0,5047
16897,0.0,0.0,4.4,2645,12,13,332,600.0,5047
16898,0.0,1.0,4.1,568,49,22,1349,2500.0,5047
16899,1.0,0.0,4.2,3569,12,13,459,650.0,5047
16900,0.0,0.0,4.3,72,65,13,480,400.0,5047
16901,0.0,0.0,4.3,792,12,16,453,900.0,5047
16902,1.0,0.0,4.1,117,66,13,169,700.0,5047
16903,0.0,0.0,4.0,1460,49,33,788,450.0,5047
16904,1.0,0.0,4.1,481,12,13,345,700.0,5047
16905,1.0,0.0,4.3,1135,27,13,438,800.0,5047
16906,0.0,1.0,3.9,300,73,13,455,750.0,5047
16907,1.0,0.0,3.6,96,27,16,373,650.0,5047
16908,1.0,0.0,4.1,118,49,14,350,500.0,5047
16909,0.0,0.0,4.2,620,8,13,369,500.0,5047
16910,1.0,0.0,3.9,87,65,35,774,400.0,5047
16911,1.0,0.0,3.8,75,8,13,343,650.0,5047
16912,1.0,0.0,3.8,68,12,10,511,500.0,5047
16913,1.0,0.0,3.4,122,65,13,362,600.0,5047
16914,0.0,1.0,3.9,316,49,13,404,800.0,5047
16915,0.0,0.0,3.7,145,66,22,571,1000.0,5047
16916,0.0,0.0,3.9,74,76,13,376,500.0,5047
16917,1.0,0.0,3.8,261,49,13,332,700.0,5047
16918,0.0,0.0,3.6,104,8,13,404,800.0,5047
16919,1.0,0.0,4.1,129,49,22,658,900.0,5047
16920,0.0,0.0,3.6,46,8,13,332,350.0,5047
16921,1.0,1.0,4.7,4811,15,59,1458,1300.0,5047
16922,0.0,0.0,4.0,31,81,17,429,1100.0,5047
16923,1.0,0.0,4.3,657,15,17,427,750.0,5047
16924,0.0,0.0,4.3,164,78,13,499,750.0,5047
16925,1.0,0.0,4.1,159,81,13,455,300.0,5047
16926,1.0,1.0,4.3,864,15,22,659,1000.0,5047
16927,1.0,0.0,4.2,744,15,13,406,750.0,5047
16928,0.0,0.0,4.2,116,78,22,1074,1000.0,5047
16929,1.0,0.0,4.1,257,81,13,402,500.0,5047
16930,0.0,0.0,4.0,44,81,13,487,1100.0,5047
16931,0.0,0.0,3.8,99,78,13,420,600.0,5047
16932,0.0,0.0,3.8,56,81,13,332,2000.0,5047
16933,1.0,0.0,4.5,869,26,29,930,500.0,5047
16934,1.0,0.0,4.3,288,76,62,322,500.0,5047
16935,1.0,0.0,3.6,382,11,29,923,450.0,5047
16936,1.0,0.0,4.4,402,72,30,956,400.0,5047
16937,1.0,0.0,4.2,69,4,62,1510,500.0,5047
16938,1.0,0.0,4.1,240,4,62,1628,200.0,5047
16939,1.0,0.0,4.0,1084,8,66,782,550.0,5047
16940,1.0,0.0,3.8,93,20,62,1497,300.0,5047
16941,1.0,0.0,3.7,592,72,62,875,250.0,5047
16942,1.0,0.0,4.3,294,65,72,1392,500.0,5047
16943,1.0,0.0,4.2,382,78,13,1478,500.0,5047
16944,1.0,0.0,3.4,357,18,62,1156,350.0,5047
16945,1.0,0.0,4.2,3569,12,13,459,650.0,5047
16946,1.0,0.0,3.3,262,73,20,1196,500.0,5047
16947,1.0,0.0,3.4,83,81,72,1156,200.0,5047
16948,1.0,0.0,4.0,3236,12,20,1402,750.0,5047
16949,1.0,0.0,4.0,114,65,29,235,650.0,5047
16950,1.0,0.0,3.8,235,73,62,1474,750.0,5047
16951,1.0,0.0,3.8,71,4,30,792,400.0,5047
16952,1.0,0.0,3.6,209,15,62,322,400.0,5047
16953,1.0,0.0,3.9,376,49,70,1121,200.0,5047
16954,1.0,0.0,3.8,99,81,29,1465,800.0,5047
16955,1.0,0.0,4.0,152,72,20,1156,600.0,5047
16956,1.0,0.0,4.0,629,61,35,777,450.0,5047
16957,1.0,0.0,4.9,1749,8,30,767,400.0,5047
16958,1.0,1.0,3.8,195,76,20,274,800.0,5047
16959,1.0,0.0,4.1,206,78,62,1594,250.0,5047
16960,1.0,0.0,4.1,166,4,62,684,500.0,5047
16961,1.0,0.0,3.9,107,81,29,1190,500.0,5047
16962,1.0,0.0,3.9,653,14,62,323,600.0,5047
16963,1.0,1.0,3.2,60,76,62,856,400.0,5047
16964,1.0,0.0,4.2,740,72,62,865,250.0,5047
16965,1.0,0.0,4.3,150,78,20,294,650.0,5047
16966,1.0,1.0,4.4,3702,48,23,1464,1300.0,5047
16967,1.0,0.0,4.6,2513,48,20,809,1600.0,5047
16968,1.0,1.0,4.2,2720,49,13,406,1200.0,5047
16969,1.0,0.0,3.8,68,12,10,511,500.0,5047
16970,1.0,0.0,4.0,47,66,30,773,300.0,5047
16971,1.0,0.0,4.5,221,8,41,773,450.0,5047
16972,1.0,0.0,4.0,177,78,20,236,750.0,5047
16973,1.0,1.0,4.7,4811,15,59,1458,1300.0,5047
16974,1.0,0.0,3.9,107,48,62,937,500.0,5047
16975,1.0,0.0,4.2,84,72,62,1628,150.0,5047
16976,1.0,0.0,3.9,105,30,62,817,200.0,5047
16977,1.0,0.0,3.0,165,12,62,825,350.0,5047
16978,1.0,0.0,4.4,1106,48,1,179,600.0,5047
16979,1.0,0.0,2.8,110,73,20,618,500.0,5047
16980,1.0,0.0,2.9,75,73,20,1156,500.0,5047
16981,1.0,1.0,4.3,2047,49,20,1627,1500.0,5047
16982,1.0,0.0,3.6,124,8,43,1670,400.0,5047
16983,1.0,0.0,3.9,87,65,35,774,400.0,5047
16984,1.0,0.0,3.9,272,49,12,1653,250.0,5047
16985,1.0,0.0,4.2,175,14,20,1151,800.0,5047
16986,1.0,0.0,3.7,43,61,20,602,900.0,5047
16987,1.0,1.0,4.2,404,8,5,892,1600.0,5047
16988,1.0,0.0,3.5,61,20,62,1002,300.0,5047
16989,1.0,0.0,4.1,54,65,20,931,550.0,5047
16990,1.0,1.0,4.5,1636,15,20,1008,1300.0,5047
16991,1.0,0.0,4.3,120,76,30,789,400.0,5047
16992,1.0,0.0,4.1,129,49,22,658,900.0,5047
16993,1.0,1.0,4.1,629,15,20,47,1100.0,5047
16994,1.0,0.0,3.9,103,8,70,1121,400.0,5047
16995,1.0,0.0,3.8,54,14,11,778,400.0,5047
16996,1.0,0.0,4.2,443,78,14,482,700.0,5047
16997,1.0,0.0,4.3,579,78,13,407,700.0,5047
16998,1.0,0.0,3.9,86,72,62,866,200.0,5047
16999,1.0,1.0,4.0,1024,8,20,1375,700.0,5047
17000,1.0,0.0,3.9,149,20,30,956,500.0,5047
17001,1.0,0.0,3.2,65,49,45,936,300.0,5047
17002,1.0,0.0,4.2,94,8,62,1561,300.0,5047
17003,1.0,0.0,3.8,62,76,20,1589,400.0,5047
17004,1.0,0.0,4.0,70,45,29,1113,600.0,5047
17005,1.0,0.0,3.9,113,73,62,861,250.0,5047
17006,1.0,0.0,4.1,79,14,64,864,350.0,5047
17007,1.0,0.0,3.9,111,72,30,779,400.0,5047
17008,1.0,0.0,3.8,122,49,62,1474,400.0,5047
17009,1.0,0.0,2.8,302,14,20,235,500.0,5047
17010,1.0,1.0,4.4,2239,48,39,1014,3000.0,5047
17011,1.0,0.0,4.3,129,8,20,1654,700.0,5047
17012,1.0,0.0,3.9,241,4,13,332,700.0,5047
17013,1.0,0.0,4.1,46,4,9,214,400.0,5047
17014,1.0,0.0,4.3,7568,12,46,33,1500.0,5047
17015,1.0,0.0,3.9,148,8,41,182,450.0,5047
17016,1.0,0.0,3.8,111,78,62,84,300.0,5047
17017,1.0,0.0,4.1,257,81,13,402,500.0,5047
17018,1.0,1.0,4.2,2854,65,22,1010,800.0,5047
17019,1.0,0.0,4.2,132,8,30,949,180.0,5047
17020,1.0,0.0,3.9,61,73,9,216,150.0,5047
17021,1.0,0.0,4.0,29,0,0,181,500.0,5047
17022,1.0,0.0,4.2,1770,76,20,625,750.0,5047
17023,1.0,0.0,3.9,456,65,62,270,400.0,5047
17024,1.0,0.0,2.6,310,73,20,1145,700.0,5047
17025,1.0,0.0,3.8,111,15,30,188,500.0,5047
17026,1.0,0.0,4.3,657,15,17,427,750.0,5047
17027,0.0,1.0,4.4,2052,48,21,927,1200.0,5047
17028,1.0,1.0,3.9,96,8,21,1147,1300.0,5047
17029,0.0,0.0,4.3,1720,12,46,711,1300.0,5047
17030,1.0,0.0,4.1,45,12,30,789,300.0,5047
17031,1.0,0.0,3.8,265,66,20,604,850.0,5047
17032,1.0,0.0,3.9,206,76,20,1235,500.0,5047
17033,1.0,0.0,3.8,165,4,62,1476,600.0,5047
17034,1.0,0.0,4.0,114,49,20,972,1000.0,5047
17035,1.0,0.0,4.1,481,12,13,345,700.0,5047
17036,1.0,1.0,4.3,864,15,22,659,1000.0,5047
17037,1.0,0.0,4.2,231,48,2,194,300.0,5047
17038,1.0,0.0,4.3,327,12,20,1375,800.0,5047
17039,1.0,0.0,3.9,227,12,20,1342,950.0,5047
17040,1.0,0.0,3.8,59,14,69,853,300.0,5047
17041,1.0,0.0,3.9,366,65,20,1263,800.0,5047
17042,1.0,0.0,3.3,65,8,13,436,900.0,5047
17043,1.0,0.0,3.7,54,4,13,359,600.0,5047
17044,1.0,0.0,3.9,212,8,20,1481,800.0,5047
17045,1.0,0.0,4.0,186,14,62,866,350.0,5047
17046,1.0,0.0,3.9,87,78,20,1242,500.0,5047
17047,1.0,1.0,4.2,984,78,21,913,1000.0,5047
17048,1.0,0.0,3.7,184,8,62,829,500.0,5047
17049,1.0,0.0,4.1,161,76,62,1451,300.0,5047
17050,1.0,1.0,4.2,2286,76,21,815,1400.0,5047
17051,1.0,1.0,4.4,1849,48,20,1009,1500.0,5047
17052,1.0,0.0,4.2,744,15,13,406,750.0,5047
17053,1.0,0.0,4.1,184,48,30,767,550.0,5047
17054,1.0,1.0,4.1,2144,8,27,539,2000.0,5047
17055,1.0,0.0,4.3,98,78,20,1088,550.0,5047
17056,1.0,1.0,4.0,938,12,21,22,1000.0,5047
17057,1.0,0.0,3.9,170,20,62,1399,600.0,5047
17058,1.0,0.0,3.9,65,8,63,819,250.0,5047
17059,1.0,1.0,4.3,772,48,20,1494,1400.0,5047
17060,0.0,0.0,2.5,35,4,62,817,200.0,5047
17061,1.0,0.0,4.1,1131,8,20,14,1500.0,5047
17062,1.0,0.0,4.1,117,66,13,169,700.0,5047
17063,1.0,0.0,4.0,869,48,62,1608,400.0,5047
17064,1.0,0.0,2.8,55,81,62,1617,400.0,5047
17065,1.0,0.0,3.7,75,65,30,773,350.0,5047
17066,1.0,0.0,3.8,106,65,62,1561,200.0,5047
17067,1.0,0.0,3.9,156,85,20,1196,450.0,5047
17068,1.0,0.0,4.2,121,48,21,1152,1000.0,5047
17069,1.0,0.0,3.8,261,49,13,332,700.0,5047
17070,1.0,0.0,4.1,159,81,13,455,300.0,5047
17071,1.0,0.0,2.9,50,8,62,1589,350.0,5047
17072,1.0,0.0,4.0,140,12,62,821,400.0,5047
17073,1.0,0.0,4.0,68,12,30,767,250.0,5047
17074,1.0,0.0,3.9,185,73,20,1599,400.0,5047
17075,1.0,0.0,4.1,1214,8,4,663,2000.0,5047
17076,1.0,0.0,3.8,208,15,20,1597,400.0,5047
17077,1.0,1.0,4.3,968,12,13,385,750.0,5047
17078,1.0,1.0,4.3,74,8,20,1541,700.0,5047
17079,1.0,0.0,4.2,34,15,30,787,300.0,5047
17080,1.0,0.0,4.4,227,49,62,319,700.0,5047
17081,1.0,1.0,4.1,770,78,21,29,1200.0,5047
17082,0.0,0.0,3.7,32,14,20,1335,800.0,5047
17083,1.0,0.0,3.6,53,12,20,1234,600.0,5047
17084,1.0,1.0,4.1,300,66,20,914,1000.0,5047
17085,1.0,0.0,3.6,83,73,20,1196,500.0,5047
17086,1.0,0.0,3.9,134,81,20,1092,700.0,5047
17087,1.0,0.0,4.4,69,48,62,789,300.0,5047
17088,0.0,0.0,3.9,156,48,20,1230,600.0,5047
17089,0.0,0.0,4.1,1545,48,57,760,1200.0,5047
17090,1.0,0.0,3.7,66,78,13,483,800.0,5047
17091,1.0,0.0,4.3,2151,65,20,239,600.0,5047
17092,1.0,0.0,3.6,96,27,16,373,650.0,5047
17093,1.0,0.0,4.1,118,49,14,350,500.0,5047
17094,1.0,0.0,3.9,56,76,62,256,400.0,5047
17095,0.0,1.0,4.1,1339,48,21,810,2100.0,5047
17096,1.0,0.0,4.0,789,66,62,90,400.0,5047
17097,1.0,1.0,4.4,232,49,5,122,2000.0,5047
17098,1.0,0.0,3.8,76,20,62,1156,300.0,5047
17099,1.0,0.0,4.0,280,72,20,1294,600.0,5047
17100,1.0,0.0,3.4,122,65,13,362,600.0,5047
17101,1.0,0.0,3.8,75,85,20,672,1000.0,5047
17102,1.0,0.0,3.0,40,8,30,950,200.0,5047
17103,1.0,0.0,3.7,280,8,20,1272,800.0,5047
17104,0.0,0.0,3.8,99,78,13,420,600.0,5047
17105,1.0,1.0,2.2,409,49,20,1109,1000.0,5047
17106,1.0,1.0,4.2,4748,12,20,1206,1500.0,5047
17107,1.0,0.0,3.9,113,78,62,1156,150.0,5047
17108,1.0,0.0,3.8,38,78,20,213,400.0,5047
17109,1.0,0.0,3.4,76,20,72,1268,400.0,5047
17110,1.0,1.0,4.3,569,73,20,570,1200.0,5047
17111,1.0,0.0,3.9,256,20,20,1097,700.0,5047
17112,1.0,1.0,4.4,1124,12,21,208,1200.0,5047
17113,0.0,1.0,4.0,930,8,20,1491,800.0,5047
17114,1.0,0.0,3.8,75,8,13,343,650.0,5047
17115,1.0,0.0,3.4,63,12,62,266,400.0,5047
17116,1.0,1.0,4.5,1238,76,21,146,1700.0,5047
17117,1.0,0.0,3.9,119,78,20,513,600.0,5047
17118,1.0,1.0,4.5,1418,12,21,521,1700.0,5047
17119,1.0,0.0,3.9,464,78,16,340,800.0,5047
17120,1.0,0.0,3.7,160,15,20,604,700.0,5047
17121,1.0,0.0,4.0,55,8,20,1019,1500.0,5047
17122,1.0,1.0,4.3,509,48,21,558,1300.0,5047
17123,1.0,0.0,2.6,72,4,62,1589,300.0,5047
17124,1.0,1.0,3.9,1937,49,20,1663,2100.0,5047
17125,1.0,0.0,4.1,398,15,20,544,600.0,5047
17126,1.0,1.0,4.1,456,12,20,1156,600.0,5047
17127,1.0,1.0,4.2,476,15,20,1272,1700.0,5047
17128,1.0,0.0,4.1,403,15,20,1378,750.0,5047
17129,1.0,1.0,3.9,1370,49,37,1156,2100.0,5047
17130,1.0,0.0,3.5,126,20,20,558,700.0,5047
17131,1.0,0.0,4.2,136,15,20,162,1500.0,5047
17132,1.0,1.0,4.2,176,13,20,1286,700.0,5047
17133,1.0,1.0,4.3,3492,48,61,646,1700.0,5047
17134,1.0,1.0,4.1,864,65,20,1534,1400.0,5047
17135,1.0,0.0,4.0,785,12,20,42,650.0,5047
17136,0.0,0.0,3.6,104,8,13,404,800.0,5047
17137,1.0,0.0,4.0,362,65,20,610,1000.0,5047
17138,1.0,0.0,3.3,204,15,20,524,600.0,5047
17139,1.0,1.0,4.0,457,15,20,604,1000.0,5047
17140,1.0,0.0,4.3,909,78,20,1013,2000.0,5047
17141,1.0,0.0,3.7,50,51,20,1554,750.0,5047
17142,1.0,1.0,4.2,2930,12,20,970,1000.0,5047
17143,1.0,1.0,4.4,719,66,20,1090,1000.0,5047
17144,1.0,1.0,4.2,856,12,20,1534,1400.0,5047
17145,1.0,1.0,4.2,354,66,20,1549,1200.0,5047
17146,1.0,1.0,4.0,379,15,20,1243,850.0,5047
17147,1.0,1.0,4.3,3150,49,20,1416,1500.0,5047
17148,1.0,0.0,3.8,177,72,62,235,300.0,5047
17149,1.0,1.0,4.4,219,76,20,1529,850.0,5047
17150,1.0,0.0,3.9,122,20,20,673,1000.0,5047
17151,1.0,1.0,4.5,871,49,20,157,1800.0,5047
17152,1.0,0.0,4.0,141,30,20,1277,550.0,5047
17153,1.0,1.0,3.8,81,78,20,604,800.0,5047
17154,1.0,0.0,3.4,48,78,62,1156,300.0,5047
17155,1.0,0.0,2.1,253,26,29,1386,500.0,5047
17156,1.0,0.0,4.2,860,78,20,1655,1800.0,5047
17157,1.0,0.0,4.0,1103,78,20,1050,1300.0,5047
17158,0.0,0.0,4.3,1789,65,20,43,800.0,5047
17159,0.0,0.0,4.2,1363,66,20,286,700.0,5047
17160,0.0,0.0,4.3,72,65,13,480,400.0,5047
17161,0.0,0.0,4.0,102,66,20,521,550.0,5047
17162,0.0,0.0,3.0,108,49,20,1304,800.0,5047
17163,0.0,0.0,3.7,145,66,22,571,1000.0,5047
17164,0.0,0.0,2.9,46,73,20,1602,550.0,5047
17165,0.0,0.0,4.1,121,66,20,1196,600.0,5047
17166,1.0,0.0,4.1,118,66,20,640,1000.0,5047
17167,1.0,0.0,3.5,47,85,20,1547,450.0,5047
17168,1.0,0.0,3.6,118,66,20,521,500.0,5047
17169,1.0,0.0,3.9,158,27,20,608,1300.0,5047
17170,1.0,0.0,3.7,46,61,20,1547,1000.0,5047
17171,1.0,1.0,3.8,203,66,20,1258,1200.0,5047
17172,1.0,1.0,4.0,190,74,21,1361,1300.0,5047
17173,1.0,0.0,3.7,110,74,20,1136,700.0,5047
17174,1.0,0.0,3.8,169,73,62,1416,250.0,5047
17175,1.0,0.0,3.6,79,65,62,1552,500.0,5047
17176,0.0,1.0,4.3,2698,8,5,718,1300.0,5047
17177,0.0,1.0,4.1,101,65,57,664,1000.0,5047
17178,0.0,0.0,3.9,234,47,5,996,1000.0,5047
17179,1.0,0.0,3.9,86,61,5,723,1500.0,5047
17180,1.0,1.0,4.2,508,73,20,1130,800.0,5047
17181,0.0,0.0,4.5,3589,76,13,338,900.0,5047
17182,1.0,1.0,4.4,721,49,22,8,1700.0,5047
17183,0.0,1.0,4.4,2275,81,20,21,1100.0,5047
17184,0.0,1.0,4.3,531,73,20,1013,1400.0,5047
17185,0.0,0.0,4.3,1189,65,20,521,550.0,5047
17186,0.0,0.0,4.4,1912,65,30,958,400.0,5047
17187,0.0,0.0,4.1,491,61,20,1587,600.0,5047
17188,0.0,0.0,4.3,164,78,13,499,750.0,5047
17189,0.0,0.0,4.1,362,66,62,1181,400.0,5047
17190,0.0,0.0,4.3,792,12,16,453,900.0,5047
17191,0.0,0.0,3.9,84,12,62,521,500.0,5047
17192,0.0,0.0,4.1,787,65,20,1376,800.0,5047
17193,0.0,0.0,4.0,1460,49,33,788,450.0,5047
17194,0.0,0.0,4.3,539,12,20,1153,800.0,5047
17195,0.0,0.0,4.3,185,12,30,789,500.0,5047
17196,1.0,0.0,4.3,1135,27,13,438,800.0,5047
17197,1.0,0.0,4.0,101,76,62,1023,150.0,5047
17198,0.0,0.0,3.9,58,14,72,181,1200.0,5047
17199,0.0,0.0,4.2,620,8,13,369,500.0,5047
17200,0.0,0.0,2.7,77,49,62,1235,500.0,5047
17201,0.0,0.0,3.8,136,51,20,1196,650.0,5047
17202,0.0,0.0,4.0,54,15,62,1112,400.0,5047
17203,0.0,0.0,3.9,82,51,20,602,450.0,5047
17204,0.0,0.0,3.7,95,12,62,817,500.0,5047
17205,0.0,0.0,3.7,62,15,62,817,200.0,5047
17206,0.0,0.0,3.9,135,76,20,984,800.0,5047
17207,0.0,0.0,3.9,122,8,20,1016,500.0,5047
17208,0.0,1.0,3.9,158,15,20,1446,1100.0,5047
17209,0.0,0.0,4.0,209,65,20,558,500.0,5047
17210,0.0,0.0,4.2,222,76,30,951,200.0,5047
17211,0.0,0.0,3.9,42,8,20,617,500.0,5047
17212,0.0,0.0,4.1,399,74,62,1178,300.0,5047
17213,0.0,0.0,3.4,8,8,62,1156,450.0,5047
17214,0.0,0.0,3.4,10,49,62,1209,350.0,5047
17215,0.0,0.0,3.8,41,65,62,210,100.0,5047
17216,0.0,0.0,3.4,27,49,62,1371,300.0,5047
17217,0.0,0.0,3.0,53,12,62,1597,250.0,5047
17218,0.0,0.0,3.9,435,20,20,1140,550.0,5047
17219,0.0,0.0,3.7,68,8,20,1587,500.0,5047
17220,1.0,0.0,2.9,48,78,3,187,400.0,5047
17221,0.0,0.0,3.5,140,12,20,1156,600.0,5047
17222,1.0,1.0,3.8,91,15,20,1429,1800.0,5047
17223,1.0,1.0,4.3,1052,48,20,981,1600.0,5047
17224,1.0,1.0,3.8,200,49,20,982,1600.0,5047
17225,1.0,0.0,4.4,1106,48,1,179,600.0,907
17226,0.0,0.0,4.3,526,48,1,1504,1400.0,5047
17227,1.0,0.0,4.4,69,48,62,789,300.0,3067
17228,0.0,0.0,4.5,291,48,30,956,400.0,5047
17229,1.0,0.0,4.2,231,48,2,194,300.0,3464
17230,0.0,0.0,3.9,91,48,11,778,400.0,5047
17231,1.0,0.0,4.1,184,48,30,767,550.0,519
17232,1.0,1.0,4.2,508,73,20,1130,800.0,3910
17233,1.0,1.0,4.2,2854,65,22,1010,800.0,3292
17234,0.0,1.0,4.3,476,65,54,1124,2000.0,5047
17235,0.0,1.0,4.1,1769,12,13,386,1000.0,5047
17236,1.0,0.0,4.0,1084,8,66,782,550.0,34
17237,0.0,0.0,4.4,1912,65,30,958,400.0,5047
17238,0.0,0.0,4.5,236,66,30,790,1250.0,5047
17239,1.0,0.0,4.9,1749,8,30,767,400.0,2327
17240,0.0,0.0,3.4,225,14,62,1640,300.0,5047
17241,1.0,0.0,4.1,45,12,30,789,300.0,3081
17242,1.0,0.0,4.1,117,66,13,169,700.0,5047
17243,0.0,0.0,4.0,1460,49,33,788,450.0,5047
17244,0.0,0.0,4.3,185,12,30,789,500.0,5047
17245,1.0,1.0,4.1,300,66,20,914,1000.0,488
17246,1.0,0.0,4.1,118,49,14,350,500.0,429
17247,1.0,0.0,4.5,221,8,41,773,450.0,3009
17248,0.0,0.0,3.6,53,66,3,188,300.0,5047
17249,1.0,0.0,4.1,79,14,64,864,350.0,4202
17250,1.0,0.0,4.3,120,76,30,789,400.0,4481
17251,0.0,0.0,4.0,79,49,30,767,800.0,5047
17252,0.0,0.0,4.0,185,14,62,1117,400.0,5047
17253,1.0,0.0,3.9,87,65,35,774,400.0,1639
17254,1.0,0.0,3.9,65,8,63,819,250.0,3429
17255,1.0,0.0,3.9,148,8,41,182,450.0,2935
17256,1.0,0.0,3.8,59,14,69,853,300.0,298
17257,0.0,0.0,4.0,100,65,30,956,150.0,5047
17258,1.0,0.0,3.9,61,73,9,216,150.0,3219
17259,1.0,0.0,4.0,68,12,30,767,250.0,2213
17260,1.0,0.0,4.2,132,8,30,949,180.0,2909
17261,1.0,0.0,3.9,103,8,70,1121,400.0,3458
17262,1.0,0.0,4.0,122,12,12,217,500.0,5047
17263,0.0,0.0,4.2,222,76,30,951,200.0,5047
17264,1.0,0.0,4.0,47,66,30,773,300.0,776
17265,1.0,0.0,3.0,40,8,30,950,200.0,1591
17266,0.0,0.0,3.4,27,49,62,1371,300.0,5047
17267,1.0,0.0,4.0,93,8,30,767,300.0,231
17268,1.0,0.0,4.0,49,65,29,181,500.0,1613
17269,1.0,0.0,3.7,75,65,30,773,350.0,516
17270,0.0,0.0,3.9,50,65,30,175,600.0,5047
17271,1.0,0.0,4.1,129,49,22,658,900.0,5047
17272,1.0,1.0,4.7,4811,15,59,1458,1300.0,2764
17273,0.0,0.0,4.0,31,81,17,429,1100.0,5047
17274,1.0,0.0,4.3,657,15,17,427,750.0,5002
17275,1.0,0.0,4.2,443,78,14,482,700.0,455
17276,1.0,0.0,4.1,257,81,13,402,500.0,4782
17277,1.0,0.0,4.0,122,51,62,1121,200.0,5047
17278,1.0,0.0,4.2,34,15,30,787,300.0,5047
17279,1.0,0.0,2.9,48,78,3,187,400.0,5023
17280,0.0,1.0,4.4,2133,48,37,1314,2200.0,5047
17281,0.0,1.0,4.3,766,48,40,1411,3000.0,5047
17282,0.0,1.0,4.4,184,48,21,1013,1800.0,5047
17283,0.0,1.0,4.2,3130,48,46,624,2500.0,5047
17284,0.0,1.0,4.4,885,48,37,148,3000.0,5047
17285,1.0,1.0,4.4,2239,48,39,1014,3000.0,3394
17286,0.0,0.0,4.4,2421,48,25,1124,1500.0,5047
17287,0.0,1.0,4.4,2052,48,21,927,1200.0,5047
17288,1.0,1.0,4.4,3702,48,23,1464,1300.0,4953
17289,0.0,1.0,4.1,1339,48,21,810,2100.0,5047
17290,1.0,1.0,4.3,3492,48,61,646,1700.0,5047
17291,1.0,0.0,4.6,2513,48,20,809,1600.0,2573
17292,0.0,0.0,4.3,1043,48,46,1114,1500.0,5047
17293,0.0,1.0,4.6,1438,48,37,1623,2200.0,5047
17294,1.0,1.0,4.3,772,48,20,1494,1400.0,5047
17295,1.0,1.0,4.4,1849,48,20,1009,1500.0,3116
17296,0.0,1.0,4.4,131,48,21,1225,1000.0,5047
17297,0.0,1.0,4.2,337,48,21,1375,1000.0,5047
17298,0.0,0.0,4.3,461,48,25,173,1500.0,5047
17299,0.0,1.0,4.2,2079,48,20,807,1500.0,5047
17300,0.0,0.0,4.3,696,48,20,1658,1500.0,5047
17301,1.0,1.0,4.3,509,48,21,558,1300.0,5047
17302,0.0,0.0,4.1,1545,48,57,760,1200.0,5047
17303,1.0,1.0,4.3,1052,48,20,981,1600.0,4155
17304,1.0,0.0,4.2,121,48,21,1152,1000.0,5047
17305,0.0,0.0,4.1,388,48,13,332,1100.0,5047
17306,0.0,0.0,3.9,156,48,20,1230,600.0,5047
17307,0.0,1.0,3.7,93,48,14,353,1000.0,5047
17308,0.0,0.0,4.1,104,48,19,471,1200.0,5047
17309,0.0,0.0,3.1,122,48,21,1304,1200.0,5047
17310,0.0,0.0,3.5,56,48,21,154,1800.0,5047
17311,0.0,0.0,3.9,73,48,46,1621,2500.0,5047
17312,0.0,0.0,3.8,216,48,20,976,2000.0,5047
17313,1.0,0.0,4.4,1106,48,1,179,600.0,908
17314,1.0,0.0,4.0,869,48,62,1608,400.0,676
17315,0.0,0.0,3.2,57,48,62,1531,350.0,5047
17316,1.0,0.0,3.9,107,48,62,937,500.0,871
17317,0.0,1.0,4.4,4605,49,46,156,1700.0,5047
17318,0.0,1.0,4.6,2211,66,20,1103,1800.0,5047
17319,1.0,1.0,4.2,4748,12,20,1206,1500.0,5047
17320,0.0,0.0,4.6,3998,65,54,647,1500.0,5047
17321,1.0,1.0,4.3,3150,49,20,1416,1500.0,5047
17322,0.0,1.0,4.5,8402,8,61,11,2000.0,5047
17323,0.0,0.0,4.3,1789,65,20,43,800.0,5047
17324,0.0,1.0,4.6,2369,49,37,525,2800.0,5047
17325,0.0,0.0,4.2,1363,66,20,286,700.0,5047
17326,0.0,0.0,4.6,2289,12,13,495,1100.0,5047
17327,0.0,0.0,4.5,1597,8,21,1547,1500.0,5047
17328,1.0,1.0,3.9,1937,49,20,1663,2100.0,5047
17329,0.0,1.0,4.3,343,8,54,139,1500.0,5047
17330,1.0,1.0,4.1,2144,8,27,539,2000.0,3650
17331,0.0,0.0,4.6,986,49,37,1654,3000.0,5047
17332,0.0,1.0,4.5,5281,76,21,5,2500.0,5047
17333,0.0,1.0,4.5,681,65,37,1086,3500.0,5047
17334,1.0,1.0,4.5,1238,76,21,146,1700.0,5047
17335,0.0,1.0,4.3,2230,65,55,694,1700.0,5047
17336,1.0,0.0,4.3,7568,12,46,33,1500.0,1526
17337,1.0,1.0,4.4,1124,12,21,208,1200.0,5047
17338,0.0,1.0,4.6,1091,66,20,802,1500.0,5047
17339,0.0,0.0,4.2,634,76,60,671,1300.0,5047
17340,1.0,1.0,4.2,2720,49,13,406,1200.0,386
17341,0.0,0.0,3.9,2328,76,20,1591,700.0,5047
17342,1.0,1.0,4.2,508,73,20,1130,800.0,3910
17343,0.0,1.0,4.1,2049,27,20,1375,1600.0,5047
17344,0.0,1.0,4.2,187,12,20,1580,1000.0,5047
17345,0.0,1.0,4.2,1452,49,60,667,1500.0,5047
17346,1.0,1.0,4.2,2854,65,22,1010,800.0,3292
17347,0.0,1.0,4.3,476,65,54,1124,2000.0,5047
17348,1.0,1.0,4.3,2047,49,20,1627,1500.0,419
17349,0.0,1.0,4.3,605,27,21,149,2500.0,5047
17350,1.0,1.0,3.9,1370,49,37,1156,2100.0,5047
17351,1.0,1.0,4.2,2930,12,20,970,1000.0,5047
17352,1.0,1.0,4.4,493,76,5,1124,1900.0,5047
17353,1.0,1.0,4.5,1418,12,21,521,1700.0,5047
17354,0.0,1.0,4.3,671,65,20,1013,2000.0,5047
17355,0.0,1.0,4.5,1204,8,20,1068,1100.0,5047
17356,0.0,1.0,4.3,2698,8,5,718,1300.0,5047
17357,1.0,0.0,4.3,2151,65,20,239,600.0,5047
17358,0.0,0.0,4.5,3589,76,13,338,900.0,5047
17359,0.0,1.0,4.4,211,65,5,125,1200.0,5047
17360,1.0,1.0,4.4,721,49,22,8,1700.0,3028
17361,1.0,1.0,4.1,864,65,20,1534,1400.0,5047
17362,0.0,0.0,4.3,1720,12,46,711,1300.0,5047
17363,0.0,1.0,4.1,1730,12,13,386,1000.0,5047
17364,0.0,0.0,4.4,2645,12,13,332,600.0,5047
17365,0.0,1.0,4.3,688,66,37,805,2500.0,5047
17366,0.0,1.0,4.3,531,73,20,1013,1400.0,5047
17367,1.0,0.0,3.9,376,49,70,1121,200.0,351
17368,0.0,1.0,4.5,302,49,20,965,1500.0,5047
17369,0.0,0.0,4.3,1189,65,20,521,550.0,5047
17370,1.0,0.0,4.4,2131,8,20,1402,750.0,2099
17371,0.0,1.0,4.2,221,49,60,690,1000.0,5047
17372,0.0,1.0,4.2,254,8,57,31,1500.0,5047
17373,0.0,0.0,4.3,696,49,37,812,3000.0,5047
17374,0.0,1.0,3.8,51,49,20,167,1500.0,5047
17375,0.0,1.0,4.2,477,65,46,878,3000.0,5047
17376,0.0,0.0,4.3,2264,12,5,885,1100.0,5047
17377,1.0,0.0,4.0,785,12,20,42,650.0,5047
17378,0.0,1.0,4.3,299,76,5,1104,1200.0,5047
17379,0.0,1.0,4.1,568,49,22,1349,2500.0,5047
17380,0.0,1.0,4.4,193,49,37,1100,2000.0,5047
17381,0.0,0.0,4.1,491,61,20,1587,600.0,5047
17382,1.0,1.0,4.2,2286,76,21,815,1400.0,4128
17383,0.0,0.0,4.2,1330,12,57,697,1100.0,5047
17384,0.0,1.0,4.4,516,61,37,1678,3200.0,5047
17385,1.0,0.0,4.2,3569,12,13,459,650.0,705
17386,1.0,1.0,4.3,968,12,13,385,750.0,5047
17387,1.0,1.0,4.4,219,76,20,1529,850.0,5047
17388,1.0,1.0,4.5,871,49,20,157,1800.0,5047
17389,0.0,0.0,4.1,538,14,20,1589,500.0,5047
17390,0.0,1.0,4.1,342,61,37,999,2500.0,5047
17391,1.0,1.0,4.0,938,12,21,22,1000.0,2285
17392,1.0,0.0,4.0,55,8,20,1019,1500.0,7
17393,1.0,1.0,4.4,719,66,20,1090,1000.0,5047
17394,0.0,1.0,4.4,127,66,20,521,1200.0,5047
17395,0.0,1.0,4.3,620,65,37,1326,3400.0,5047
17396,0.0,0.0,4.0,53,66,37,143,2000.0,5047
17397,0.0,1.0,4.1,101,65,57,664,1000.0,5047
17398,1.0,1.0,4.2,856,12,20,1534,1400.0,5047
17399,0.0,1.0,4.3,361,66,37,1375,3500.0,5047
17400,1.0,1.0,4.3,74,8,20,1541,700.0,5040
17401,1.0,1.0,4.2,404,8,5,892,1600.0,1086
17402,0.0,0.0,4.2,2028,73,26,26,1200.0,5047
17403,0.0,0.0,4.3,72,65,13,480,400.0,5047
17404,0.0,0.0,4.3,792,12,16,453,900.0,5047
17405,1.0,0.0,4.1,1131,8,20,14,1500.0,5047
17406,0.0,1.0,3.9,684,12,21,1559,1200.0,5047
17407,0.0,0.0,4.1,787,65,20,1376,800.0,5047
17408,0.0,1.0,4.2,546,49,26,1404,1500.0,5047
17409,0.0,1.0,4.3,330,66,20,1279,1200.0,5047
17410,0.0,1.0,4.3,237,66,37,1013,4000.0,5047
17411,0.0,0.0,3.9,168,74,20,1196,500.0,5047
17412,0.0,1.0,4.0,178,12,20,1156,1300.0,5047
17413,1.0,0.0,4.1,117,66,13,169,700.0,802
17414,0.0,1.0,4.1,275,65,38,1156,4000.0,5047
17415,0.0,1.0,4.4,309,61,37,1416,4000.0,5047
17416,1.0,1.0,4.2,354,66,20,1549,1200.0,2200
17417,0.0,1.0,4.0,930,8,20,1491,800.0,5047
17418,1.0,1.0,4.1,456,12,20,1156,600.0,3344
17419,0.0,1.0,4.1,557,8,60,878,1100.0,5047
17420,0.0,0.0,3.9,951,8,57,1196,1100.0,5047
17421,0.0,0.0,4.0,434,65,4,1235,1000.0,5047
17422,1.0,0.0,4.0,166,66,21,1156,1700.0,2743
17423,1.0,0.0,4.1,1214,8,4,663,2000.0,1482
17424,1.0,1.0,4.3,569,73,20,570,1200.0,3610
17425,1.0,0.0,4.3,327,12,20,1375,800.0,5047
17426,1.0,1.0,4.4,232,49,5,122,2000.0,4243
17427,0.0,1.0,4.3,454,49,37,558,3000.0,5047
17428,0.0,0.0,4.2,38,66,4,897,2000.0,5047
17429,0.0,0.0,4.3,539,12,20,1153,800.0,5047
17430,0.0,1.0,3.9,312,65,37,1347,2000.0,5047
17431,0.0,1.0,4.3,430,65,38,521,3500.0,5047
17432,1.0,0.0,4.0,114,49,20,972,1000.0,3483
17433,1.0,1.0,4.0,190,74,21,1361,1300.0,4103
17434,1.0,0.0,4.1,481,12,13,345,700.0,392
17435,1.0,0.0,4.0,362,65,20,610,1000.0,1393
17436,1.0,0.0,2.8,110,73,20,618,500.0,1808
17437,1.0,0.0,4.2,175,14,20,1151,800.0,1443
17438,0.0,1.0,4.1,611,49,27,624,2800.0,5047
17439,0.0,1.0,4.0,116,61,46,624,2500.0,5047
17440,1.0,0.0,4.3,1135,27,13,438,800.0,4638
17441,1.0,0.0,3.9,206,76,20,1235,500.0,3607
17442,0.0,0.0,3.8,621,49,46,1254,3000.0,5047
17443,0.0,1.0,3.9,300,73,13,455,750.0,5047
17444,1.0,0.0,3.9,366,65,20,1263,800.0,1233
17445,1.0,0.0,3.6,96,27,16,373,650.0,3749
17446,0.0,1.0,4.1,338,49,21,1050,1800.0,5047
17447,1.0,0.0,3.9,227,12,20,1342,950.0,3991
17448,1.0,0.0,3.9,86,61,5,723,1500.0,5047
17449,0.0,1.0,4.2,178,66,37,624,3000.0,5047
17450,1.0,0.0,4.2,1770,76,20,625,750.0,636
17451,1.0,0.0,3.9,388,8,20,1474,750.0,4812
17452,0.0,0.0,2.0,397,8,46,878,1500.0,5047
17453,1.0,1.0,4.1,300,66,20,914,1000.0,488
17454,0.0,1.0,3.9,747,12,57,886,1500.0,5047
17455,1.0,0.0,4.1,54,65,20,931,550.0,5047
17456,1.0,0.0,4.1,118,49,14,350,500.0,1635
17457,1.0,0.0,4.0,111,74,20,1258,700.0,3203
17458,0.0,0.0,4.2,620,8,13,369,500.0,5047
17459,0.0,0.0,3.9,190,76,4,878,600.0,5047
17460,0.0,0.0,4.0,227,65,20,1435,700.0,5047
17461,1.0,0.0,3.7,280,8,20,1272,800.0,3435
17462,1.0,0.0,3.7,110,74,20,1136,700.0,5047
17463,1.0,1.0,3.8,203,66,20,1258,1200.0,412
17464,0.0,0.0,2.7,406,49,57,1196,1000.0,5047
17465,0.0,0.0,4.2,700,76,62,1547,300.0,5047
17466,1.0,0.0,4.3,129,8,20,1654,700.0,3999
17467,1.0,0.0,3.9,158,27,20,608,1300.0,4175
17468,0.0,0.0,3.9,234,47,5,996,1000.0,5047
17469,1.0,0.0,3.6,83,73,20,1196,500.0,4398
17470,1.0,1.0,3.8,200,49,20,982,1600.0,5047
17471,1.0,0.0,2.9,75,73,20,1156,500.0,4606
17472,0.0,1.0,3.8,110,61,20,1570,1600.0,5047
17473,0.0,1.0,4.1,274,49,37,994,3000.0,5047
17474,1.0,0.0,3.7,43,61,20,602,900.0,1188
17475,0.0,0.0,3.6,62,74,20,1423,450.0,5047
17476,1.0,0.0,4.1,118,66,20,640,1000.0,4471
17477,0.0,0.0,2.5,433,14,20,602,650.0,5047
17478,0.0,0.0,4.0,102,66,20,521,550.0,5047
17479,1.0,0.0,3.8,75,8,13,343,650.0,4742
17480,0.0,0.0,2.8,254,27,20,1196,1000.0,5047
17481,0.0,0.0,3.7,297,65,57,1296,1000.0,5047
17482,0.0,0.0,4.0,93,65,46,878,2000.0,5047
17483,1.0,0.0,2.9,50,8,62,1589,350.0,1912
17484,1.0,0.0,3.9,185,73,20,1599,400.0,4223
17485,1.0,0.0,3.8,59,14,69,853,300.0,298
17486,0.0,1.0,4.0,195,49,47,1368,3000.0,5047
17487,0.0,1.0,3.8,73,73,4,723,1200.0,5047
17488,0.0,0.0,4.1,116,49,37,34,3000.0,5047
17489,0.0,0.0,4.0,165,8,62,617,400.0,5047
17490,1.0,0.0,3.8,68,12,10,511,500.0,1772
17491,0.0,0.0,2.8,132,8,20,1440,650.0,5047
17492,0.0,0.0,3.9,135,76,20,984,800.0,5047
17493,0.0,0.0,4.1,171,49,37,521,2500.0,5047
17494,1.0,0.0,2.6,310,73,20,1145,700.0,3504
17495,0.0,0.0,3.9,90,76,20,1393,1400.0,5047
17496,1.0,0.0,2.8,302,14,20,235,500.0,4124
17497,1.0,0.0,3.4,122,65,13,362,600.0,224
17498,1.0,0.0,3.6,118,66,20,521,500.0,1099
17499,0.0,1.0,3.9,316,49,13,404,800.0,5047
17500,0.0,0.0,3.7,53,66,20,1591,600.0,5047
17501,1.0,0.0,3.8,265,66,20,604,850.0,4731
17502,1.0,1.0,4.0,1024,8,20,1395,700.0,1852
17503,1.0,0.0,3.3,262,73,20,1196,500.0,4341
17504,0.0,1.0,4.0,102,65,20,1156,1900.0,5047
17505,0.0,0.0,3.0,108,49,20,1304,800.0,5047
17506,0.0,0.0,3.7,145,66,22,571,1000.0,5047
17507,0.0,0.0,3.9,122,8,20,1016,500.0,5047
17508,1.0,1.0,3.9,96,8,21,1147,1300.0,4283
17509,0.0,1.0,4.2,260,49,21,1661,1500.0,5047
17510,1.0,0.0,4.0,134,65,12,821,250.0,439
17511,1.0,0.0,3.7,46,61,20,1547,1000.0,2961
17512,0.0,1.0,3.9,105,8,20,585,1000.0,5047
17513,0.0,0.0,3.7,57,76,20,1196,700.0,5047
17514,0.0,0.0,3.8,67,66,20,1547,500.0,5047
17515,0.0,1.0,4.3,165,66,37,1009,3000.0,5047
17516,0.0,0.0,3.7,125,8,20,558,600.0,5047
17517,0.0,0.0,4.0,209,65,20,558,500.0,5047
17518,0.0,0.0,3.8,151,12,20,624,800.0,5047
17519,0.0,0.0,3.5,140,12,20,1156,600.0,5047
17520,0.0,0.0,3.7,68,8,20,1587,500.0,5047
17521,0.0,1.0,3.6,278,76,21,56,800.0,5047
17522,0.0,0.0,1.8,225,12,20,1304,1200.0,5047
17523,0.0,0.0,3.9,42,8,20,617,500.0,5047
17524,0.0,0.0,2.9,46,73,20,1602,550.0,5047
17525,1.0,1.0,3.8,195,76,20,274,800.0,4961
17526,0.0,0.0,3.9,119,27,21,1537,800.0,5047
17527,0.0,0.0,3.8,52,66,20,1314,1200.0,5047
17528,0.0,0.0,3.7,32,14,20,1335,800.0,5047
17529,0.0,0.0,2.3,48,65,20,1050,600.0,5047
17530,0.0,0.0,3.4,10,49,62,1209,350.0,5047
17531,1.0,0.0,3.9,212,8,20,1481,800.0,2347
17532,1.0,0.0,3.8,261,49,13,332,700.0,939
17533,1.0,0.0,3.6,53,12,20,1234,600.0,2049
17534,0.0,0.0,3.7,82,49,37,965,2500.0,5047
17535,0.0,0.0,3.6,104,8,13,404,800.0,5047
17536,0.0,0.0,4.1,121,66,20,1196,600.0,5047
17537,1.0,1.0,2.2,409,49,20,1109,1000.0,4800
17538,1.0,0.0,4.0,1084,8,66,782,550.0,33
17539,0.0,0.0,4.4,178,66,62,1407,250.0,5047
17540,1.0,0.0,4.4,227,49,62,319,700.0,5047
17541,0.0,0.0,4.1,362,66,62,1181,400.0,5047
17542,0.0,0.0,3.4,225,14,62,1640,300.0,5047
17543,0.0,0.0,3.9,84,12,62,521,500.0,5047
17544,0.0,0.0,4.0,1223,12,62,1547,200.0,5047
17545,1.0,0.0,4.1,45,12,30,789,300.0,3081
17546,0.0,0.0,4.1,274,66,62,1547,150.0,5047
17547,0.0,0.0,4.0,1460,49,33,788,450.0,5047
17548,1.0,1.0,4.1,106,12,62,1156,300.0,8
17549,1.0,0.0,4.3,288,76,62,322,500.0,4230
17550,0.0,0.0,4.0,106,66,62,78,300.0,5047
17551,1.0,0.0,4.1,161,76,62,1451,300.0,5047
17552,1.0,0.0,4.0,101,76,62,1023,150.0,3278
17553,0.0,0.0,4.0,90,27,62,1568,300.0,5047
17554,1.0,0.0,3.8,199,8,62,322,450.0,2639
17555,0.0,0.0,2.7,77,49,62,1235,500.0,5047
17556,0.0,0.0,3.9,77,14,62,1547,150.0,5047
17557,0.0,0.0,3.6,53,66,3,188,300.0,5047
17558,1.0,0.0,3.9,653,14,62,323,600.0,3356
17559,1.0,0.0,4.0,789,66,62,90,400.0,993
17560,1.0,0.0,3.9,113,73,62,861,250.0,266
17561,1.0,0.0,4.1,79,14,64,864,350.0,4200
17562,1.0,0.0,3.8,122,49,62,1474,400.0,3136
17563,1.0,0.0,3.8,106,65,62,1561,200.0,4625
17564,1.0,1.0,3.2,60,76,62,856,400.0,1118
17565,1.0,0.0,3.9,65,8,63,819,250.0,5047
17566,0.0,0.0,3.0,33,14,62,1563,400.0,5047
17567,0.0,0.0,2.8,93,14,62,826,500.0,5047
17568,0.0,0.0,4.1,341,8,62,1669,300.0,5047
17569,1.0,0.0,3.9,56,76,62,256,400.0,1216
17570,1.0,0.0,3.6,79,65,62,1552,500.0,5047
17571,0.0,0.0,3.7,95,12,62,817,500.0,5047
17572,1.0,0.0,3.6,124,8,43,1670,400.0,4988
17573,0.0,0.0,3.9,76,49,62,1547,200.0,5047
17574,1.0,0.0,3.4,63,12,62,266,400.0,3343
17575,1.0,0.0,3.0,165,12,62,825,350.0,5047
17576,1.0,0.0,3.8,169,73,62,1416,250.0,5047
17577,1.0,0.0,3.9,456,65,62,270,400.0,1455
17578,1.0,0.0,3.9,252,65,62,1190,500.0,5047
17579,0.0,0.0,3.4,60,12,62,1597,250.0,5047
17580,1.0,0.0,4.2,94,8,62,1561,300.0,5047
17581,0.0,0.0,3.7,163,76,62,235,300.0,5047
17582,0.0,0.0,4.1,399,74,62,1178,300.0,5047
17583,0.0,0.0,3.4,8,8,62,1156,450.0,5047
17584,0.0,0.0,3.8,38,14,62,531,300.0,5047
17585,0.0,0.0,3.8,41,65,62,210,100.0,5047
17586,1.0,0.0,3.8,113,65,30,681,500.0,5047
17587,1.0,1.0,4.7,4811,15,59,1458,1300.0,5047
17588,0.0,1.0,4.3,165,78,37,18,2800.0,5047
17589,0.0,1.0,4.4,751,81,38,1156,3000.0,5047
17590,0.0,1.0,4.2,144,78,37,988,2500.0,5047
17591,0.0,1.0,4.4,1081,78,20,1325,1600.0,5047
17592,0.0,1.0,4.4,2275,81,20,21,1100.0,5047
17593,1.0,1.0,4.1,629,15,20,47,1100.0,2564
17594,0.0,1.0,4.1,309,70,37,1317,4100.0,5047
17595,1.0,1.0,4.5,1636,15,20,1008,1300.0,930
17596,0.0,1.0,4.4,374,81,47,878,3000.0,5047
17597,1.0,0.0,3.9,119,78,20,513,600.0,666
17598,0.0,0.0,3.9,628,70,27,878,2000.0,5047
17599,0.0,1.0,4.2,344,81,38,523,2000.0,5047
17600,1.0,1.0,4.2,984,78,21,913,1000.0,2927
17601,1.0,0.0,4.0,1103,78,20,1050,1300.0,2127
17602,0.0,0.0,4.0,31,81,17,429,1100.0,5047
17603,1.0,0.0,4.3,657,15,17,427,750.0,5000
17604,0.0,1.0,4.3,429,81,38,1346,3400.0,5047
17605,0.0,0.0,4.3,164,78,13,499,750.0,5047
17606,1.0,0.0,4.2,860,78,20,1655,1800.0,4516
17607,0.0,1.0,4.1,81,78,37,1015,3000.0,5047
17608,0.0,1.0,4.1,327,15,46,1397,1300.0,5047
17609,1.0,1.0,4.2,176,13,20,1286,700.0,3648
17610,1.0,0.0,4.2,136,15,20,162,1500.0,1860
17611,1.0,1.0,4.2,476,15,20,1272,1700.0,1299
17612,1.0,0.0,4.1,159,81,13,455,300.0,408
17613,1.0,0.0,4.1,398,15,20,544,600.0,4105
17614,1.0,1.0,4.1,770,78,21,29,1200.0,5047
17615,0.0,1.0,4.2,171,81,37,1013,2300.0,5047
17616,1.0,1.0,4.3,864,15,22,659,1000.0,2140
17617,1.0,0.0,4.2,744,15,13,406,750.0,5047
17618,0.0,1.0,3.7,54,78,37,1156,3000.0,5047
17619,1.0,0.0,4.3,909,78,20,1013,2000.0,4126
17620,1.0,1.0,4.0,457,15,20,604,1000.0,5047
17621,0.0,0.0,4.2,302,51,20,1537,500.0,5047
17622,0.0,1.0,4.2,233,81,37,965,3000.0,5047
17623,0.0,0.0,4.1,493,81,57,904,1300.0,5047
17624,1.0,0.0,4.0,177,78,20,236,750.0,5047
17625,1.0,1.0,4.0,379,15,20,1243,850.0,5047
17626,0.0,0.0,4.2,212,51,62,43,450.0,5047
17627,1.0,0.0,3.7,160,15,20,604,700.0,5047
17628,0.0,0.0,4.2,116,78,22,1074,1000.0,5047
17629,1.0,0.0,3.3,204,15,20,524,600.0,5047
17630,1.0,0.0,4.1,403,15,20,1378,750.0,5047
17631,1.0,1.0,3.8,91,15,20,1429,1800.0,5047
17632,1.0,0.0,3.8,208,15,20,1597,400.0,5047
17633,0.0,0.0,3.8,136,51,20,1196,650.0,5047
17634,1.0,0.0,4.1,257,81,13,402,500.0,5047
17635,1.0,0.0,3.7,50,51,20,1554,750.0,5047
17636,0.0,0.0,3.8,68,13,62,1181,400.0,5047
17637,0.0,0.0,3.8,254,51,20,1587,500.0,5047
17638,0.0,0.0,4.0,108,15,62,1080,400.0,5047
17639,0.0,0.0,3.9,82,51,20,602,450.0,5047
17640,0.0,0.0,4.3,206,51,62,1547,150.0,5047
17641,0.0,0.0,4.1,60,51,62,1547,200.0,5047
17642,0.0,1.0,3.7,64,4,4,878,2200.0,5047
17643,0.0,0.0,4.5,206,13,62,1547,200.0,5047
17644,0.0,0.0,4.1,91,51,62,1547,150.0,5047
17645,1.0,0.0,3.9,134,81,20,1092,700.0,4540
17646,0.0,1.0,4.1,99,78,46,887,2400.0,5047
17647,0.0,0.0,3.6,79,51,36,1156,350.0,5047
17648,0.0,0.0,3.3,42,13,62,1617,400.0,5047
17649,0.0,0.0,4.0,54,15,62,1112,400.0,5047
17650,0.0,0.0,4.0,44,81,13,487,1100.0,5047
17651,0.0,0.0,3.8,99,78,13,420,600.0,5047
17652,1.0,0.0,4.0,122,51,62,1121,200.0,5047
17653,0.0,0.0,3.8,56,81,13,332,2000.0,5047
17654,0.0,1.0,3.9,158,15,20,1446,1100.0,5047
17655,1.0,0.0,3.5,47,85,20,1547,450.0,1218
17656,0.0,0.0,3.9,56,51,20,1088,600.0,5047
17657,1.0,0.0,3.4,48,78,62,1156,300.0,5047
17658,0.0,0.0,3.7,50,85,62,1547,150.0,5047
17659,0.0,0.0,3.8,88,51,20,1442,750.0,5047
17660,1.0,0.0,3.9,146,15,62,1476,600.0,5047
17661,0.0,0.0,3.8,54,51,62,1431,350.0,5047
17662,0.0,1.0,4.4,211,65,5,125,1200.0,5047
17663,0.0,1.0,4.3,2701,8,5,718,1300.0,5047
17664,0.0,0.0,3.5,56,48,21,154,1800.0,5047
17665,0.0,1.0,4.4,2052,48,21,927,1200.0,5047
17666,0.0,1.0,4.1,1339,48,21,810,2100.0,5047
17667,1.0,1.0,4.3,3492,48,61,646,1700.0,5047
17668,0.0,1.0,4.4,130,48,21,1225,1000.0,5047
17669,0.0,1.0,4.2,337,48,21,1375,1000.0,5047
17670,1.0,1.0,4.3,508,48,21,558,1300.0,5047
17671,0.0,0.0,4.1,1545,48,57,760,1200.0,5047
17672,0.0,1.0,4.4,184,48,21,1013,1800.0,5047
17673,0.0,0.0,3.1,122,48,21,1304,1200.0,5047
17674,0.0,1.0,4.5,8405,8,61,11,2000.0,5047
17675,0.0,0.0,4.5,1598,8,21,1547,1500.0,5047
17676,0.0,1.0,4.5,5282,76,21,5,2500.0,5047
17677,1.0,1.0,4.5,1239,76,21,146,1700.0,5047
17678,1.0,1.0,4.4,1126,12,21,208,1200.0,5047
17679,0.0,0.0,4.2,637,76,60,671,1300.0,5047
17680,0.0,1.0,4.2,1453,49,60,667,1500.0,5047
17681,0.0,1.0,4.3,605,27,21,149,2500.0,5047
17682,1.0,1.0,4.4,494,76,5,1124,1900.0,5047
17683,1.0,1.0,4.5,1418,12,21,521,1700.0,5047
17684,0.0,1.0,4.2,220,49,60,690,1000.0,5047
17685,0.0,1.0,4.2,254,8,57,31,1500.0,5047
17686,0.0,0.0,4.3,2265,12,5,885,1100.0,5047
17687,0.0,1.0,4.3,298,76,5,1104,1200.0,5047
17688,1.0,1.0,4.2,2286,76,21,815,1400.0,5047
17689,0.0,0.0,4.2,1337,12,57,697,1100.0,5047
17690,1.0,1.0,4.0,940,12,21,22,1000.0,5047
17691,0.0,1.0,4.1,101,65,57,664,1000.0,5047
17692,1.0,1.0,4.2,404,8,5,892,1600.0,5047
17693,0.0,0.0,4.2,2029,73,26,26,1200.0,5047
17694,0.0,1.0,3.9,684,12,21,1559,1200.0,5047
17695,0.0,1.0,4.2,546,49,26,1404,1500.0,5047
17696,0.0,1.0,4.1,275,65,38,1156,4000.0,5047
17697,0.0,1.0,4.1,557,8,60,878,1100.0,5047
17698,0.0,0.0,3.9,951,8,57,1196,1100.0,5047
17699,0.0,0.0,4.0,449,65,4,1235,1000.0,5047
17700,1.0,0.0,4.0,167,66,21,1156,1700.0,5047
17701,1.0,0.0,4.1,1214,8,4,663,2000.0,5047
17702,1.0,1.0,4.4,232,49,5,122,2000.0,5047
17703,0.0,0.0,4.2,38,66,4,897,2000.0,5047
17704,0.0,1.0,4.3,430,65,38,521,3500.0,5047
17705,1.0,1.0,4.0,190,74,21,1361,1300.0,5047
17706,0.0,1.0,4.1,338,49,21,1050,1800.0,5047
17707,1.0,0.0,3.9,86,61,5,723,1500.0,5047
17708,0.0,1.0,3.9,747,12,57,886,1500.0,5047
17709,0.0,0.0,3.9,190,76,4,878,600.0,5047
17710,0.0,0.0,2.7,406,49,57,1196,1000.0,5047
17711,0.0,0.0,3.9,234,47,5,996,1000.0,5047
17712,0.0,0.0,3.7,297,65,57,1296,1000.0,5047
17713,0.0,1.0,4.0,195,49,47,1368,3000.0,5047
17714,0.0,1.0,3.8,73,73,4,723,1200.0,5047
17715,1.0,1.0,3.9,96,8,21,1147,1300.0,5047
17716,0.0,1.0,4.2,260,49,21,1661,1500.0,5047
17717,0.0,1.0,3.6,278,76,21,56,800.0,5047
17718,1.0,1.0,4.7,4819,15,59,1458,1300.0,5047
17719,0.0,1.0,4.4,751,81,38,1156,3000.0,5047
17720,0.0,1.0,4.4,375,81,47,878,3000.0,5047
17721,0.0,1.0,4.1,345,81,38,523,2000.0,5047
17722,1.0,1.0,4.2,984,78,21,913,1000.0,5047
17723,0.0,1.0,4.3,429,81,38,1346,3400.0,5047
17724,1.0,1.0,4.1,770,78,21,29,1200.0,5047
17725,0.0,0.0,4.1,495,81,57,904,1300.0,5047
17726,0.0,1.0,3.7,64,4,4,878,2200.0,5047
17727,0.0,1.0,4.3,1143,52,20,1416,1100.0,5047
17728,0.0,1.0,4.3,592,67,20,1156,1200.0,5047
17729,0.0,1.0,4.3,950,52,37,1296,2000.0,5047
17730,1.0,1.0,4.5,1150,52,20,521,1700.0,4966
17731,1.0,1.0,4.3,1099,52,20,1011,1500.0,1336
17732,0.0,1.0,4.0,1070,52,20,1196,950.0,5047
17733,0.0,1.0,4.0,568,52,20,1416,1000.0,5047
17734,0.0,0.0,4.4,2127,67,20,1416,1200.0,5047
17735,0.0,1.0,4.2,371,70,37,1297,2400.0,5047
17736,1.0,0.0,3.8,571,67,20,565,800.0,2660
17737,0.0,1.0,4.1,309,70,37,1317,4100.0,5047
17738,0.0,1.0,4.2,358,72,20,1222,1500.0,5047
17739,0.0,1.0,4.3,354,67,20,1006,1400.0,5047
17740,0.0,1.0,4.0,344,72,37,739,3000.0,5047
17741,0.0,1.0,4.5,409,61,20,1296,1200.0,5047
17742,1.0,1.0,4.3,355,5,22,1468,600.0,2237
17743,0.0,1.0,4.3,854,62,20,1466,800.0,5047
17744,0.0,0.0,3.7,81,62,20,1423,600.0,5047
17745,1.0,1.0,3.7,56,62,20,1539,900.0,2741
17746,1.0,0.0,4.0,69,52,13,332,500.0,1039
17747,1.0,0.0,4.1,272,52,13,404,600.0,4996
17748,1.0,0.0,4.2,504,52,13,494,500.0,4434
17749,0.0,0.0,4.0,399,52,13,427,700.0,5047
17750,1.0,0.0,4.2,287,52,17,783,700.0,2625
17751,1.0,0.0,3.9,250,52,13,455,400.0,4018
17752,0.0,0.0,3.7,117,52,13,332,350.0,5047
17753,1.0,0.0,3.9,72,52,13,425,500.0,540
17754,1.0,0.0,4.3,722,67,14,350,400.0,1582
17755,0.0,0.0,4.3,90,67,13,399,800.0,5047
17756,0.0,1.0,4.3,476,67,13,364,1000.0,5047
17757,1.0,0.0,3.9,111,72,30,779,400.0,3734
17758,0.0,0.0,4.1,184,72,20,661,800.0,5047
17759,1.0,1.0,4.3,355,5,22,1468,600.0,2237
17760,1.0,0.0,4.2,1440,56,13,459,650.0,2427
17761,1.0,0.0,4.5,230,62,29,929,500.0,3177
17762,1.0,0.0,4.0,334,56,62,848,500.0,4981
17763,1.0,0.0,4.2,1440,56,13,459,650.0,2427
17764,1.0,0.0,3.9,112,52,62,1636,200.0,5047
17765,1.0,0.0,4.4,104,52,62,1547,120.0,4206
17766,1.0,0.0,4.0,409,56,62,942,350.0,4686
17767,1.0,0.0,3.9,285,52,41,1670,400.0,4999
17768,1.0,0.0,3.3,535,83,29,923,450.0,2975
17769,1.0,0.0,4.1,253,87,68,1290,400.0,469
17770,1.0,0.0,4.0,555,56,62,323,600.0,1476
17771,1.0,0.0,4.4,403,72,30,956,400.0,5047
17772,1.0,0.0,4.0,601,62,20,1402,750.0,5047
17773,1.0,0.0,3.5,224,56,62,1033,300.0,1265
17774,1.0,0.0,4.1,673,56,62,1644,250.0,1669
17775,1.0,0.0,3.8,30,69,72,995,500.0,3792
17776,1.0,0.0,3.9,115,62,30,792,400.0,5047
17777,1.0,0.0,4.2,577,56,20,128,600.0,4954
17778,1.0,0.0,4.0,154,62,30,949,500.0,4513
17779,1.0,0.0,3.7,418,56,62,1636,400.0,2809
17780,1.0,1.0,4.4,4869,56,22,1468,600.0,2222
17781,1.0,0.0,3.9,129,56,11,778,400.0,2542
17782,1.0,0.0,3.7,594,72,62,875,250.0,4661
17783,1.0,0.0,4.1,142,52,30,956,400.0,362
17784,1.0,0.0,3.8,209,62,62,552,450.0,1816
17785,1.0,0.0,4.1,133,52,62,1577,250.0,5047
17786,1.0,0.0,3.8,179,56,62,84,300.0,5047
17787,1.0,0.0,3.5,250,52,62,1235,300.0,5047
17788,1.0,0.0,4.0,89,87,62,1060,300.0,384
17789,1.0,0.0,3.4,89,87,62,1196,300.0,1866
17790,1.0,0.0,4.1,935,52,20,1136,700.0,2893
17791,1.0,0.0,2.8,340,52,20,1474,750.0,4926
17792,1.0,0.0,3.6,99,5,13,467,500.0,5047
17793,1.0,0.0,3.3,239,56,62,1209,400.0,179
17794,1.0,0.0,3.9,250,69,29,1190,500.0,1019
17795,1.0,0.0,3.6,209,15,62,322,400.0,2636
17796,1.0,0.0,4.0,71,52,62,1587,300.0,3963
17797,1.0,0.0,3.4,84,81,72,1156,200.0,3578
17798,1.0,0.0,3.8,251,52,62,825,350.0,1761
17799,1.0,0.0,3.8,462,56,20,1037,600.0,1270
17800,1.0,0.0,3.9,343,56,20,1196,500.0,3550
17801,1.0,0.0,4.0,284,62,62,1547,150.0,4465
17802,1.0,0.0,4.0,1192,52,62,1589,250.0,3573
17803,1.0,0.0,3.9,182,62,72,1465,800.0,3034
17804,1.0,0.0,4.0,163,60,62,1547,400.0,5047
17805,1.0,0.0,4.1,559,62,72,1392,500.0,1888
17806,1.0,0.0,4.1,1107,56,20,1002,700.0,885
17807,1.0,0.0,4.0,340,52,62,593,350.0,2459
17808,1.0,0.0,4.7,4408,52,62,1547,150.0,5047
17809,1.0,0.0,4.0,629,61,35,777,450.0,4154
17810,1.0,0.0,4.1,637,56,13,333,700.0,2595
17811,1.0,0.0,4.0,380,56,20,625,750.0,633
17812,0.0,0.0,3.9,133,56,2,181,500.0,5047
17813,1.0,0.0,4.0,152,72,20,1156,600.0,550
17814,1.0,0.0,3.8,99,62,62,817,300.0,1088
17815,1.0,0.0,4.1,249,56,30,790,500.0,5027
17816,1.0,0.0,4.0,108,56,12,821,250.0,3727
17817,1.0,0.0,4.1,181,69,62,1547,100.0,3255
17818,1.0,0.0,3.9,171,87,20,1061,450.0,1550
17819,1.0,1.0,4.4,1016,5,20,1375,800.0,3681
17820,1.0,0.0,4.1,52,69,29,1113,600.0,3276
17821,1.0,0.0,4.0,221,62,29,235,650.0,1991
17822,1.0,0.0,4.0,124,56,62,202,300.0,2880
17823,1.0,0.0,3.7,62,87,20,1282,550.0,2513
17824,1.0,0.0,3.8,328,62,20,1600,450.0,4548
17825,1.0,1.0,4.8,6433,52,21,41,1400.0,422
17826,1.0,0.0,4.1,196,52,30,773,300.0,1608
17827,1.0,0.0,3.9,244,69,62,1156,250.0,852
17828,1.0,0.0,4.1,243,5,20,296,600.0,3722
17829,1.0,0.0,2.7,61,52,20,1278,800.0,5047
17830,1.0,0.0,4.0,233,56,62,842,500.0,2026
17831,1.0,0.0,4.1,308,52,20,1489,1200.0,4634
17832,1.0,1.0,4.9,1940,52,20,1375,2000.0,2196
17833,1.0,1.0,4.6,2315,62,21,723,1100.0,1513
17834,1.0,1.0,4.4,2881,56,59,1302,1200.0,3371
17835,1.0,0.0,4.0,106,87,62,817,150.0,5047
17836,1.0,0.0,3.2,58,56,13,436,900.0,5047
17837,1.0,0.0,4.2,418,56,20,523,700.0,1309
17838,1.0,0.0,3.4,62,52,41,1547,500.0,3368
17839,1.0,0.0,4.2,84,72,62,1628,150.0,3713
17840,1.0,0.0,4.1,184,56,12,217,500.0,1725
17841,1.0,0.0,3.9,461,52,62,552,200.0,2226
17842,1.0,0.0,3.5,140,56,62,1156,300.0,196
17843,1.0,0.0,3.8,284,5,20,582,800.0,4388
17844,1.0,0.0,4.0,73,52,69,1121,250.0,2864
17845,1.0,0.0,3.6,159,69,62,1196,350.0,852
17846,1.0,0.0,3.7,69,56,20,1327,650.0,3527
17847,1.0,0.0,4.5,785,52,20,1680,1000.0,4491
17848,1.0,1.0,4.5,1636,15,20,1008,1300.0,930
17849,1.0,0.0,3.8,67,87,30,956,450.0,302
17850,1.0,1.0,4.0,605,56,13,486,800.0,4823
17851,1.0,0.0,3.7,43,61,20,602,900.0,1188
17852,1.0,0.0,4.0,266,56,62,1547,200.0,5047
17853,1.0,0.0,4.0,172,52,62,1611,300.0,1212
17854,1.0,0.0,4.0,702,56,20,966,700.0,4882
17855,1.0,0.0,4.0,96,62,62,529,150.0,1563
17856,1.0,0.0,4.1,135,69,9,210,150.0,3074
17857,1.0,0.0,2.7,93,56,62,1644,300.0,3944
17858,1.0,0.0,2.4,71,52,67,934,500.0,3232
17859,1.0,1.0,4.2,674,56,20,694,800.0,4282
17860,1.0,0.0,3.9,359,52,41,767,300.0,2081
17861,1.0,0.0,4.8,391,81,30,767,400.0,3925
17862,1.0,0.0,4.1,219,52,62,1547,100.0,5047
17863,1.0,0.0,3.8,120,52,63,819,300.0,5047
17864,1.0,0.0,3.3,210,87,62,1034,450.0,2126
17865,1.0,0.0,4.0,255,56,30,789,500.0,3284
17866,1.0,0.0,3.7,119,56,20,1277,400.0,78
17867,1.0,0.0,3.8,162,56,62,1500,300.0,1449
17868,1.0,0.0,3.9,130,52,41,182,450.0,2937
17869,1.0,0.0,3.9,89,52,30,953,500.0,2291
17870,1.0,0.0,3.9,111,72,30,779,400.0,3734
17871,1.0,0.0,4.2,504,52,13,494,500.0,4434
17872,1.0,0.0,3.9,281,56,62,826,500.0,3374
17873,1.0,0.0,2.8,114,56,13,332,600.0,3181
17874,1.0,1.0,4.1,662,52,5,887,1100.0,2264
17875,1.0,1.0,4.0,868,56,22,678,1000.0,1079
17876,1.0,0.0,4.0,58,52,41,1456,300.0,312
17877,1.0,0.0,4.3,722,67,14,350,400.0,1581
17878,1.0,1.0,4.3,1099,52,20,1011,1500.0,1336
17879,1.0,0.0,4.1,257,81,13,402,500.0,916
17880,1.0,0.0,4.1,272,52,13,404,600.0,4996
17881,1.0,0.0,4.0,377,52,62,1474,400.0,3124
17882,1.0,0.0,4.3,657,15,17,427,750.0,5000
17883,1.0,0.0,3.7,118,87,62,1272,400.0,4348
17884,1.0,1.0,4.1,552,56,13,383,800.0,2497
17885,1.0,0.0,3.7,114,56,62,817,400.0,5047
17886,1.0,0.0,3.9,210,60,62,1399,600.0,1196
17887,1.0,0.0,3.0,75,62,62,1562,300.0,2728
17888,1.0,0.0,3.9,105,52,62,822,300.0,5047
17889,1.0,0.0,2.9,67,87,20,1589,600.0,4712
17890,1.0,0.0,4.1,489,52,62,1547,300.0,3503
17891,1.0,1.0,4.3,863,15,22,659,1000.0,2140
17892,1.0,0.0,3.1,94,62,62,1085,350.0,1538
17893,1.0,0.0,3.9,431,56,20,700,700.0,1779
17894,1.0,0.0,3.9,291,52,63,1590,300.0,3960
17895,1.0,0.0,3.8,111,60,20,1537,750.0,1275
17896,1.0,0.0,3.7,55,56,13,364,400.0,1050
17897,1.0,0.0,4.1,669,56,13,463,800.0,3926
17898,1.0,0.0,3.9,40,52,62,1547,150.0,97
17899,1.0,0.0,4.2,744,15,13,406,750.0,2260
17900,1.0,0.0,3.8,87,52,2,181,400.0,598
17901,1.0,0.0,3.9,48,56,13,332,600.0,368
17902,1.0,0.0,3.5,78,60,20,1599,400.0,3250
17903,1.0,0.0,4.0,69,52,13,332,500.0,1039
17904,1.0,0.0,3.7,100,52,62,1196,400.0,264
17905,1.0,0.0,2.8,55,81,62,1617,400.0,3460
17906,1.0,0.0,3.9,250,52,13,455,400.0,4018
17907,1.0,0.0,3.7,126,56,13,456,700.0,4111
17908,1.0,0.0,3.9,363,56,13,477,900.0,1052
17909,1.0,0.0,4.1,159,81,13,455,300.0,408
17910,1.0,0.0,3.6,89,56,20,1384,650.0,365
17911,1.0,0.0,3.8,86,52,20,1031,600.0,3298
17912,1.0,0.0,3.9,49,56,30,787,200.0,5047
17913,1.0,0.0,3.7,88,60,20,565,500.0,2879
17914,1.0,0.0,3.7,160,15,20,604,700.0,1283
17915,1.0,0.0,3.8,208,15,20,1597,400.0,3541
17916,1.0,0.0,4.5,2407,52,62,1547,150.0,5047
17917,1.0,0.0,3.8,154,56,62,1209,450.0,5047
17918,1.0,0.0,3.7,158,60,20,1156,600.0,5047
17919,1.0,0.0,3.8,253,81,20,1209,800.0,2738
17920,0.0,0.0,4.2,124,52,41,1112,400.0,5047
17921,1.0,1.0,4.0,610,52,20,1156,1000.0,5047
17922,1.0,1.0,4.2,166,52,20,1415,1100.0,5047
17923,1.0,1.0,4.1,469,52,21,1367,1200.0,5047
17924,0.0,0.0,4.3,188,52,30,951,200.0,5047
17925,1.0,0.0,3.0,106,60,20,1386,550.0,5047
17926,1.0,0.0,4.0,124,60,62,1132,200.0,5047
17927,1.0,0.0,3.9,140,60,20,1209,500.0,4610
17928,1.0,0.0,3.2,711,56,72,267,500.0,5047
17929,1.0,0.0,4.0,238,56,13,454,500.0,5047
17930,1.0,0.0,3.8,72,62,62,1248,350.0,5047
17931,1.0,0.0,3.9,317,62,20,59,800.0,5047
17932,1.0,0.0,3.9,72,52,13,425,500.0,540
17933,1.0,0.0,2.9,139,56,20,947,650.0,995
17934,1.0,0.0,3.9,86,72,62,866,200.0,3633
17935,1.0,0.0,4.0,280,72,20,1294,600.0,4581
17936,1.0,0.0,3.8,50,56,29,1196,300.0,5047
17937,1.0,0.0,3.8,215,62,62,266,400.0,5047
17938,1.0,0.0,3.8,591,62,20,68,700.0,5047
17939,1.0,0.0,2.3,178,62,20,1284,500.0,3175
17940,1.0,0.0,2.6,166,56,62,1048,350.0,5047
17941,1.0,0.0,4.1,500,62,20,1196,600.0,5047
17942,1.0,0.0,4.0,397,62,62,1156,450.0,5047
17943,1.0,1.0,4.5,1150,52,20,521,1700.0,5047
17944,1.0,0.0,3.8,323,52,20,1208,650.0,5047
17945,0.0,1.0,4.0,1070,52,20,1196,950.0,5047
17946,1.0,0.0,3.4,77,20,72,1268,400.0,5047
17947,1.0,0.0,3.0,99,56,20,1258,500.0,5047
17948,0.0,1.0,4.3,1143,52,20,1416,1100.0,5047
17949,1.0,0.0,3.4,589,62,20,69,600.0,5047
17950,0.0,0.0,3.7,175,52,20,604,600.0,5047
17951,1.0,0.0,4.0,537,56,20,561,650.0,5047
17952,1.0,0.0,3.5,100,62,62,1597,400.0,5047
17953,1.0,0.0,4.1,327,52,51,1547,150.0,5047
17954,1.0,0.0,3.9,81,52,20,1607,600.0,5047
17955,1.0,0.0,4.2,100,87,20,1222,1000.0,5047
17956,1.0,0.0,3.7,349,62,20,1383,600.0,5047
17957,1.0,0.0,4.2,253,87,62,1589,450.0,5047
17958,1.0,0.0,3.7,67,5,20,1196,500.0,5047
17959,1.0,1.0,4.2,476,15,20,1272,1700.0,5047
17960,1.0,0.0,4.2,136,15,20,162,1500.0,5047
17961,1.0,0.0,4.1,444,52,20,524,600.0,5047
17962,1.0,0.0,3.9,61,5,69,1121,100.0,1981
17963,1.0,0.0,4.1,398,15,20,544,600.0,5047
17964,0.0,0.0,3.1,49,52,41,1586,800.0,5047
17965,1.0,1.0,3.8,280,60,20,1531,1200.0,5047
17966,0.0,0.0,2.6,30,52,62,920,500.0,5047
17967,1.0,0.0,3.7,50,51,20,1554,750.0,5047
17968,1.0,0.0,3.8,571,67,20,565,800.0,5047
17969,1.0,1.0,3.9,675,62,20,1296,900.0,5047
17970,1.0,0.0,3.7,101,60,20,612,500.0,5047
17971,1.0,0.0,3.1,94,60,20,1202,500.0,5047
17972,1.0,1.0,4.0,457,15,20,604,1000.0,5047
17973,1.0,0.0,3.8,149,62,20,521,700.0,5047
17974,1.0,1.0,4.1,532,67,20,1088,1000.0,5047
17975,1.0,1.0,4.0,380,15,20,1243,850.0,5047
17976,1.0,1.0,4.0,672,67,20,1156,900.0,5047
17977,1.0,0.0,3.8,177,72,62,235,300.0,5047
17978,1.0,1.0,4.1,426,62,20,1537,1100.0,5047
17979,1.0,0.0,3.7,212,56,20,1416,900.0,5047
17980,0.0,1.0,4.3,592,67,20,1156,1200.0,5047
17981,0.0,1.0,4.2,174,67,20,1490,1200.0,5047
17982,0.0,1.0,4.3,854,62,20,1466,800.0,5047
17983,0.0,1.0,4.3,354,67,20,1006,1400.0,5047
17984,0.0,0.0,4.0,471,70,20,1156,600.0,5047
17985,1.0,1.0,4.6,514,72,20,1094,1000.0,5047
17986,1.0,1.0,3.7,56,62,20,1539,900.0,5047
17987,0.0,0.0,2.5,60,67,20,71,750.0,5047
17988,0.0,0.0,3.8,53,61,20,1196,750.0,5047
17989,0.0,0.0,4.1,184,72,20,661,800.0,5047
17990,1.0,1.0,4.1,289,67,20,1244,800.0,5047
17991,1.0,0.0,3.7,46,61,20,1547,1000.0,5047
17992,1.0,0.0,4.1,196,69,62,1079,300.0,5047
17993,0.0,0.0,2.7,268,52,41,1465,500.0,5047
17994,1.0,0.0,3.7,168,56,13,490,700.0,5047
17995,1.0,0.0,3.9,86,61,5,723,1500.0,5047
17996,1.0,0.0,4.2,1731,52,57,539,1400.0,5047
17997,0.0,0.0,3.9,83,72,20,253,650.0,5047
17998,1.0,1.0,3.8,91,15,20,1429,1800.0,5047
17999,1.0,0.0,4.1,289,62,72,1465,600.0,4171
18000,0.0,0.0,4.2,217,52,0,181,400.0,5047
18001,1.0,0.0,3.8,87,52,2,181,400.0,598
18002,0.0,0.0,3.9,107,52,30,789,250.0,5047
18003,1.0,0.0,4.2,287,52,17,783,700.0,2626
18004,0.0,0.0,4.3,188,52,30,951,200.0,5047
18005,0.0,0.0,3.9,132,52,0,188,250.0,5047
18006,1.0,0.0,4.3,124,52,69,1121,250.0,5047
18007,1.0,0.0,4.1,196,52,30,773,300.0,1608
18008,1.0,0.0,3.9,89,52,30,953,500.0,2291
18009,1.0,0.0,3.9,359,52,41,767,300.0,2081
18010,1.0,0.0,3.7,104,52,11,778,400.0,2540
18011,1.0,0.0,4.1,142,52,30,956,400.0,362
18012,1.0,0.0,4.0,165,52,30,792,400.0,612
18013,0.0,0.0,4.1,81,52,30,949,100.0,5047
18014,0.0,0.0,4.1,96,52,41,214,250.0,5047
18015,0.0,0.0,3.8,51,52,30,950,200.0,5047
18016,1.0,0.0,3.9,130,52,41,182,450.0,2937
18017,1.0,0.0,4.3,722,67,14,350,400.0,1580
18018,0.0,0.0,4.3,90,67,13,399,800.0,5047
18019,1.0,0.0,4.4,403,72,30,956,400.0,4566
18020,1.0,0.0,3.9,111,72,30,779,400.0,3734
18021,0.0,0.0,4.2,59,70,30,790,1250.0,5047
18022,0.0,0.0,4.1,184,72,20,661,800.0,5047
18023,0.0,0.0,4.8,1156,62,0,181,200.0,5047
18024,1.0,1.0,4.3,355,5,22,1468,600.0,2237
18025,1.0,0.0,4.0,629,61,35,777,450.0,4154
18026,0.0,0.0,4.3,236,61,30,767,500.0,5047
18027,1.0,0.0,4.0,154,62,30,949,500.0,4513
18028,0.0,1.0,4.3,1143,52,20,1416,1100.0,5047
18029,0.0,1.0,4.1,4767,52,49,1020,2600.0,5047
18030,1.0,1.0,4.9,1940,52,20,1375,2000.0,2197
18031,0.0,0.0,4.3,2316,52,52,909,1800.0,5047
18032,0.0,1.0,4.3,950,52,37,1296,2000.0,5047
18033,0.0,1.0,4.7,1316,52,20,163,1300.0,5047
18034,0.0,1.0,4.2,563,52,37,1073,2500.0,5047
18035,1.0,1.0,4.1,469,52,21,1367,1200.0,3515
18036,1.0,1.0,4.5,1150,52,20,521,1700.0,4966
18037,1.0,1.0,4.8,6433,52,21,41,1400.0,422
18038,1.0,0.0,4.1,935,52,20,1136,700.0,2892
18039,1.0,0.0,4.5,785,52,20,1680,1000.0,4491
18040,1.0,0.0,4.2,1731,52,57,539,1400.0,3349
18041,1.0,1.0,4.3,1099,52,20,1011,1500.0,1336
18042,0.0,0.0,4.1,213,52,20,262,800.0,5047
18043,1.0,1.0,4.0,610,52,20,1156,1000.0,5033
18044,0.0,0.0,4.0,775,52,46,968,1400.0,5047
18045,0.0,1.0,4.0,1070,52,20,1196,950.0,5047
18046,1.0,0.0,4.0,69,52,13,332,500.0,1039
18047,1.0,0.0,4.1,272,52,13,404,600.0,4996
18048,1.0,1.0,4.1,662,52,5,887,1100.0,2264
18049,0.0,1.0,4.0,568,52,20,1416,1000.0,5047
18050,0.0,0.0,4.2,485,52,20,1375,1500.0,5047
18051,0.0,0.0,4.2,608,52,20,592,500.0,5047
18052,1.0,0.0,4.1,444,52,20,524,600.0,4774
18053,1.0,0.0,4.1,308,52,20,1489,1200.0,4635
18054,1.0,0.0,4.3,127,52,62,1547,100.0,425
18055,0.0,0.0,4.1,730,52,57,903,1500.0,5047
18056,1.0,0.0,3.8,323,52,20,1208,650.0,543
18057,0.0,0.0,3.8,409,52,20,1447,700.0,5047
18058,0.0,0.0,3.9,115,52,20,565,500.0,5047
18059,1.0,0.0,4.2,504,52,13,494,500.0,4433
18060,0.0,1.0,4.2,244,52,37,983,2500.0,5047
18061,0.0,1.0,4.1,401,52,46,718,1500.0,5047
18062,1.0,0.0,4.2,287,52,17,783,700.0,2626
18063,0.0,0.0,4.1,1187,52,20,807,1500.0,5047
18064,1.0,0.0,3.9,81,52,20,1607,600.0,1100
18065,1.0,0.0,2.7,82,52,20,1599,400.0,3245
18066,0.0,1.0,3.7,96,52,4,884,1100.0,5047
18067,1.0,0.0,2.8,340,52,20,1474,750.0,4926
18068,1.0,1.0,4.2,166,52,20,1415,1100.0,202
18069,1.0,0.0,3.8,86,52,20,1031,600.0,3298
18070,1.0,0.0,4.1,327,52,51,1547,150.0,5047
18071,0.0,1.0,3.7,77,52,5,624,2000.0,5047
18072,1.0,0.0,3.9,250,52,13,455,400.0,4018
18073,1.0,0.0,3.9,72,52,13,425,500.0,540
18074,0.0,0.0,3.7,175,52,20,604,600.0,5047
18075,1.0,0.0,2.7,61,52,20,1278,800.0,5047
18076,0.0,0.0,2.8,81,52,20,1597,600.0,5047
18077,0.0,0.0,3.9,282,52,62,1547,250.0,5047
18078,1.0,0.0,4.7,4408,52,62,1547,150.0,742
18079,1.0,0.0,4.0,1192,52,62,1589,250.0,3574
18080,0.0,0.0,4.3,354,52,62,1551,300.0,5047
18081,1.0,0.0,4.1,133,52,62,1577,250.0,2978
18082,1.0,0.0,4.0,71,52,62,1587,300.0,3964
18083,0.0,0.0,3.8,76,52,62,1547,200.0,5047
18084,0.0,0.0,4.2,600,52,62,1589,200.0,5047
18085,1.0,0.0,4.0,340,52,62,593,350.0,2459
18086,0.0,0.0,4.1,748,52,62,1547,150.0,5047
18087,1.0,0.0,4.0,172,52,62,1611,300.0,1212
18088,1.0,0.0,4.0,192,52,62,322,400.0,186
18089,0.0,0.0,4.1,534,52,62,1618,800.0,5047
18090,0.0,0.0,4.2,124,52,41,1112,400.0,5047
18091,1.0,0.0,3.5,250,52,62,1235,300.0,3708
18092,0.0,0.0,4.2,62,52,62,1585,350.0,5047
18093,0.0,0.0,4.0,212,52,62,1156,250.0,5047
18094,1.0,0.0,4.0,633,52,62,323,600.0,4931
18095,1.0,0.0,4.0,377,52,62,1474,400.0,3123
18096,0.0,0.0,3.1,116,52,41,1451,600.0,5047
18097,1.0,0.0,3.9,461,52,62,552,200.0,2226
18098,1.0,0.0,4.0,151,52,62,829,500.0,5047
18099,0.0,0.0,4.2,61,52,62,1628,200.0,5047
18100,0.0,0.0,4.0,52,52,62,865,250.0,5047
18101,1.0,0.0,3.9,112,52,62,1636,200.0,3070
18102,0.0,0.0,2.9,57,52,62,1156,300.0,5047
18103,1.0,0.0,3.7,89,52,41,1242,500.0,4751
18104,1.0,0.0,4.0,58,52,41,1456,300.0,312
18105,1.0,0.0,3.7,100,52,62,1196,400.0,264
18106,0.0,0.0,3.9,47,52,62,1070,300.0,5047
18107,1.0,0.0,3.4,62,52,41,1547,500.0,3368
18108,1.0,0.0,3.8,120,52,63,819,300.0,5047
18109,0.0,0.0,4.2,471,52,62,1628,100.0,5047
18110,1.0,0.0,4.2,466,52,41,1547,300.0,52
18111,1.0,0.0,3.9,291,52,63,1590,300.0,3961
18112,1.0,0.0,2.7,72,52,41,1360,550.0,3638
18113,1.0,0.0,4.0,165,52,30,792,400.0,612
18114,1.0,0.0,2.4,71,52,67,934,500.0,3231
18115,0.0,0.0,3.1,49,52,41,1586,800.0,5047
18116,0.0,0.0,2.6,30,52,62,920,500.0,5047
18117,0.0,0.0,2.8,42,52,9,1021,150.0,5047
18118,0.0,0.0,2.7,268,52,41,1465,500.0,5047
18119,0.0,0.0,4.4,2127,67,20,1416,1200.0,5047
18120,0.0,1.0,4.3,592,67,20,1156,1200.0,5047
18121,0.0,1.0,4.2,174,67,20,1490,1200.0,5047
18122,0.0,1.0,4.2,371,70,37,1297,2400.0,5047
18123,1.0,1.0,4.6,514,72,20,1094,1000.0,1297
18124,1.0,0.0,3.8,571,67,20,565,800.0,2660
18125,0.0,1.0,4.1,309,70,37,1317,4100.0,5047
18126,0.0,1.0,4.2,358,72,20,1222,1500.0,5047
18127,0.0,0.0,3.9,629,70,27,878,2000.0,5047
18128,1.0,1.0,4.0,672,67,20,1156,900.0,5047
18129,0.0,1.0,4.3,413,70,37,1375,5000.0,5047
18130,0.0,0.0,4.3,90,67,13,399,800.0,5047
18131,0.0,1.0,4.3,354,67,20,1006,1400.0,5047
18132,0.0,1.0,4.0,344,72,37,739,3000.0,5047
18133,0.0,0.0,4.1,179,72,6,885,3000.0,5047
18134,0.0,0.0,3.9,481,67,27,878,1500.0,5047
18135,0.0,1.0,4.3,476,67,13,364,1000.0,5047
18136,1.0,1.0,4.1,532,67,20,1088,1000.0,2955
18137,0.0,1.0,4.3,202,70,37,1547,4000.0,5047
18138,0.0,0.0,3.8,273,72,46,663,2200.0,5047
18139,0.0,1.0,4.2,258,67,20,1129,1800.0,5047
18140,0.0,1.0,4.3,291,70,37,1156,4000.0,5047
18141,0.0,1.0,4.1,432,72,20,1043,1200.0,5047
18142,0.0,0.0,4.3,177,67,13,427,700.0,5047
18143,1.0,1.0,4.1,289,67,20,1244,800.0,4959
18144,0.0,0.0,4.0,149,72,20,1443,700.0,5047
18145,0.0,0.0,4.0,471,70,20,1156,600.0,5047
18146,0.0,1.0,4.0,207,72,37,1014,2200.0,5047
18147,0.0,1.0,4.1,187,70,4,799,2500.0,5047
18148,0.0,0.0,4.1,62,72,20,1423,450.0,5047
18149,0.0,0.0,3.9,83,72,20,253,650.0,5047
18150,0.0,1.0,4.0,134,72,37,1351,3700.0,5047
18151,1.0,0.0,3.9,134,67,20,610,700.0,4876
18152,1.0,0.0,4.0,280,72,20,1294,600.0,4581
18153,0.0,0.0,2.5,60,67,20,71,750.0,5047
18154,1.0,0.0,4.0,152,72,20,1156,600.0,550
18155,0.0,0.0,4.1,184,72,20,661,800.0,5047
18156,1.0,0.0,4.5,96,72,62,1547,300.0,3690
18157,1.0,0.0,4.3,84,72,62,1547,200.0,3253
18158,1.0,0.0,3.8,177,72,62,235,300.0,5047
18159,0.0,0.0,3.9,46,67,62,1561,200.0,5047
18160,1.0,0.0,3.9,86,72,62,866,200.0,5047
18161,1.0,0.0,3.7,594,72,62,875,250.0,4661
18162,0.0,1.0,4.3,1042,62,5,891,1650.0,5047
18163,1.0,1.0,4.6,2315,62,21,723,1100.0,1513
18164,0.0,0.0,4.5,3953,61,21,1484,1300.0,5047
18165,0.0,0.0,4.3,678,62,20,1547,400.0,5047
18166,0.0,1.0,4.5,2711,56,60,688,1200.0,5047
18167,0.0,1.0,4.5,409,61,20,1296,1200.0,5047
18168,1.0,1.0,4.3,355,5,22,1468,600.0,2236
18169,0.0,0.0,4.3,813,62,20,1289,600.0,5047
18170,0.0,1.0,4.3,854,62,20,1466,800.0,5047
18171,1.0,0.0,4.2,418,56,20,523,700.0,1309
18172,0.0,1.0,4.2,168,61,5,624,1400.0,5047
18173,1.0,1.0,4.3,1033,61,20,1423,850.0,1871
18174,0.0,0.0,3.9,156,87,62,1423,300.0,5047
18175,1.0,1.0,3.9,675,62,20,1296,900.0,5047
18176,1.0,0.0,4.2,1440,56,13,459,650.0,2428
18177,1.0,1.0,4.1,426,62,20,1537,1100.0,3373
18178,1.0,0.0,3.9,317,62,20,59,800.0,4660
18179,1.0,0.0,3.8,328,62,20,1600,450.0,5047
18180,1.0,0.0,3.8,591,62,20,68,700.0,5047
18181,0.0,0.0,4.1,485,61,62,1547,400.0,5047
18182,1.0,0.0,4.1,500,62,20,1196,600.0,2621
18183,1.0,0.0,4.0,89,87,62,1060,300.0,3877
18184,0.0,0.0,3.7,81,62,20,1423,600.0,5047
18185,1.0,0.0,3.8,215,62,62,266,400.0,569
18186,1.0,0.0,3.4,589,62,20,69,600.0,3363
18187,1.0,1.0,3.7,56,62,20,1539,900.0,2741
18188,1.0,0.0,2.3,178,62,20,1284,500.0,5047
18189,1.0,0.0,4.0,397,62,62,1156,450.0,414
18190,0.0,0.0,3.6,68,62,62,1587,450.0,5047
18191,1.0,0.0,3.7,349,62,20,1383,600.0,5047
18192,0.0,0.0,3.8,53,61,20,1196,750.0,5047
18193,1.0,0.0,3.0,75,62,62,1562,300.0,5047
18194,1.0,0.0,3.8,209,62,62,552,450.0,5047
18195,0.0,1.0,4.5,2713,56,60,688,1200.0,5047
18196,0.0,1.0,4.1,4768,52,49,1020,2600.0,5047
18197,0.0,0.0,4.3,2318,52,52,909,1800.0,5047
18198,1.0,1.0,4.2,470,52,21,1367,1200.0,5047
18199,1.0,0.0,4.2,1731,52,57,539,1400.0,5047
18200,0.0,0.0,4.0,775,52,46,968,1400.0,5047
18201,1.0,1.0,4.1,662,52,5,887,1100.0,5047
18202,0.0,0.0,4.1,731,52,57,903,1500.0,5047
18203,0.0,1.0,4.1,402,52,46,718,1500.0,5047
18204,0.0,1.0,3.7,96,52,4,884,1100.0,5047
18205,0.0,1.0,3.7,77,52,5,624,2000.0,5047
18206,0.0,0.0,3.9,630,70,27,878,2000.0,5047
18207,0.0,0.0,4.1,181,72,6,885,3000.0,5047
18208,0.0,0.0,3.9,481,67,27,878,1500.0,5047
18209,0.0,0.0,3.8,273,72,46,663,2200.0,5047
18210,0.0,1.0,4.3,1058,62,5,891,1650.0,5047
18211,0.0,1.0,4.5,2713,56,60,688,1200.0,5047
18212,1.0,1.0,4.6,2338,62,21,723,1100.0,5047
18213,1.0,1.0,4.2,470,52,21,1367,1200.0,5047
18214,1.0,1.0,4.8,6440,52,21,41,1400.0,5047
18215,1.0,0.0,4.2,1731,52,57,539,1400.0,5047
18216,1.0,1.0,4.1,662,52,5,887,1100.0,5047
18217,0.0,0.0,4.1,731,52,57,903,1500.0,5047
18218,0.0,1.0,3.7,96,52,4,884,1100.0,5047
18219,0.0,1.0,3.7,77,52,5,624,2000.0,5047
18220,0.0,0.0,4.1,181,72,6,885,3000.0,5047
18221,0.0,1.0,4.1,187,70,4,799,2500.0,5047
18222,0.0,1.0,4.3,1058,62,5,891,1650.0,5047
18223,0.0,0.0,4.5,3960,61,21,1484,1300.0,5047
18224,0.0,1.0,4.2,167,61,5,624,1400.0,5047
18225,0.0,1.0,4.3,764,53,37,741,2500.0,5047
18226,1.0,1.0,4.6,5894,53,56,721,1400.0,5047
18227,0.0,1.0,4.4,730,53,60,726,1500.0,5047
18228,0.0,1.0,4.8,7284,53,21,1324,1500.0,5047
18229,0.0,1.0,4.8,12121,53,20,813,1600.0,5047
18230,0.0,1.0,4.8,3932,53,20,720,1300.0,5047
18231,0.0,1.0,4.7,7154,53,20,153,1400.0,5047
18232,0.0,1.0,4.5,1909,53,21,1369,1100.0,5047
18233,0.0,1.0,4.5,3486,53,20,1394,1300.0,5047
18234,1.0,1.0,4.4,1184,53,60,1228,1200.0,5047
18235,0.0,1.0,4.5,785,53,37,1309,2700.0,5047
18236,0.0,0.0,4.3,1370,53,20,1303,1000.0,5047
18237,0.0,1.0,4.3,1074,53,20,1325,1600.0,5047
18238,0.0,1.0,4.0,362,53,21,138,1500.0,5047
18239,0.0,1.0,3.9,866,53,5,1126,1500.0,5047
18240,1.0,1.0,4.2,344,53,20,170,1700.0,5047
18241,0.0,1.0,4.0,213,53,20,1296,1300.0,5047
18242,1.0,0.0,3.8,94,53,20,1272,750.0,5047
18243,0.0,0.0,3.9,63,53,20,1146,1000.0,5047
18244,0.0,1.0,2.6,62,53,21,1197,1000.0,5047
18245,0.0,0.0,2.6,118,53,21,1196,1200.0,5047
18246,1.0,1.0,4.4,978,9,22,1468,600.0,5047
18247,1.0,1.0,4.2,841,9,20,1166,700.0,5047
18248,1.0,1.0,3.8,832,9,21,1156,750.0,5047
18249,0.0,0.0,2.8,161,84,21,539,1200.0,5047
18250,0.0,0.0,2.9,51,84,20,1235,600.0,5047
18251,0.0,1.0,4.3,72,9,14,355,400.0,5047
18252,1.0,1.0,4.6,2906,53,22,1468,600.0,5047
18253,0.0,0.0,3.9,90,53,13,455,700.0,5047
18254,1.0,0.0,2.8,67,53,13,508,300.0,5047
18255,0.0,0.0,3.6,94,53,13,360,700.0,5047
18256,1.0,0.0,4.1,85,53,13,370,400.0,5047
18257,1.0,0.0,3.6,97,53,13,332,650.0,782
18258,1.0,0.0,4.1,825,9,13,506,300.0,277
18259,1.0,1.0,4.0,137,9,13,325,600.0,5047
18260,1.0,1.0,3.2,503,9,13,359,500.0,3836
18261,0.0,0.0,4.0,80,9,13,332,500.0,5047
18262,0.0,0.0,4.1,707,9,13,387,600.0,5047
18263,1.0,0.0,3.9,55,80,72,869,300.0,2112
18264,1.0,0.0,3.6,174,80,72,1056,400.0,3407
18265,1.0,0.0,3.8,604,53,29,1477,700.0,5047
18266,1.0,0.0,4.2,373,9,20,604,600.0,5047
18267,1.0,0.0,3.6,151,17,29,1004,450.0,5047
18268,1.0,0.0,3.8,798,53,29,1429,450.0,3948
18269,1.0,0.0,3.8,84,80,72,1518,250.0,937
18270,1.0,0.0,2.8,295,53,29,1196,500.0,5047
18271,1.0,1.0,4.2,841,9,20,1166,700.0,859
18272,1.0,0.0,4.5,157,53,62,1259,300.0,5047
18273,1.0,0.0,2.4,135,53,20,1196,600.0,5047
18274,1.0,0.0,3.5,69,9,20,1142,850.0,1456
18275,1.0,0.0,3.8,61,53,62,939,500.0,235
18276,1.0,0.0,3.8,759,53,20,1210,500.0,2997
18277,1.0,0.0,3.6,97,53,13,332,650.0,782
18278,1.0,0.0,3.8,70,9,9,214,400.0,3983
18279,1.0,0.0,3.7,163,53,29,1156,400.0,5047
18280,1.0,0.0,3.2,419,84,29,1327,500.0,3530
18281,1.0,0.0,4.0,234,10,29,235,650.0,1989
18282,1.0,0.0,3.7,242,53,62,1407,400.0,5047
18283,1.0,1.0,4.4,1810,53,20,558,800.0,5047
18284,1.0,0.0,3.4,313,53,62,1196,300.0,5047
18285,1.0,0.0,4.2,226,9,69,1121,400.0,4216
18286,1.0,0.0,2.4,172,53,62,1474,400.0,3129
18287,1.0,0.0,3.2,220,53,62,1547,450.0,5047
18288,1.0,0.0,3.6,348,53,20,94,1000.0,5047
18289,1.0,1.0,3.4,153,53,20,1196,800.0,5047
18290,1.0,0.0,3.0,401,9,62,829,500.0,5047
18291,1.0,0.0,4.0,173,53,62,817,400.0,5047
18292,1.0,0.0,3.9,94,53,62,942,300.0,5047
18293,1.0,0.0,3.8,94,53,9,821,250.0,5047
18294,1.0,0.0,3.7,53,84,29,1156,350.0,5047
18295,1.0,0.0,4.6,121,53,11,214,400.0,5047
18296,1.0,0.0,4.0,97,53,62,1209,400.0,4349
18297,1.0,0.0,2.6,159,53,62,1156,300.0,2448
18298,1.0,0.0,2.6,346,53,20,947,700.0,2561
18299,1.0,0.0,4.0,312,53,62,1628,150.0,638
18300,1.0,0.0,3.2,155,53,20,199,600.0,1517
18301,1.0,0.0,3.9,1994,53,20,238,800.0,1831
18302,1.0,0.0,3.3,228,53,62,1268,250.0,1107
18303,1.0,0.0,3.1,217,53,20,601,650.0,4385
18304,1.0,0.0,3.3,71,53,12,228,250.0,2152
18305,1.0,0.0,4.1,519,53,30,790,500.0,2272
18306,1.0,0.0,4.0,174,53,30,798,350.0,5047
18307,0.0,1.0,4.2,1459,53,21,50,800.0,5047
18308,1.0,0.0,3.8,71,53,62,227,200.0,2320
18309,0.0,1.0,3.8,53,53,4,731,1400.0,5047
18310,1.0,0.0,4.2,571,9,72,1392,500.0,5047
18311,1.0,1.0,4.1,99,53,21,669,1100.0,1973
18312,1.0,0.0,3.3,184,53,62,825,350.0,472
18313,0.0,0.0,3.9,96,53,20,517,650.0,5047
18314,1.0,0.0,4.2,403,84,29,1156,400.0,5047
18315,1.0,1.0,4.4,441,84,22,1315,1400.0,5047
18316,1.0,0.0,3.7,494,53,20,278,700.0,2735
18317,1.0,0.0,3.4,115,53,72,1335,300.0,3851
18318,0.0,1.0,3.7,88,53,20,652,800.0,5047
18319,1.0,0.0,4.1,49,53,29,1113,600.0,4011
18320,0.0,1.0,2.7,444,53,20,1156,900.0,5047
18321,1.0,0.0,4.2,3367,53,20,239,600.0,2467
18322,1.0,0.0,4.1,326,53,29,1196,300.0,3842
18323,1.0,0.0,2.8,132,17,29,923,450.0,3017
18324,1.0,0.0,4.5,236,53,62,1131,300.0,5047
18325,0.0,0.0,3.9,412,53,29,240,300.0,5047
18326,0.0,0.0,2.0,259,53,20,80,800.0,5047
18327,0.0,0.0,3.8,111,53,20,1196,600.0,5047
18328,1.0,0.0,3.9,115,9,20,1162,800.0,969
18329,1.0,0.0,3.3,802,9,62,106,400.0,5047
18330,1.0,0.0,4.0,244,53,62,1637,200.0,5047
18331,1.0,0.0,3.9,195,84,62,1196,300.0,5047
18332,0.0,0.0,3.8,36,53,21,80,1100.0,5047
18333,1.0,0.0,3.9,671,53,20,1606,450.0,2842
18334,1.0,0.0,3.4,422,53,62,1196,400.0,3592
18335,1.0,0.0,3.1,159,9,62,1209,450.0,4915
18336,1.0,0.0,3.9,907,84,29,1156,400.0,5047
18337,1.0,0.0,4.2,337,53,68,1643,200.0,2912
18338,0.0,0.0,3.4,131,53,72,857,500.0,5047
18339,0.0,0.0,4.1,123,53,62,1156,200.0,5047
18340,1.0,0.0,4.0,223,33,20,944,700.0,5047
18341,0.0,0.0,3.6,87,53,20,43,650.0,5047
18342,1.0,0.0,4.4,541,58,29,769,600.0,2089
18343,1.0,0.0,4.5,971,53,30,956,400.0,1979
18344,0.0,0.0,3.9,63,53,20,1146,1000.0,5047
18345,1.0,0.0,4.1,287,53,30,789,300.0,5047
18346,1.0,0.0,4.3,509,84,30,956,400.0,5047
18347,0.0,0.0,3.8,60,53,20,817,800.0,5047
18348,1.0,0.0,4.2,49,53,29,1465,600.0,4166
18349,1.0,0.0,4.1,74,53,29,1465,800.0,1446
18350,1.0,0.0,4.1,85,53,13,370,400.0,3683
18351,1.0,0.0,3.8,27,53,62,234,150.0,5047
18352,1.0,0.0,3.6,113,84,29,64,200.0,5047
18353,0.0,0.0,3.8,690,53,20,604,1000.0,5047
18354,0.0,1.0,2.6,62,53,21,1197,1000.0,5047
18355,0.0,0.0,2.1,342,53,62,282,500.0,5047
18356,1.0,0.0,3.5,47,53,62,1208,300.0,3600
18357,1.0,1.0,4.6,2906,53,22,1468,600.0,5047
18358,0.0,0.0,3.6,28,53,20,1196,600.0,5047
18359,0.0,0.0,2.3,203,53,20,1196,400.0,5047
18360,1.0,0.0,3.9,96,53,62,1190,500.0,1018
18361,1.0,0.0,4.0,183,9,66,782,550.0,560
18362,1.0,1.0,4.6,5894,53,56,721,1400.0,5047
18363,1.0,0.0,3.7,129,80,72,285,300.0,1120
18364,1.0,0.0,3.2,50,84,51,53,300.0,5047
18365,1.0,0.0,3.9,308,33,20,613,500.0,1314
18366,1.0,0.0,4.2,220,53,62,1156,300.0,1899
18367,0.0,0.0,3.8,78,53,62,1196,350.0,5047
18368,1.0,1.0,4.4,3004,53,5,1311,1300.0,4246
18369,1.0,0.0,4.1,221,80,45,1644,250.0,541
18370,1.0,0.0,3.9,536,53,62,322,450.0,5047
18371,1.0,0.0,3.4,250,9,62,203,400.0,4920
18372,1.0,0.0,3.7,83,53,20,307,600.0,1959
18373,1.0,0.0,3.6,66,53,62,1181,600.0,1191
18374,0.0,0.0,3.5,45,53,62,1175,400.0,5047
18375,1.0,0.0,3.9,772,53,20,1181,1000.0,1117
18376,1.0,1.0,4.1,341,9,20,102,600.0,5047
18377,1.0,1.0,4.6,592,84,20,0,1000.0,933
18378,1.0,0.0,3.9,632,53,62,1451,300.0,3785
18379,1.0,0.0,3.7,143,53,9,214,300.0,2901
18380,1.0,1.0,3.8,345,53,20,238,800.0,3534
18381,0.0,0.0,2.8,110,53,62,1002,600.0,5047
18382,1.0,0.0,3.6,543,53,62,209,400.0,4512
18383,1.0,1.0,4.0,364,84,20,1053,700.0,1197
18384,1.0,0.0,4.1,932,84,20,1081,700.0,3259
18385,1.0,0.0,4.1,461,53,62,1451,400.0,2665
18386,1.0,1.0,4.1,1752,84,20,1017,1400.0,223
18387,1.0,1.0,4.5,751,84,17,9,900.0,4528
18388,1.0,0.0,4.0,741,84,20,625,750.0,2025
18389,1.0,1.0,4.0,914,53,20,45,750.0,4621
18390,1.0,0.0,3.8,314,77,62,1200,400.0,1869
18391,1.0,1.0,3.2,503,9,13,359,500.0,5014
18392,1.0,0.0,3.7,231,53,20,1591,500.0,5047
18393,1.0,0.0,4.0,284,53,20,236,750.0,343
18394,1.0,0.0,3.0,178,33,62,1547,200.0,3191
18395,1.0,1.0,3.9,231,53,20,1182,800.0,3347
18396,1.0,0.0,4.0,105,53,9,210,300.0,5047
18397,1.0,0.0,3.6,131,53,62,197,600.0,2888
18398,1.0,0.0,3.9,198,9,62,1180,300.0,4039
18399,1.0,1.0,3.2,271,9,60,723,1500.0,2335
18400,1.0,1.0,4.4,3113,53,21,1350,1500.0,2813
18401,1.0,0.0,4.1,671,53,62,1674,450.0,4982
18402,1.0,0.0,3.7,354,84,20,1181,700.0,5047
18403,1.0,0.0,4.1,426,53,20,1156,1000.0,1681
18404,1.0,0.0,4.4,1053,84,29,929,500.0,1
18405,1.0,0.0,3.6,83,33,62,866,350.0,5047
18406,1.0,0.0,4.0,136,53,20,1579,1000.0,333
18407,1.0,1.0,4.4,1184,53,60,1228,1200.0,5047
18408,1.0,0.0,3.8,198,9,62,84,300.0,2758
18409,1.0,0.0,3.8,62,84,29,38,600.0,5047
18410,1.0,0.0,4.1,50,53,62,1640,200.0,1955
18411,1.0,1.0,4.0,137,9,13,325,600.0,4109
18412,1.0,0.0,4.3,178,84,64,1340,400.0,2318
18413,1.0,0.0,4.0,728,53,20,941,800.0,4616
18414,1.0,0.0,3.8,76,33,62,558,250.0,1311
18415,1.0,0.0,3.8,121,53,72,1070,150.0,5047
18416,1.0,1.0,4.2,198,53,20,88,1000.0,723
18417,1.0,1.0,4.0,511,9,20,48,800.0,2195
18418,1.0,0.0,3.8,295,53,62,1459,350.0,5047
18419,1.0,0.0,3.9,81,53,62,1156,250.0,57
18420,1.0,0.0,2.7,135,53,20,277,550.0,5047
18421,1.0,0.0,3.9,1624,84,20,292,800.0,2556
18422,1.0,0.0,3.2,61,33,72,1474,400.0,3112
18423,1.0,0.0,3.7,853,84,20,50,650.0,5047
18424,1.0,0.0,4.2,264,9,62,1547,200.0,891
18425,1.0,0.0,3.6,82,9,62,817,400.0,2584
18426,1.0,0.0,2.8,67,53,13,508,300.0,2404
18427,0.0,0.0,2.4,58,53,20,1196,600.0,5047
18428,1.0,0.0,4.0,501,53,20,604,600.0,3686
18429,1.0,0.0,3.7,63,53,62,839,200.0,3262
18430,1.0,0.0,4.2,44,53,30,789,300.0,20
18431,1.0,1.0,4.3,1287,53,21,172,1100.0,3663
18432,0.0,0.0,4.0,395,53,20,49,500.0,5047
18433,1.0,0.0,3.7,210,53,41,1181,600.0,3660
18434,0.0,0.0,4.1,1143,9,62,1439,500.0,5047
18435,0.0,1.0,4.3,72,9,14,355,400.0,5047
18436,0.0,0.0,3.4,232,9,20,516,550.0,5047
18437,0.0,0.0,3.8,210,33,20,205,500.0,5047
18438,1.0,0.0,3.8,79,77,62,1272,400.0,5047
18439,0.0,0.0,2.6,142,9,20,1589,400.0,5047
18440,0.0,0.0,3.6,98,9,62,1196,450.0,5047
18441,0.0,0.0,3.7,61,33,72,1416,300.0,5047
18442,0.0,0.0,2.8,70,80,20,1520,650.0,5047
18443,0.0,0.0,2.4,229,9,20,1156,450.0,5047
18444,0.0,0.0,2.9,115,9,20,1196,800.0,5047
18445,0.0,0.0,4.1,707,9,13,387,600.0,5047
18446,1.0,0.0,3.1,142,53,20,1423,450.0,5047
18447,1.0,1.0,3.8,384,53,20,1592,800.0,5047
18448,1.0,0.0,2.8,1878,9,20,110,750.0,1330
18449,1.0,0.0,3.7,114,53,62,1209,400.0,2022
18450,1.0,0.0,2.6,104,53,43,1474,750.0,5047
18451,1.0,0.0,3.8,374,53,62,1410,300.0,2354
18452,1.0,0.0,3.0,148,9,20,57,600.0,5047
18453,1.0,0.0,3.7,198,53,20,74,650.0,5047
18454,1.0,1.0,3.8,585,53,20,1183,600.0,2871
18455,1.0,0.0,3.6,26,53,62,1196,250.0,4286
18456,1.0,0.0,3.9,56,53,20,609,800.0,4879
18457,1.0,0.0,4.1,48,53,62,1156,250.0,290
18458,1.0,0.0,4.0,472,9,20,1156,700.0,3677
18459,1.0,0.0,3.6,106,9,62,1589,250.0,3413
18460,1.0,0.0,3.6,82,53,62,1670,400.0,1404
18461,1.0,0.0,3.0,459,53,20,1356,500.0,3030
18462,1.0,0.0,3.6,56,25,13,374,1000.0,477
18463,1.0,0.0,3.6,92,9,62,1589,350.0,2034
18464,1.0,0.0,3.6,92,53,62,1354,700.0,1002
18465,1.0,1.0,4.0,561,53,20,1196,900.0,5047
18466,1.0,0.0,3.8,232,53,62,197,300.0,5047
18467,1.0,0.0,4.1,685,53,62,1644,200.0,5047
18468,1.0,0.0,3.5,129,33,62,1547,400.0,1758
18469,1.0,0.0,3.7,205,53,62,1156,350.0,3565
18470,1.0,0.0,3.5,107,9,41,69,500.0,3448
18471,1.0,0.0,4.2,116,9,20,1552,800.0,2019
18472,1.0,0.0,3.8,219,10,20,609,500.0,4779
18473,1.0,1.0,4.0,157,53,20,1405,800.0,5047
18474,1.0,0.0,3.7,49,9,62,826,300.0,1494
18475,1.0,0.0,3.7,833,53,20,286,700.0,4397
18476,1.0,0.0,3.1,61,53,29,521,650.0,4780
18477,1.0,1.0,3.9,228,53,20,1413,750.0,5047
18478,1.0,0.0,3.8,35,53,62,1156,150.0,3946
18479,1.0,0.0,3.5,377,9,20,569,750.0,1886
18480,1.0,0.0,3.7,128,33,20,1423,600.0,5047
18481,1.0,0.0,3.2,115,33,20,520,500.0,5047
18482,1.0,0.0,3.7,61,53,20,296,700.0,5047
18483,1.0,0.0,4.1,825,9,13,506,300.0,3366
18484,1.0,0.0,3.6,42,53,72,1196,300.0,5047
18485,1.0,0.0,3.9,219,53,62,1156,250.0,5047
18486,1.0,0.0,3.8,60,33,1,178,450.0,1596
18487,1.0,0.0,4.2,176,53,20,1401,1000.0,5047
18488,1.0,0.0,3.8,49,53,62,1033,300.0,2962
18489,0.0,0.0,3.6,94,53,13,360,700.0,5047
18490,1.0,0.0,3.8,93,33,72,1033,300.0,5047
18491,1.0,0.0,3.8,54,53,62,1386,400.0,5047
18492,1.0,0.0,3.8,170,33,62,1196,500.0,5047
18493,1.0,0.0,3.6,250,33,20,1196,700.0,4722
18494,1.0,0.0,3.5,180,53,20,1191,800.0,1053
18495,1.0,0.0,3.9,98,53,12,217,500.0,3419
18496,1.0,0.0,3.4,89,84,62,1156,300.0,5047
18497,1.0,0.0,3.8,94,53,20,1272,750.0,5047
18498,1.0,0.0,3.6,93,9,62,1196,300.0,1560
18499,1.0,0.0,4.0,122,80,20,1210,800.0,5047
18500,1.0,0.0,3.5,118,53,29,1416,200.0,3619
18501,1.0,0.0,3.7,72,84,62,1156,450.0,1868
18502,1.0,0.0,4.0,121,9,62,1482,900.0,4278
18503,1.0,0.0,3.3,46,53,20,1185,600.0,5047
18504,1.0,0.0,2.8,53,53,62,817,300.0,1812
18505,1.0,0.0,3.8,38,53,62,283,450.0,5047
18506,1.0,0.0,2.1,479,53,20,1196,650.0,5047
18507,1.0,0.0,3.2,426,33,20,1188,600.0,2797
18508,1.0,1.0,3.8,832,9,21,1156,750.0,5047
18509,1.0,0.0,3.2,270,9,20,1038,500.0,5047
18510,1.0,1.0,3.7,692,9,20,598,750.0,5047
18511,1.0,0.0,3.6,56,53,20,591,750.0,5047
18512,1.0,0.0,3.6,46,53,20,1196,500.0,5047
18513,0.0,0.0,2.6,118,53,21,1196,1200.0,5047
18514,1.0,0.0,3.3,218,9,20,1138,600.0,5047
18515,1.0,0.0,3.8,52,33,0,181,350.0,1647
18516,1.0,0.0,3.5,98,53,62,1196,400.0,5047
18517,1.0,1.0,3.9,669,53,20,1232,750.0,4829
18518,1.0,0.0,2.1,243,53,62,197,400.0,5047
18519,1.0,0.0,4.0,784,9,62,1110,600.0,4583
18520,1.0,0.0,3.8,434,53,20,286,650.0,5047
18521,1.0,1.0,4.0,632,33,20,727,800.0,974
18522,1.0,0.0,3.4,85,9,20,1187,500.0,5047
18523,1.0,0.0,3.4,71,33,20,558,600.0,5047
18524,1.0,0.0,2.4,63,33,62,1483,500.0,4734
18525,1.0,0.0,3.4,85,53,62,916,200.0,5047
18526,1.0,0.0,3.8,70,33,20,1209,750.0,5047
18527,1.0,0.0,3.8,63,84,62,1196,200.0,4913
18528,1.0,0.0,4.0,73,53,62,1156,250.0,3593
18529,1.0,0.0,3.9,36,53,20,1156,800.0,3936
18530,1.0,0.0,3.7,126,53,20,1156,600.0,5047
18531,1.0,1.0,4.2,2189,53,20,1375,1500.0,5047
18532,1.0,0.0,3.7,82,9,62,872,150.0,889
18533,1.0,0.0,3.9,236,9,20,1424,750.0,5047
18534,1.0,0.0,4.0,528,53,62,1451,150.0,1675
18535,1.0,0.0,3.7,97,53,62,1273,500.0,3696
18536,1.0,0.0,4.0,44,9,62,843,450.0,2586
18537,1.0,0.0,3.8,156,53,62,1218,400.0,5047
18538,1.0,0.0,3.7,132,53,20,1156,750.0,2330
18539,1.0,0.0,3.2,521,53,62,1036,500.0,3695
18540,1.0,0.0,4.1,59,53,62,821,300.0,5022
18541,1.0,0.0,3.9,391,33,62,1224,450.0,2587
18542,1.0,0.0,4.3,522,84,20,1033,1000.0,5047
18543,1.0,0.0,3.6,199,53,41,558,500.0,4764
18544,1.0,1.0,3.5,1824,53,20,296,850.0,5047
18545,1.0,0.0,3.2,684,53,20,117,800.0,366
18546,1.0,0.0,3.8,69,53,62,1589,400.0,3801
18547,1.0,0.0,3.1,95,53,62,1463,500.0,4911
18548,1.0,0.0,4.5,155,9,62,1497,250.0,3872
18549,1.0,0.0,4.1,124,9,30,789,400.0,4556
18550,1.0,0.0,3.3,72,33,20,519,600.0,1130
18551,1.0,1.0,4.7,1542,84,20,521,1700.0,5047
18552,1.0,0.0,2.9,253,6,62,1196,400.0,3642
18553,1.0,0.0,3.0,384,53,20,521,1000.0,1272
18554,1.0,1.0,4.1,266,9,21,1299,1000.0,2475
18555,1.0,1.0,4.0,2834,84,21,1143,1100.0,1907
18556,1.0,0.0,3.6,33,33,62,841,500.0,3516
18557,1.0,0.0,3.7,42,53,72,122,400.0,1273
18558,0.0,1.0,4.7,7154,53,20,153,1400.0,5047
18559,1.0,0.0,4.5,971,53,30,956,400.0,1979
18560,0.0,0.0,3.8,98,53,68,1640,200.0,5047
18561,0.0,0.0,3.7,132,53,62,1264,250.0,5047
18562,0.0,0.0,4.1,193,53,0,181,500.0,5047
18563,1.0,0.0,4.1,519,53,30,790,500.0,5047
18564,1.0,0.0,4.0,55,53,29,181,500.0,1618
18565,1.0,0.0,4.1,287,53,30,789,300.0,1622
18566,1.0,0.0,4.0,174,53,30,798,350.0,3193
18567,1.0,0.0,4.2,44,53,30,789,300.0,21
18568,1.0,0.0,4.0,105,53,9,210,300.0,1742
18569,0.0,0.0,3.6,94,53,13,360,700.0,5047
18570,1.0,0.0,3.7,143,53,9,214,300.0,5047
18571,1.0,0.0,4.0,111,53,30,792,400.0,609
18572,1.0,1.0,4.4,978,9,22,1468,600.0,2250
18573,0.0,0.0,4.1,1143,9,62,1439,500.0,5047
18574,0.0,1.0,4.3,72,9,14,355,400.0,5047
18575,1.0,0.0,4.2,226,9,69,1121,400.0,4215
18576,1.0,0.0,4.1,124,9,30,789,400.0,4555
18577,1.0,0.0,4.0,183,9,66,782,550.0,559
18578,1.0,0.0,3.8,70,9,9,214,400.0,3983
18579,1.0,1.0,4.1,99,53,21,669,1100.0,1973
18580,1.0,1.0,4.6,5894,53,56,721,1400.0,5047
18581,0.0,1.0,4.3,764,53,37,741,2500.0,5047
18582,0.0,1.0,4.8,7284,53,21,1324,1500.0,5047
18583,0.0,1.0,4.8,12121,53,20,813,1600.0,5047
18584,0.0,1.0,4.8,3932,53,20,720,1300.0,5047
18585,0.0,1.0,4.7,7154,53,20,153,1400.0,5047
18586,0.0,1.0,4.5,1909,53,21,1369,1100.0,5047
18587,1.0,1.0,4.4,3113,53,21,1350,1500.0,2813
18588,1.0,1.0,4.4,3004,53,5,1311,1300.0,5047
18589,0.0,1.0,4.5,3486,53,20,1394,1300.0,5047
18590,0.0,1.0,4.4,730,53,60,726,1500.0,5047
18591,0.0,1.0,4.8,4696,53,57,803,1800.0,5047
18592,1.0,0.0,3.8,1989,53,20,50,650.0,5047
18593,1.0,1.0,4.4,1184,53,60,1228,1200.0,5047
18594,0.0,1.0,4.5,785,53,37,1309,2700.0,5047
18595,0.0,0.0,4.2,970,53,20,43,800.0,5047
18596,0.0,1.0,4.2,746,53,4,719,1600.0,5047
18597,0.0,0.0,4.3,1370,53,20,1303,1000.0,5047
18598,1.0,0.0,4.2,3367,53,20,239,600.0,5047
18599,0.0,1.0,4.4,619,53,21,641,1000.0,5047
18600,1.0,1.0,4.6,2906,53,22,1468,600.0,5047
18601,0.0,1.0,4.3,1074,53,20,1325,1600.0,5047
18602,1.0,1.0,4.3,1287,53,21,172,1100.0,5047
18603,0.0,1.0,4.5,443,53,20,1196,900.0,5047
18604,0.0,1.0,4.5,900,53,60,1296,1000.0,5047
18605,1.0,0.0,4.0,728,53,20,941,800.0,5047
18606,1.0,1.0,4.0,914,53,20,45,750.0,4622
18607,1.0,1.0,4.4,1810,53,20,558,800.0,5047
18608,0.0,1.0,4.2,1459,53,21,50,800.0,5047
18609,0.0,1.0,4.0,362,53,21,138,1500.0,5047
18610,0.0,1.0,3.9,866,53,5,1126,1500.0,5047
18611,1.0,0.0,4.1,426,53,20,1156,1000.0,5047
18612,1.0,0.0,3.7,83,53,20,307,600.0,1960
18613,0.0,1.0,4.5,457,53,38,1396,2500.0,5047
18614,0.0,1.0,4.3,758,53,60,685,1300.0,5047
18615,0.0,0.0,4.0,395,53,20,49,500.0,5047
18616,0.0,1.0,3.8,53,53,4,731,1400.0,5047
18617,1.0,0.0,3.8,1819,53,20,292,800.0,5047
18618,0.0,1.0,4.2,515,53,37,1622,2000.0,5047
18619,0.0,0.0,3.9,49,53,26,648,1100.0,5047
18620,1.0,0.0,3.7,494,53,20,278,700.0,2734
18621,1.0,1.0,4.1,99,53,21,669,1100.0,5047
18622,1.0,1.0,3.5,1824,53,20,296,850.0,3518
18623,1.0,1.0,4.2,344,53,20,170,1700.0,5047
18624,0.0,0.0,3.9,96,53,20,517,650.0,5047
18625,0.0,0.0,3.9,151,53,5,1222,1500.0,5047
18626,1.0,0.0,3.9,1994,53,20,238,800.0,1832
18627,1.0,1.0,3.9,228,53,20,1413,750.0,5047
18628,1.0,1.0,3.9,669,53,20,1232,750.0,5047
18629,1.0,1.0,4.0,157,53,20,1405,800.0,5047
18630,0.0,1.0,3.7,88,53,20,652,800.0,5047
18631,1.0,1.0,3.9,231,53,20,1182,800.0,5047
18632,1.0,0.0,3.9,300,53,20,604,850.0,1174
18633,1.0,0.0,3.9,36,53,20,1156,800.0,5047
18634,1.0,0.0,3.6,348,53,20,94,1000.0,2424
18635,1.0,1.0,3.8,585,53,20,1183,600.0,5047
18636,1.0,1.0,3.8,345,53,20,238,800.0,5047
18637,1.0,0.0,3.8,434,53,20,286,650.0,5047
18638,0.0,1.0,4.0,213,53,20,1296,1300.0,5047
18639,1.0,0.0,3.9,772,53,20,1181,1000.0,5047
18640,0.0,1.0,2.7,444,53,20,1156,900.0,5047
18641,1.0,0.0,4.0,284,53,20,236,750.0,5047
18642,1.0,0.0,2.7,602,53,20,1599,400.0,5047
18643,1.0,1.0,4.0,561,53,20,1196,900.0,3296
18644,1.0,0.0,3.7,833,53,20,286,700.0,5047
18645,0.0,0.0,3.9,90,53,13,455,700.0,5047
18646,0.0,0.0,4.3,53,53,46,680,4500.0,5047
18647,0.0,0.0,2.0,259,53,20,80,800.0,5047
18648,0.0,0.0,3.8,111,53,20,1196,600.0,5047
18649,0.0,0.0,3.9,92,53,20,765,1000.0,5047
18650,1.0,1.0,3.4,153,53,20,1196,800.0,5047
18651,1.0,0.0,4.0,501,53,20,604,600.0,5047
18652,1.0,0.0,3.2,684,53,20,117,800.0,5047
18653,0.0,0.0,4.1,97,53,20,591,400.0,5047
18654,0.0,0.0,3.8,36,53,21,80,1100.0,5047
18655,1.0,0.0,3.7,198,53,20,74,650.0,5047
18656,1.0,0.0,3.7,132,53,20,1156,750.0,5047
18657,1.0,0.0,3.1,142,53,20,1423,450.0,5047
18658,1.0,0.0,3.8,759,53,20,1210,500.0,2997
18659,1.0,0.0,2.8,67,53,13,508,300.0,5047
18660,1.0,0.0,3.0,459,53,20,1356,500.0,5047
18661,1.0,0.0,4.2,176,53,20,1401,1000.0,5047
18662,1.0,0.0,3.8,94,53,20,1272,750.0,5047
18663,0.0,0.0,2.9,27,53,4,1314,1200.0,5047
18664,1.0,0.0,3.1,217,53,20,601,650.0,5047
18665,0.0,0.0,3.6,87,53,20,43,650.0,5047
18666,0.0,0.0,3.6,94,53,13,360,700.0,5047
18667,1.0,0.0,3.7,231,53,20,1591,500.0,5047
18668,1.0,0.0,3.6,46,53,20,1196,500.0,5047
18669,1.0,0.0,4.1,85,53,13,370,400.0,3682
18670,0.0,0.0,3.9,63,53,20,1146,1000.0,5047
18671,1.0,0.0,4.0,136,53,20,1579,1000.0,5047
18672,1.0,0.0,3.9,671,53,20,1606,450.0,5047
18673,1.0,0.0,3.6,56,53,20,591,750.0,5047
18674,0.0,1.0,3.9,125,53,46,806,2500.0,5047
18675,1.0,0.0,3.7,126,53,20,1156,600.0,5047
18676,1.0,0.0,3.3,46,53,20,1185,600.0,5047
18677,0.0,0.0,3.8,60,53,20,817,800.0,5047
18678,1.0,0.0,3.9,56,53,20,609,800.0,5047
18679,0.0,1.0,2.6,62,53,21,1197,1000.0,5047
18680,1.0,0.0,3.8,69,53,62,1589,400.0,5047
18681,1.0,0.0,2.7,135,53,20,277,550.0,5047
18682,0.0,0.0,3.8,690,53,20,604,1000.0,5047
18683,0.0,0.0,2.6,118,53,21,1196,1200.0,5047
18684,0.0,0.0,3.5,254,53,20,297,500.0,5047
18685,0.0,0.0,3.6,28,53,20,1196,600.0,5047
18686,0.0,0.0,2.3,203,53,20,1196,400.0,5047
18687,1.0,0.0,2.1,479,53,20,1196,650.0,5047
18688,1.0,1.0,3.8,384,53,20,1592,800.0,5047
18689,1.0,0.0,3.7,61,53,20,296,700.0,5047
18690,1.0,0.0,2.8,148,53,62,1474,750.0,5047
18691,0.0,0.0,2.4,58,53,20,1196,600.0,5047
18692,1.0,0.0,2.6,346,53,20,947,700.0,2560
18693,1.0,0.0,3.3,71,53,12,228,250.0,2304
18694,1.0,0.0,3.2,155,53,20,199,600.0,5047
18695,1.0,0.0,3.0,384,53,20,521,1000.0,5047
18696,1.0,0.0,3.5,180,53,20,1191,800.0,5047
18697,1.0,0.0,2.4,135,53,20,1196,600.0,5047
18698,1.0,0.0,4.1,685,53,62,1644,200.0,5047
18699,1.0,0.0,4.1,671,53,62,1674,450.0,5047
18700,1.0,0.0,4.0,528,53,62,1451,150.0,5047
18701,1.0,0.0,3.9,262,53,62,1474,400.0,5047
18702,1.0,0.0,3.9,536,53,62,322,450.0,5047
18703,1.0,0.0,4.2,337,53,68,1643,200.0,5047
18704,1.0,0.0,3.8,232,53,62,197,300.0,5047
18705,1.0,0.0,4.2,220,53,62,1156,300.0,5047
18706,1.0,0.0,4.0,73,53,62,1156,250.0,5047
18707,1.0,0.0,4.0,97,53,62,1209,400.0,5047
18708,1.0,0.0,3.4,115,53,72,1335,300.0,5047
18709,1.0,0.0,3.7,97,53,62,1273,500.0,5047
18710,1.0,0.0,3.6,66,53,62,1181,600.0,1192
18711,1.0,0.0,3.7,114,53,62,1209,400.0,5047
18712,0.0,0.0,3.6,104,53,62,1386,350.0,5047
18713,1.0,0.0,3.8,295,53,62,1459,350.0,5047
18714,1.0,0.0,3.6,131,53,62,197,600.0,5047
18715,1.0,0.0,3.8,370,53,62,1561,350.0,5047
18716,1.0,0.0,4.1,461,53,62,1451,400.0,5047
18717,1.0,0.0,3.8,374,53,62,1410,300.0,5047
18718,1.0,0.0,3.9,81,53,62,1156,250.0,5047
18719,1.0,0.0,3.4,422,53,62,1196,400.0,5047
18720,1.0,0.0,3.8,49,53,62,1033,300.0,5047
18721,1.0,0.0,3.9,632,53,62,1451,300.0,5047
18722,0.0,0.0,4.1,123,53,62,1156,200.0,5047
18723,1.0,0.0,3.8,633,53,62,1190,500.0,5047
18724,1.0,0.0,4.0,173,53,62,817,400.0,4407
18725,1.0,0.0,3.3,184,53,62,825,350.0,5047
18726,1.0,0.0,3.5,98,53,62,1196,400.0,5047
18727,0.0,0.0,2.9,69,53,62,1547,200.0,5047
18728,0.0,0.0,3.6,255,53,62,817,200.0,5047
18729,1.0,0.0,4.1,48,53,62,1156,250.0,5047
18730,1.0,0.0,3.8,35,53,62,1156,150.0,5047
18731,1.0,0.0,3.8,156,53,62,1218,400.0,5047
18732,1.0,0.0,3.5,100,53,3,175,450.0,5047
18733,1.0,0.0,3.3,228,53,62,1268,250.0,5047
18734,1.0,0.0,4.1,59,53,62,821,300.0,5047
18735,1.0,0.0,3.6,92,53,62,1354,700.0,5047
18736,1.0,0.0,3.8,54,53,62,1386,400.0,5047
18737,1.0,0.0,2.1,243,53,62,197,400.0,5047
18738,1.0,0.0,3.2,521,53,62,1036,500.0,5047
18739,1.0,0.0,4.5,157,53,62,1259,300.0,4692
18740,1.0,0.0,3.6,82,53,62,1670,400.0,5047
18741,0.0,0.0,3.6,63,53,62,1547,150.0,5047
18742,1.0,0.0,3.6,199,53,41,558,500.0,5047
18743,1.0,0.0,3.4,313,53,62,1196,300.0,5047
18744,0.0,0.0,2.1,342,53,62,282,500.0,5047
18745,1.0,0.0,3.5,47,53,62,1208,300.0,5047
18746,1.0,0.0,3.6,26,53,62,1196,250.0,5047
18747,1.0,0.0,3.7,63,53,62,839,200.0,5047
18748,1.0,0.0,4.1,50,53,62,1640,200.0,5047
18749,0.0,0.0,2.8,110,53,62,1002,600.0,5047
18750,1.0,0.0,3.1,95,53,62,1463,500.0,5047
18751,0.0,0.0,3.8,78,53,62,1196,350.0,5047
18752,1.0,0.0,3.8,38,53,62,283,450.0,5047
18753,0.0,0.0,3.5,45,53,62,1175,400.0,5047
18754,1.0,0.0,3.6,543,53,62,209,400.0,5047
18755,1.0,0.0,2.8,53,53,62,817,300.0,5047
18756,1.0,0.0,2.6,159,53,62,1156,300.0,2448
18757,1.0,0.0,3.7,210,53,41,1181,600.0,5047
18758,1.0,0.0,3.2,220,53,62,1547,450.0,5047
18759,0.0,1.0,4.4,1788,9,60,688,1200.0,5047
18760,1.0,1.0,4.1,266,9,21,1299,1000.0,5047
18761,1.0,1.0,4.2,841,9,20,1166,700.0,2986
18762,1.0,0.0,4.2,373,9,20,604,600.0,1316
18763,1.0,0.0,4.1,825,9,13,506,300.0,5047
18764,1.0,0.0,2.8,1878,9,20,110,750.0,5047
18765,1.0,1.0,3.2,271,9,60,723,1500.0,5047
18766,1.0,1.0,4.0,137,9,13,325,600.0,5047
18767,1.0,1.0,4.1,341,9,20,102,600.0,5047
18768,1.0,0.0,4.2,116,9,20,1552,800.0,5047
18769,1.0,0.0,3.9,115,9,20,1162,800.0,5047
18770,1.0,1.0,4.0,511,9,20,48,800.0,5047
18771,1.0,0.0,4.0,472,9,20,1156,700.0,5047
18772,1.0,0.0,3.9,236,9,20,1424,750.0,5047
18773,1.0,1.0,3.8,832,9,21,1156,750.0,5047
18774,1.0,0.0,4.0,122,80,20,1210,800.0,5047
18775,0.0,0.0,4.1,1143,9,62,1439,500.0,5047
18776,1.0,0.0,4.1,221,80,45,1644,250.0,5047
18777,1.0,0.0,3.2,50,84,51,53,300.0,5047
18778,0.0,0.0,3.4,232,9,20,516,550.0,5047
18779,1.0,0.0,3.4,250,9,62,203,400.0,5047
18780,1.0,0.0,3.7,128,33,20,1423,600.0,5047
18781,0.0,0.0,3.8,210,33,20,205,500.0,5047
18782,1.0,0.0,3.2,270,9,20,1038,500.0,5047
18783,1.0,0.0,3.3,802,9,62,106,400.0,5047
18784,1.0,0.0,3.8,314,77,62,1200,400.0,5047
18785,1.0,0.0,3.8,170,33,62,1196,500.0,5047
18786,1.0,1.0,3.2,503,9,13,359,500.0,5047
18787,1.0,0.0,3.5,69,9,20,1142,850.0,1456
18788,1.0,0.0,3.9,198,9,62,1180,300.0,5047
18789,1.0,0.0,4.0,784,9,62,1110,600.0,5047
18790,1.0,0.0,3.5,107,9,41,69,500.0,5047
18791,0.0,0.0,4.0,80,9,13,332,500.0,5047
18792,1.0,0.0,3.0,148,9,20,57,600.0,5047
18793,1.0,0.0,4.0,121,9,62,1482,900.0,5047
18794,1.0,0.0,3.2,426,33,20,1188,600.0,5047
18795,0.0,0.0,2.6,142,9,20,1589,400.0,5047
18796,1.0,0.0,3.1,159,9,62,1209,450.0,5047
18797,1.0,0.0,3.6,83,33,62,866,350.0,5047
18798,1.0,0.0,3.8,79,77,62,1272,400.0,5047
18799,1.0,0.0,4.0,44,9,62,843,450.0,5047
18800,0.0,0.0,2.8,161,84,21,539,1200.0,5047
18801,0.0,0.0,3.6,194,9,62,591,250.0,5047
18802,1.0,1.0,3.7,692,9,20,598,750.0,5047
18803,1.0,0.0,3.3,218,9,20,1138,600.0,5047
18804,0.0,0.0,4.0,112,77,62,1547,150.0,5047
18805,1.0,0.0,3.7,205,53,62,1156,350.0,5047
18806,1.0,0.0,3.0,401,9,62,829,500.0,5047
18807,1.0,0.0,3.4,85,9,20,1187,500.0,5047
18808,1.0,0.0,3.2,115,33,20,520,500.0,5047
18809,1.0,0.0,3.6,92,9,62,1589,350.0,5047
18810,0.0,0.0,3.6,98,9,62,1196,450.0,5047
18811,1.0,0.0,4.0,183,9,66,782,550.0,5047
18812,0.0,0.0,3.9,92,9,62,1423,350.0,5047
18813,0.0,0.0,2.8,70,80,20,1520,650.0,5047
18814,1.0,0.0,3.4,89,84,62,1156,300.0,5047
18815,0.0,0.0,2.4,229,9,20,1156,450.0,5047
18816,0.0,0.0,2.9,51,84,20,1235,600.0,5047
18817,0.0,0.0,3.6,198,9,20,286,500.0,5047
18818,1.0,0.0,3.7,82,9,62,872,150.0,5047
18819,0.0,0.0,3.8,54,9,41,1156,500.0,5047
18820,1.0,0.0,3.6,106,9,62,1589,250.0,5047
18821,1.0,0.0,3.6,93,9,62,1196,300.0,5047
18822,1.0,0.0,3.5,377,9,20,569,750.0,5047
18823,1.0,0.0,3.7,49,9,62,826,300.0,5047
18824,0.0,0.0,2.9,115,9,20,1196,800.0,5047
18825,0.0,0.0,4.1,707,9,13,387,600.0,5047
18826,1.0,1.0,4.6,5913,53,56,721,1400.0,5047
18827,0.0,1.0,4.8,4705,53,57,803,1800.0,5047
18828,0.0,0.0,4.3,53,53,46,680,4500.0,5047
18829,0.0,1.0,4.5,1914,53,21,1369,1100.0,5047
18830,1.0,1.0,4.4,3115,53,21,1350,1500.0,5047
18831,1.0,1.0,4.4,3003,53,5,1311,1300.0,5047
18832,0.0,1.0,4.4,747,53,60,726,1500.0,5047
18833,1.0,1.0,4.4,1192,53,60,1228,1200.0,5047
18834,0.0,1.0,4.2,746,53,4,719,1600.0,5047
18835,0.0,1.0,4.4,623,53,21,641,1000.0,5047
18836,0.0,1.0,4.0,872,53,5,1126,1500.0,5047
18837,0.0,1.0,4.3,760,53,60,685,1300.0,5047
18838,0.0,0.0,3.9,49,53,26,648,1100.0,5047
18839,0.0,0.0,2.9,27,53,4,1314,1200.0,5047
18840,0.0,1.0,3.9,125,53,46,806,2500.0,5047
18841,0.0,1.0,2.6,62,53,21,1197,1000.0,5047
18842,0.0,0.0,2.6,118,53,21,1196,1200.0,5047
18843,0.0,1.0,4.4,1798,9,60,688,1200.0,5047
18844,1.0,1.0,3.3,272,9,60,723,1500.0,5047
18845,1.0,1.0,4.2,4750,12,20,1206,1500.0,5047
18846,1.0,1.0,4.3,3152,49,20,1416,1500.0,5047
18847,0.0,1.0,4.4,2136,48,37,1314,2200.0,5047
18848,1.0,1.0,3.9,1939,49,20,1663,2100.0,5047
18849,0.0,0.0,4.6,988,49,37,1654,3000.0,5047
18850,0.0,0.0,4.3,698,49,37,812,3000.0,5047
18851,0.0,1.0,3.9,53,49,20,167,1500.0,5047
18852,1.0,1.0,3.8,200,49,20,982,1600.0,5047
18853,0.0,1.0,4.1,274,49,37,994,3000.0,5047
18854,0.0,0.0,3.0,108,49,20,1304,800.0,5047
18855,0.0,1.0,4.5,2216,66,20,1103,1800.0,5047
18856,1.0,1.0,4.4,1132,12,21,208,1200.0,5047
18857,0.0,1.0,4.3,165,78,37,18,2800.0,5047
18858,1.0,1.0,4.5,1429,12,21,521,1700.0,5047
18859,1.0,1.0,4.3,772,48,20,1494,1400.0,5047
18860,0.0,1.0,4.4,1082,78,20,1325,1600.0,5047
18861,0.0,0.0,4.3,465,48,25,173,1500.0,5047
18862,0.0,1.0,4.3,688,66,37,805,2500.0,5047
18863,1.0,0.0,4.0,3256,12,20,1402,750.0,5047
18864,0.0,0.0,4.1,1014,65,20,1231,500.0,5047
18865,0.0,1.0,4.2,337,48,21,1375,1000.0,5047
18866,1.0,0.0,4.0,57,8,20,1019,1500.0,5047
18867,0.0,1.0,4.3,620,65,37,1326,3400.0,5047
18868,0.0,0.0,4.0,53,66,37,143,2000.0,5047
18869,0.0,1.0,4.3,330,66,20,1279,1200.0,5047
18870,0.0,1.0,4.0,930,8,20,1491,800.0,5047
18871,1.0,0.0,4.0,167,66,21,1156,1700.0,5047
18872,1.0,1.0,4.3,1053,48,20,981,1600.0,5047
18873,0.0,1.0,3.9,312,65,37,1347,2000.0,5047
18874,1.0,1.0,4.0,190,74,21,1361,1300.0,5047
18875,0.0,1.0,3.9,183,78,20,1320,2200.0,5047
18876,1.0,1.0,3.8,203,66,20,1258,1200.0,5047
18877,1.0,0.0,4.1,118,66,20,640,1000.0,5047
18878,0.0,0.0,3.1,122,48,21,1304,1200.0,5047
18879,0.0,0.0,2.8,132,8,20,1440,650.0,5047
18880,0.0,0.0,3.9,90,76,20,1393,1400.0,5047
18881,0.0,1.0,4.0,103,65,20,1156,1900.0,5047
18882,0.0,0.0,3.7,145,66,22,571,1000.0,5047
18883,0.0,1.0,3.9,105,8,20,585,1000.0,5047
18884,0.0,0.0,3.8,67,66,20,1547,500.0,5047
18885,0.0,0.0,3.8,52,66,20,1314,1200.0,5047
18886,0.0,0.0,2.3,116,66,20,602,650.0,5047
18887,0.0,1.0,4.1,327,15,46,1397,1300.0,5047
18888,1.0,1.0,4.2,476,15,20,1272,1700.0,5047
18889,1.0,1.0,4.2,570,73,20,570,1200.0,5047
18890,1.0,0.0,3.8,160,27,20,608,1300.0,5047
18891,0.0,0.0,2.8,254,27,20,1196,1000.0,5047
18892,0.0,1.0,3.9,158,15,20,1446,1100.0,5047
18893,1.0,1.0,4.3,969,12,13,385,750.0,2654
18894,1.0,1.0,4.2,2729,49,13,406,1200.0,386
18895,1.0,1.0,4.4,723,49,22,8,1700.0,3026
18896,0.0,1.0,4.1,568,49,22,1349,2500.0,5047
18897,0.0,0.0,4.0,1463,49,33,788,450.0,5047
18898,1.0,0.0,4.1,119,49,14,350,500.0,2478
18899,0.0,1.0,3.9,317,49,13,404,800.0,5047
18900,1.0,0.0,3.8,262,49,13,332,700.0,939
18901,0.0,0.0,4.6,2293,12,13,495,1100.0,5047
18902,1.0,1.0,4.2,2854,65,22,1010,800.0,690
18903,0.0,0.0,4.5,3596,76,13,338,900.0,5047
18904,0.0,1.0,4.1,1737,12,13,386,1000.0,5047
18905,0.0,0.0,4.4,2650,12,13,332,600.0,5047
18906,1.0,0.0,4.4,1109,48,1,179,600.0,910
18907,1.0,0.0,4.2,3574,12,13,459,650.0,705
18908,0.0,0.0,4.3,526,48,1,1504,1400.0,5047
18909,0.0,0.0,4.3,166,78,13,499,750.0,5047
18910,1.0,0.0,4.3,578,78,13,407,700.0,389
18911,0.0,0.0,4.3,73,65,13,480,400.0,5047
18912,0.0,0.0,4.3,795,12,16,453,900.0,5047
18913,1.0,0.0,4.1,118,66,13,169,700.0,799
18914,1.0,0.0,4.1,486,12,13,345,700.0,392
18915,1.0,0.0,3.9,464,78,16,340,800.0,479
18916,0.0,0.0,4.1,55,78,13,461,750.0,5047
18917,1.0,0.0,3.7,66,78,13,483,800.0,2972
18918,0.0,0.0,4.2,619,8,13,369,500.0,5047
18919,0.0,0.0,4.2,116,78,22,1074,1000.0,5047
18920,0.0,1.0,3.8,95,48,14,353,1000.0,5047
18921,1.0,0.0,3.9,88,65,35,774,400.0,3986
18922,1.0,0.0,3.8,74,8,13,343,650.0,5047
18923,0.0,0.0,4.0,104,48,19,471,1200.0,5047
18924,1.0,0.0,3.7,70,12,10,511,500.0,1773
18925,1.0,0.0,4.2,383,78,13,1478,500.0,1718
18926,1.0,0.0,3.6,124,65,13,362,600.0,224
18927,1.0,0.0,3.8,38,78,20,213,400.0,1702
18928,0.0,0.0,3.7,145,66,22,571,1000.0,5047
18929,0.0,0.0,3.9,74,76,13,376,500.0,5047
18930,0.0,0.0,3.8,99,78,13,420,600.0,5047
18931,0.0,0.0,3.6,104,8,13,404,800.0,5047
18932,0.0,0.0,3.6,46,8,13,332,350.0,5047
18933,1.0,1.0,4.7,4839,15,59,1458,1300.0,2765
18934,0.0,0.0,4.0,33,81,17,429,1100.0,5047
18935,1.0,0.0,4.3,658,15,17,427,750.0,5000
18936,1.0,1.0,4.3,865,15,22,659,1000.0,2140
18937,1.0,0.0,4.3,1135,27,13,438,800.0,4639
18938,1.0,0.0,3.7,97,27,16,373,650.0,3749
18939,0.0,0.0,3.3,90,26,13,445,500.0,5047
18940,1.0,0.0,2.9,45,20,13,383,600.0,2121
18941,1.0,1.0,4.2,570,73,20,570,1200.0,3610
18942,1.0,0.0,4.5,873,26,29,929,500.0,5047
18943,1.0,0.0,3.9,307,16,62,1063,300.0,1193
18944,1.0,0.0,4.5,131,26,13,509,200.0,842
18945,1.0,0.0,4.2,288,76,62,322,500.0,4229
18946,1.0,0.0,3.6,383,11,29,923,450.0,3333
18947,1.0,0.0,4.3,95,26,30,773,400.0,446
18948,1.0,0.0,4.0,1400,26,62,323,600.0,1478
18949,1.0,0.0,4.1,790,42,20,238,800.0,4703
18950,1.0,0.0,4.0,492,26,62,235,300.0,581
18951,1.0,0.0,4.3,294,65,72,1392,500.0,1894
18952,1.0,0.0,4.2,781,26,62,1591,300.0,1545
18953,1.0,0.0,3.9,114,65,29,235,650.0,1990
18954,1.0,0.0,3.9,58,26,29,1113,600.0,4009
18955,1.0,0.0,3.4,86,81,72,1156,200.0,5047
18956,1.0,0.0,3.8,62,31,62,1156,400.0,5047
18957,1.0,0.0,4.0,1074,26,62,866,400.0,4359
18958,1.0,0.0,3.4,357,18,62,1156,350.0,53
18959,1.0,0.0,4.1,1876,20,20,1402,750.0,2119
18960,1.0,0.0,4.3,895,16,29,181,500.0,699
18961,1.0,0.0,3.9,100,81,29,1465,800.0,2172
18962,1.0,0.0,3.3,262,73,20,1196,500.0,4341
18963,1.0,0.0,3.8,93,20,62,1497,300.0,5047
18964,1.0,1.0,4.2,1772,26,20,1156,800.0,3532
18965,1.0,0.0,4.1,3261,26,20,294,800.0,3339
18966,1.0,1.0,4.4,705,26,20,1531,1000.0,1872
18967,1.0,0.0,3.9,109,81,29,1190,500.0,1017
18968,1.0,0.0,3.3,76,59,29,1470,750.0,5047
18969,1.0,0.0,2.7,66,59,62,106,400.0,4143
18970,1.0,0.0,4.0,1086,8,66,782,550.0,32
18971,1.0,0.0,3.4,81,20,72,1268,400.0,2433
18972,1.0,0.0,3.8,235,73,62,1474,750.0,2337
18973,1.0,0.0,4.1,753,26,20,1156,950.0,1667
18974,1.0,0.0,3.6,211,15,62,322,400.0,2636
18975,1.0,0.0,4.1,393,26,62,1110,600.0,4891
18976,1.0,0.0,4.4,637,65,30,956,400.0,4560
18977,1.0,0.0,4.1,1453,20,20,111,800.0,2653
18978,1.0,0.0,3.9,114,78,62,1156,150.0,5047
18979,1.0,1.0,4.4,3423,26,20,1375,1500.0,2770
18980,1.0,0.0,4.0,629,61,35,777,450.0,4154
18981,1.0,0.0,4.2,61,26,71,1628,200.0,2865
18982,1.0,0.0,4.1,207,78,62,1594,250.0,3444
18983,1.0,0.0,3.7,77,20,62,1156,300.0,63
18984,1.0,1.0,4.4,2907,20,20,109,750.0,750
18985,1.0,0.0,3.7,89,20,62,1145,400.0,4356
18986,1.0,1.0,4.1,535,26,20,619,800.0,1062
18987,1.0,0.0,4.3,179,26,12,821,250.0,3724
18988,1.0,0.0,4.0,160,26,20,1272,700.0,3673
18989,1.0,0.0,3.9,44,26,62,1547,150.0,1971
18990,1.0,0.0,3.9,241,26,20,1263,800.0,1457
18991,1.0,0.0,4.3,151,78,20,294,650.0,4569
18992,1.0,1.0,3.2,60,76,62,856,400.0,2555
18993,1.0,1.0,4.3,442,26,20,1656,1200.0,4898
18994,1.0,0.0,3.7,43,61,20,602,900.0,1188
18995,1.0,0.0,4.3,1230,26,20,1489,1200.0,4633
18996,1.0,0.0,3.6,48,16,29,313,300.0,4641
18997,1.0,0.0,4.2,985,26,20,596,1100.0,1543
18998,1.0,0.0,4.0,63,26,29,235,400.0,2664
18999,1.0,0.0,4.2,383,78,13,1478,500.0,1718
19000,1.0,0.0,3.9,193,26,29,918,600.0,4995
19001,1.0,1.0,4.3,772,48,20,1494,1400.0,3036
19002,1.0,1.0,4.1,1857,78,13,459,650.0,3761
19003,1.0,0.0,4.6,1726,26,33,781,900.0,803
19004,1.0,0.0,4.9,1750,8,30,767,400.0,4486
19005,1.0,1.0,4.5,3709,48,23,1464,1300.0,4952
19006,1.0,0.0,2.9,75,73,20,1156,500.0,4606
19007,1.0,0.0,4.2,452,26,20,1530,700.0,2881
19008,1.0,1.0,3.8,196,76,20,274,800.0,4962
19009,1.0,0.0,4.1,261,26,30,773,300.0,1607
19010,1.0,0.0,4.0,268,26,64,828,800.0,5047
19011,1.0,1.0,4.2,253,26,20,1033,800.0,880
19012,1.0,0.0,4.0,177,78,20,236,750.0,5047
19013,1.0,1.0,4.2,4750,12,20,1206,1500.0,5047
19014,1.0,0.0,4.0,571,26,11,778,400.0,2537
19015,1.0,0.0,3.6,54,20,20,611,700.0,1406
19016,1.0,0.0,4.0,528,18,29,314,350.0,4119
19017,1.0,0.0,3.8,265,66,20,604,850.0,4731
19018,1.0,0.0,4.6,2518,48,20,809,1600.0,2576
19019,1.0,0.0,3.9,63,26,3,189,500.0,5047
19020,1.0,0.0,4.0,789,66,62,90,400.0,2157
19021,1.0,0.0,4.1,198,26,20,1544,650.0,5047
19022,1.0,0.0,4.2,176,14,20,1151,800.0,5047
19023,1.0,1.0,4.5,1429,12,21,521,1700.0,17
19024,1.0,0.0,3.9,107,48,62,937,500.0,871
19025,1.0,1.0,4.2,2729,49,13,406,1200.0,5047
19026,1.0,1.0,4.7,4839,15,59,1458,1300.0,5047
19027,1.0,0.0,2.8,110,73,20,618,500.0,5047
19028,1.0,0.0,3.9,311,20,20,609,500.0,42
19029,1.0,0.0,3.9,854,20,20,1145,700.0,5047
19030,1.0,0.0,3.9,88,65,35,774,400.0,5047
19031,1.0,1.0,3.9,55,26,62,284,350.0,5047
19032,1.0,0.0,4.3,428,26,33,779,400.0,5047
19033,1.0,0.0,4.3,5344,26,1,179,600.0,5047
19034,1.0,1.0,4.2,408,8,5,892,1600.0,5047
19035,1.0,0.0,3.9,260,26,20,1196,650.0,2435
19036,1.0,0.0,4.3,578,78,13,407,700.0,5047
19037,1.0,0.0,3.9,203,26,62,1547,400.0,5047
19038,1.0,0.0,4.4,2697,26,30,964,550.0,722
19039,1.0,0.0,4.0,29,0,0,181,500.0,2599
19040,1.0,0.0,3.5,61,20,62,1002,300.0,3091
19041,1.0,0.0,3.1,113,20,20,521,1000.0,1412
19042,1.0,1.0,4.3,2052,49,20,1627,1500.0,5047
19043,1.0,0.0,4.0,90,20,72,827,650.0,4970
19044,1.0,1.0,4.5,1642,15,20,1008,1300.0,5047
19045,1.0,0.0,3.9,448,20,20,296,600.0,3302
19046,1.0,1.0,4.4,1132,12,21,208,1200.0,5047
19047,1.0,0.0,4.1,398,15,20,544,600.0,5047
19048,1.0,1.0,4.1,631,15,20,47,1100.0,5047
19049,1.0,0.0,3.7,70,12,10,511,500.0,5047
19050,1.0,0.0,4.2,232,26,20,1654,1500.0,5047
19051,1.0,0.0,3.6,125,8,43,1670,400.0,5047
19052,1.0,0.0,4.0,76,20,20,1156,700.0,2808
19053,1.0,0.0,4.0,560,26,20,1277,900.0,5047
19054,1.0,0.0,4.2,122,76,30,789,400.0,4481
19055,1.0,0.0,2.9,331,16,29,1002,600.0,5047
19056,1.0,0.0,4.1,1156,26,16,415,500.0,5047
19057,1.0,0.0,3.9,121,49,62,1474,400.0,3136
19058,1.0,0.0,3.7,271,26,29,1296,500.0,5047
19059,1.0,0.0,3.9,87,78,20,1242,500.0,4579
19060,1.0,0.0,3.9,1849,26,20,1451,800.0,5047
19061,1.0,0.0,2.8,97,26,20,610,600.0,5047
19062,1.0,1.0,4.4,2578,26,20,158,1600.0,5047
19063,1.0,0.0,3.8,62,76,20,1589,400.0,5047
19064,1.0,0.0,3.7,131,26,62,1589,250.0,5047
19065,1.0,1.0,4.4,2241,48,39,1014,3000.0,3394
19066,1.0,0.0,3.1,165,12,62,825,350.0,3267
19067,1.0,0.0,3.9,113,73,62,861,250.0,5047
19068,1.0,0.0,4.0,74,20,0,175,250.0,5047
19069,1.0,1.0,4.4,723,49,22,8,1700.0,3026
19070,1.0,0.0,3.7,72,26,13,436,900.0,788
19071,1.0,0.0,4.0,74,26,30,773,350.0,3077
19072,1.0,0.0,4.3,194,26,13,370,400.0,3763
19073,1.0,0.0,2.7,290,26,20,524,600.0,1312
19074,1.0,0.0,3.8,61,26,29,936,300.0,5047
19075,1.0,0.0,4.0,48,26,62,837,200.0,5047
19076,1.0,0.0,3.9,196,20,20,610,800.0,5047
19077,1.0,0.0,3.1,147,16,62,242,200.0,1059
19078,1.0,0.0,4.0,290,26,30,767,300.0,3329
19079,1.0,0.0,3.4,334,26,20,82,550.0,3891
19080,1.0,0.0,4.0,71,26,20,517,750.0,651
19081,1.0,1.0,4.1,461,12,20,1156,600.0,5047
19082,1.0,0.0,3.9,87,26,13,439,450.0,2262
19083,1.0,0.0,4.2,1215,26,13,451,600.0,5047
19084,1.0,0.0,3.8,86,26,32,225,100.0,2151
19085,1.0,0.0,4.1,79,14,64,864,350.0,4201
19086,1.0,0.0,3.9,120,78,20,513,600.0,665
19087,1.0,1.0,4.3,509,48,21,558,1300.0,1565
19088,1.0,0.0,4.2,132,8,30,949,180.0,2910
19089,1.0,1.0,4.2,476,15,20,1272,1700.0,5047
19090,1.0,0.0,2.8,303,14,20,235,500.0,4123
19091,1.0,1.0,3.9,1373,49,37,1156,2100.0,1897
19092,1.0,0.0,3.9,256,20,20,1097,700.0,5047
19093,1.0,0.0,3.4,48,78,62,1156,300.0,5047
19094,1.0,0.0,3.9,149,20,30,956,500.0,5047
19095,1.0,0.0,4.3,911,78,20,1013,2000.0,4126
19096,1.0,0.0,3.8,75,85,20,672,1000.0,5047
19097,1.0,0.0,4.2,138,15,20,162,1500.0,1860
19098,1.0,0.0,3.8,111,78,62,84,300.0,5047
19099,1.0,0.0,3.9,61,73,9,216,150.0,3213
19100,1.0,0.0,4.1,338,26,22,383,800.0,1826
19101,1.0,0.0,4.3,7573,12,46,33,1500.0,1526
19102,1.0,1.0,4.0,1025,8,20,1395,700.0,5047
19103,1.0,0.0,4.1,403,15,20,1378,750.0,5047
19104,1.0,0.0,3.9,456,65,62,270,400.0,1454
19105,1.0,0.0,4.0,1104,78,20,1050,1300.0,5047
19106,1.0,0.0,2.9,40,26,29,736,600.0,5047
19107,1.0,0.0,3.0,568,26,20,1599,400.0,5047
19108,1.0,1.0,4.2,2934,12,20,970,1000.0,4007
19109,1.0,0.0,4.3,1383,20,20,1088,700.0,5047
19110,1.0,0.0,4.0,106,20,20,1260,500.0,5047
19111,1.0,1.0,4.2,2854,65,22,1010,800.0,690
19112,0.0,0.0,4.3,1721,12,46,711,1300.0,5047
19113,1.0,0.0,3.8,724,26,20,1078,500.0,5047
19114,1.0,0.0,3.9,156,85,20,1196,450.0,5047
19115,1.0,0.0,3.9,206,76,20,1235,500.0,3608
19116,1.0,0.0,4.2,1770,76,20,625,750.0,636
19117,1.0,0.0,4.1,257,81,13,402,500.0,917
19118,1.0,0.0,4.2,577,26,62,820,400.0,5047
19119,1.0,1.0,3.9,96,8,21,1147,1300.0,4283
19120,1.0,0.0,3.9,147,15,62,1476,600.0,5047
19121,1.0,0.0,3.9,450,20,20,104,700.0,5047
19122,1.0,0.0,3.1,54,26,29,624,500.0,4985
19123,1.0,0.0,3.5,129,20,20,558,700.0,5047
19124,1.0,0.0,4.3,658,15,17,427,750.0,4
19125,1.0,0.0,4.0,242,26,20,1050,500.0,5047
19126,1.0,1.0,4.2,984,78,21,913,1000.0,5047
19127,1.0,1.0,4.0,860,26,20,1174,1200.0,5047
19128,1.0,0.0,3.6,118,66,20,521,500.0,5047
19129,1.0,1.0,3.9,1939,49,20,1663,2100.0,5047
19130,1.0,0.0,4.0,122,20,20,673,1000.0,5047
19131,1.0,0.0,3.7,185,8,62,829,500.0,5047
19132,1.0,1.0,4.4,498,76,5,1124,1900.0,5047
19133,1.0,0.0,3.9,125,26,35,1121,400.0,5047
19134,1.0,0.0,3.9,148,8,41,182,450.0,5047
19135,1.0,0.0,4.2,631,26,30,767,300.0,5047
19136,1.0,1.0,4.1,864,65,20,1534,1400.0,5047
19137,1.0,0.0,4.1,47,12,30,789,300.0,5047
19138,1.0,0.0,3.0,112,26,20,565,600.0,5047
19139,1.0,1.0,4.1,2169,8,27,539,2000.0,5047
19140,1.0,0.0,3.8,210,15,20,1597,400.0,5047
19141,1.0,1.0,4.2,865,15,22,659,1000.0,5047
19142,1.0,0.0,4.0,785,12,20,42,650.0,5047
19143,1.0,0.0,3.9,227,12,20,1342,950.0,5047
19144,1.0,0.0,4.3,1328,26,16,456,1000.0,5047
19145,1.0,0.0,4.0,79,20,30,790,500.0,5047
19146,1.0,0.0,3.9,84,26,30,963,300.0,5047
19147,1.0,1.0,4.2,2291,76,21,815,1400.0,5047
19148,0.0,1.0,4.0,930,8,20,1491,800.0,5047
19149,1.0,1.0,4.1,771,78,21,29,1200.0,5047
19150,1.0,0.0,3.7,46,61,20,1547,1000.0,5047
19151,1.0,0.0,4.0,114,49,20,972,1000.0,5047
19152,1.0,0.0,4.1,110,26,68,1121,150.0,5047
19153,1.0,0.0,4.1,486,12,13,345,700.0,5047
19154,1.0,0.0,4.3,397,26,13,341,700.0,5047
19155,1.0,0.0,4.1,118,66,13,169,700.0,5047
19156,1.0,0.0,4.2,744,15,13,406,750.0,5047
19157,1.0,0.0,3.7,83,73,20,1196,500.0,5047
19158,1.0,1.0,4.4,1853,48,20,1009,1500.0,5047
19159,1.0,0.0,4.2,233,48,2,194,300.0,5047
19160,1.0,1.0,4.1,147,26,13,463,700.0,5047
19161,1.0,1.0,4.3,79,8,20,1541,700.0,5047
19162,1.0,0.0,3.7,66,78,13,483,800.0,5047
19163,1.0,0.0,4.1,124,26,14,350,450.0,5047
19164,1.0,1.0,4.2,354,66,20,1549,1200.0,5047
19165,1.0,1.0,4.5,873,49,20,157,1800.0,5047
19166,1.0,0.0,3.8,111,15,30,188,500.0,5047
19167,1.0,0.0,4.3,329,12,20,1375,800.0,5047
19168,1.0,0.0,3.8,32,78,62,1615,200.0,5047
19169,1.0,0.0,4.0,56,8,20,1019,1500.0,5047
19170,1.0,0.0,3.1,74,16,62,826,500.0,5047
19171,1.0,0.0,3.9,54,26,62,1652,200.0,5047
19172,1.0,0.0,3.9,134,81,20,1092,700.0,5047
19173,1.0,0.0,4.2,443,78,14,482,700.0,5047
19174,1.0,0.0,2.8,55,81,62,1617,400.0,5047
19175,1.0,0.0,4.2,401,26,13,401,500.0,5047
19176,1.0,0.0,3.4,63,12,62,266,400.0,5047
19177,0.0,0.0,4.0,1466,49,33,788,450.0,5047
19178,1.0,1.0,4.0,938,12,21,22,1000.0,5047
19179,1.0,0.0,4.0,871,48,62,1608,400.0,5047
19180,1.0,1.0,4.2,859,12,20,1534,1400.0,5047
19181,1.0,0.0,3.9,215,8,20,1481,800.0,5047
19182,1.0,0.0,3.5,98,26,20,1209,600.0,5047
19183,1.0,0.0,4.4,231,49,62,319,700.0,5047
19184,1.0,0.0,2.9,50,8,62,1589,350.0,5047
19185,1.0,0.0,4.1,1134,8,20,14,1500.0,5047
19186,1.0,1.0,4.3,3152,49,20,1416,1500.0,5047
19187,1.0,0.0,3.7,81,20,62,1571,200.0,5047
19188,1.0,0.0,3.7,93,26,62,1196,500.0,5047
19189,1.0,0.0,4.4,69,48,62,789,300.0,5047
19190,1.0,0.0,4.1,291,43,62,328,600.0,5047
19191,1.0,0.0,3.8,38,78,20,213,400.0,5047
19192,1.0,0.0,3.7,160,15,20,604,700.0,5047
19193,1.0,0.0,3.8,59,14,69,853,300.0,5047
19194,1.0,0.0,4.3,860,78,20,1655,1800.0,5047
19195,0.0,0.0,3.7,32,14,20,1335,800.0,5047
19196,1.0,1.0,3.8,91,15,20,1429,1800.0,5047
19197,1.0,1.0,4.1,302,66,20,914,1000.0,5047
19198,1.0,0.0,3.7,281,8,20,1272,800.0,5047
19199,1.0,0.0,4.0,1218,8,4,663,2000.0,5047
19200,1.0,1.0,3.8,203,66,20,1258,1200.0,5047
19201,1.0,0.0,4.2,34,15,30,787,300.0,5047
19202,0.0,0.0,2.7,77,49,62,1235,500.0,5047
19203,1.0,0.0,3.8,103,26,30,789,300.0,5047
19204,1.0,0.0,3.6,52,12,20,1234,600.0,5047
19205,1.0,1.0,3.7,59,26,20,521,1200.0,5047
19206,1.0,1.0,2.2,409,49,20,1109,1000.0,5047
19207,1.0,0.0,3.8,262,49,13,332,700.0,5047
19208,1.0,0.0,3.9,56,76,62,256,400.0,5047
19209,1.0,0.0,3.9,65,8,63,819,250.0,5047
19210,0.0,0.0,3.8,67,26,62,1571,200.0,5047
19211,1.0,0.0,4.0,68,12,30,767,250.0,5047
19212,1.0,0.0,3.9,376,49,70,1121,200.0,5047
19213,1.0,1.0,4.5,1250,76,21,146,1700.0,5047
19214,1.0,0.0,4.1,161,81,13,455,300.0,5047
19215,1.0,1.0,4.3,695,26,20,1088,1000.0,5047
19216,1.0,0.0,4.1,253,20,1,177,350.0,5047
19217,1.0,0.0,4.0,141,12,62,821,400.0,5047
19218,1.0,0.0,3.7,97,27,16,373,650.0,5047
19219,1.0,0.0,3.7,156,26,62,1156,300.0,5047
19220,1.0,1.0,3.8,81,78,20,604,800.0,5047
19221,1.0,1.0,4.0,457,15,20,604,1000.0,5047
19222,1.0,0.0,3.9,464,78,16,340,800.0,5047
19223,1.0,1.0,4.3,969,12,13,385,750.0,5047
19224,1.0,1.0,4.4,232,49,5,122,2000.0,5047
19225,1.0,1.0,4.3,3496,48,61,646,1700.0,5047
19226,1.0,1.0,4.0,380,15,20,1243,850.0,5047
19227,1.0,1.0,4.4,722,66,20,1090,1000.0,5047
19228,1.0,1.0,4.4,219,76,20,1529,850.0,5047
19229,1.0,0.0,3.8,74,8,13,343,650.0,5047
19230,1.0,0.0,2.1,253,26,29,1386,500.0,3631
19231,1.0,0.0,3.6,124,65,13,362,600.0,5047
19232,1.0,0.0,3.8,110,43,72,1002,400.0,5047
19233,1.0,1.0,3.8,299,26,20,1222,1200.0,5047
19234,0.0,0.0,3.0,108,49,20,1304,800.0,5047
19235,0.0,0.0,3.4,10,49,62,1209,350.0,5047
19236,0.0,0.0,3.4,27,49,62,1371,300.0,5047
19237,0.0,1.0,4.0,241,26,5,25,1500.0,5047
19238,0.0,0.0,3.9,435,20,20,1140,550.0,5047
19239,1.0,0.0,4.3,787,20,62,1156,300.0,5047
19240,1.0,0.0,3.8,364,20,13,383,700.0,5047
19241,1.0,0.0,4.1,161,76,62,1451,300.0,5047
19242,1.0,0.0,4.0,38,26,13,921,700.0,5047
19243,1.0,0.0,4.2,93,8,62,1561,300.0,5047
19244,1.0,0.0,4.2,1918,26,13,383,800.0,5047
19245,1.0,0.0,3.7,50,51,20,1554,750.0,5047
19246,1.0,0.0,4.1,118,66,20,640,1000.0,5047
19247,1.0,0.0,4.1,54,65,20,931,550.0,5047
19248,0.0,0.0,4.0,2431,26,46,847,2000.0,5047
19249,0.0,0.0,3.8,263,26,72,518,700.0,5047
19250,0.0,0.0,2.6,91,26,62,235,300.0,5047
19251,0.0,0.0,4.3,74,65,13,480,400.0,5047
19252,0.0,0.0,3.6,104,8,13,404,800.0,5047
19253,0.0,0.0,4.0,102,66,20,521,550.0,5047
19254,0.0,0.0,2.5,301,49,62,1597,250.0,5047
19255,0.0,0.0,3.8,99,78,13,420,600.0,5047
19256,1.0,0.0,2.8,142,20,3,181,300.0,5047
19257,1.0,1.0,4.2,1351,26,20,1071,1700.0,5047
19258,1.0,0.0,3.6,79,65,62,1552,500.0,5047
19259,0.0,1.0,4.4,2054,48,21,927,1200.0,5047
19260,0.0,1.0,4.3,2716,8,5,718,1300.0,5047
19261,1.0,0.0,3.7,110,74,20,1136,700.0,5047
19262,1.0,1.0,4.0,190,74,21,1361,1300.0,5047
19263,0.0,1.0,4.1,102,65,57,664,1000.0,5047
19264,0.0,0.0,4.1,1545,48,57,760,1200.0,5047
19265,0.0,0.0,3.9,235,47,5,996,1000.0,5047
19266,0.0,1.0,3.8,110,78,4,1196,1400.0,5047
19267,0.0,0.0,4.3,1792,65,20,43,800.0,5047
19268,0.0,0.0,4.3,1363,66,20,286,700.0,5047
19269,0.0,1.0,4.1,1341,48,21,810,2100.0,5047
19270,1.0,1.0,4.2,515,73,20,1130,800.0,5047
19271,0.0,0.0,4.5,3595,76,13,338,900.0,5047
19272,0.0,0.0,4.3,1191,65,20,521,550.0,5047
19273,0.0,0.0,4.4,1915,65,30,958,400.0,5047
19274,0.0,0.0,4.3,166,78,13,499,750.0,5047
19275,0.0,0.0,4.1,364,66,62,1181,400.0,5047
19276,0.0,0.0,4.1,683,26,0,181,500.0,5047
19277,0.0,0.0,4.3,795,12,16,453,900.0,5047
19278,0.0,0.0,3.9,86,12,62,521,500.0,5047
19279,0.0,0.0,4.1,801,65,20,1376,800.0,5047
19280,0.0,0.0,4.3,184,12,30,789,500.0,5047
19281,0.0,0.0,4.3,544,12,20,1153,800.0,5047
19282,0.0,0.0,3.9,175,20,20,92,600.0,5047
19283,1.0,0.0,4.3,1135,27,13,438,800.0,5047
19284,1.0,0.0,4.0,101,76,62,1023,150.0,5047
19285,0.0,0.0,4.1,55,78,13,461,750.0,5047
19286,0.0,0.0,3.9,157,48,20,1230,600.0,5047
19287,0.0,0.0,3.9,58,14,72,181,1200.0,5047
19288,1.0,0.0,3.8,160,27,20,608,1300.0,5047
19289,0.0,0.0,3.6,196,20,20,1156,600.0,5047
19290,0.0,0.0,4.2,619,8,13,369,500.0,5047
19291,0.0,0.0,3.8,263,26,20,558,650.0,5047
19292,0.0,0.0,3.3,90,26,13,445,500.0,5047
19293,0.0,0.0,3.9,49,20,62,558,400.0,5047
19294,0.0,0.0,3.7,96,12,62,817,500.0,5047
19295,0.0,0.0,3.7,62,15,62,817,200.0,5047
19296,0.0,0.0,3.9,135,76,20,984,800.0,5047
19297,0.0,0.0,2.7,231,26,62,282,350.0,5047
19298,0.0,0.0,3.7,145,66,22,571,1000.0,5047
19299,0.0,0.0,3.9,122,8,20,1016,500.0,5047
19300,0.0,1.0,3.9,158,15,20,1446,1100.0,5047
19301,0.0,0.0,4.0,209,65,20,558,500.0,5047
19302,0.0,0.0,2.7,54,20,20,1602,500.0,5047
19303,0.0,0.0,4.2,222,76,30,951,200.0,5047
19304,0.0,0.0,3.9,42,8,20,617,500.0,5047
19305,0.0,0.0,4.1,399,74,62,1178,300.0,5047
19306,0.0,0.0,3.4,8,8,62,1156,450.0,5047
19307,0.0,0.0,3.8,41,65,62,210,100.0,5047
19308,0.0,0.0,4.1,121,66,20,1196,600.0,5047
19309,0.0,0.0,3.7,68,8,20,1587,500.0,5047
19310,1.0,1.0,3.8,200,49,20,982,1600.0,5047
19311,0.0,0.0,3.5,140,12,20,1156,600.0,5047
19312,1.0,1.0,4.3,1054,48,20,981,1600.0,5047
19313,0.0,0.0,4.0,1466,49,33,788,450.0,5047
19314,1.0,0.0,4.1,119,49,14,350,500.0,2479
19315,0.0,0.0,4.0,79,49,30,767,800.0,5047
19316,1.0,0.0,4.0,66,49,30,767,900.0,1652
19317,0.0,0.0,3.4,27,49,62,1371,300.0,5047
19318,1.0,1.0,4.2,2855,65,22,1010,800.0,690
19319,0.0,1.0,4.3,485,65,54,1124,2000.0,5047
19320,0.0,1.0,4.1,1739,12,13,386,1000.0,5047
19321,1.0,0.0,4.4,1109,48,1,179,600.0,909
19322,1.0,0.0,4.0,1087,8,66,782,550.0,32
19323,0.0,0.0,4.4,1915,65,30,958,400.0,5047
19324,0.0,0.0,4.5,236,66,30,790,1250.0,5047
19325,1.0,0.0,4.9,1750,8,30,767,400.0,4486
19326,0.0,0.0,4.3,526,48,1,1504,1400.0,5047
19327,1.0,0.0,4.3,580,78,13,407,700.0,389
19328,0.0,0.0,3.4,225,14,62,1640,300.0,5047
19329,1.0,0.0,4.1,47,12,30,789,300.0,3081
19330,1.0,0.0,4.1,118,66,13,169,700.0,799
19331,0.0,0.0,4.3,184,12,30,789,500.0,5047
19332,1.0,0.0,4.4,69,48,62,789,300.0,3068
19333,0.0,0.0,4.5,291,48,30,956,400.0,5047
19334,0.0,1.0,4.1,126,78,20,644,2000.0,5047
19335,1.0,1.0,4.1,302,66,20,914,1000.0,486
19336,1.0,0.0,4.2,443,78,14,482,700.0,455
19337,0.0,0.0,4.0,104,78,30,181,400.0,5047
19338,1.0,0.0,4.5,222,8,41,773,450.0,3009
19339,0.0,0.0,3.6,53,66,3,188,300.0,5047
19340,1.0,0.0,4.1,79,14,64,864,350.0,4201
19341,1.0,0.0,4.2,122,76,30,789,400.0,4481
19342,1.0,0.0,4.2,233,48,2,194,300.0,3465
19343,0.0,0.0,4.0,186,14,62,1117,400.0,5047
19344,1.0,0.0,3.9,88,65,35,774,400.0,3986
19345,1.0,0.0,3.9,65,8,63,819,250.0,1371
19346,1.0,0.0,3.9,148,8,41,182,450.0,2935
19347,0.0,0.0,3.9,91,48,11,778,400.0,5047
19348,1.0,0.0,3.8,59,14,69,853,300.0,298
19349,0.0,0.0,4.0,100,65,30,956,150.0,5047
19350,1.0,0.0,4.0,68,12,30,767,250.0,2213
19351,0.0,0.0,3.9,67,78,62,1640,200.0,5047
19352,1.0,0.0,4.2,132,8,30,949,180.0,2910
19353,1.0,0.0,3.9,104,8,70,1121,400.0,3459
19354,1.0,0.0,3.9,75,74,32,216,150.0,3217
19355,0.0,0.0,4.0,122,12,12,217,500.0,5047
19356,1.0,0.0,2.9,48,78,3,187,400.0,5023
19357,0.0,0.0,4.2,222,76,30,951,200.0,5047
19358,1.0,0.0,4.0,47,66,30,773,300.0,777
19359,1.0,0.0,4.0,94,8,30,767,300.0,232
19360,1.0,0.0,4.0,49,65,29,181,500.0,1613
19361,1.0,0.0,3.7,78,65,30,773,350.0,517
19362,0.0,0.0,3.9,50,65,30,175,600.0,5047
19363,1.0,1.0,4.7,4840,15,59,1458,1300.0,2765
19364,1.0,1.0,4.2,515,73,20,1130,800.0,3906
19365,0.0,0.0,4.1,215,20,3,188,200.0,5047
19366,0.0,0.0,4.0,35,81,17,429,1100.0,5047
19367,1.0,0.0,4.3,657,15,17,427,750.0,5000
19368,0.0,0.0,4.1,683,26,0,181,500.0,5047
19369,1.0,1.0,3.9,1374,49,37,1156,2100.0,5047
19370,1.0,1.0,4.5,873,49,20,157,1800.0,5047
19371,1.0,1.0,4.3,3152,49,20,1416,1500.0,5047
19372,0.0,1.0,4.4,4611,49,46,156,1700.0,5047
19373,0.0,1.0,4.6,2369,49,37,525,2800.0,5047
19374,1.0,1.0,3.9,1940,49,20,1663,2100.0,5047
19375,0.0,0.0,4.6,988,49,37,1654,3000.0,5047
19376,1.0,1.0,4.2,2733,49,13,406,1200.0,386
19377,0.0,1.0,4.2,1461,49,60,667,1500.0,5047
19378,1.0,1.0,4.3,2051,49,20,1627,1500.0,419
19379,1.0,1.0,4.4,725,49,22,8,1700.0,3027
19380,1.0,0.0,3.9,376,49,70,1121,200.0,350
19381,0.0,1.0,4.5,308,49,20,965,1500.0,5047
19382,0.0,1.0,4.2,225,49,60,690,1000.0,5047
19383,0.0,0.0,4.3,698,49,37,812,3000.0,5047
19384,0.0,1.0,3.9,53,49,20,167,1500.0,5047
19385,0.0,1.0,4.1,568,49,22,1349,2500.0,5047
19386,0.0,1.0,4.4,195,49,37,1100,2000.0,5047
19387,0.0,1.0,4.2,549,49,26,1404,1500.0,5047
19388,0.0,0.0,4.1,268,49,20,1370,600.0,5047
19389,1.0,1.0,4.4,232,49,5,122,2000.0,4243
19390,0.0,1.0,4.3,454,49,37,558,3000.0,5047
19391,1.0,0.0,4.0,114,49,20,972,1000.0,3483
19392,0.0,1.0,4.1,613,49,27,624,2800.0,5047
19393,0.0,0.0,3.8,623,49,46,1254,3000.0,5047
19394,0.0,1.0,4.1,338,49,21,1050,1800.0,5047
19395,1.0,0.0,4.1,119,49,14,350,500.0,2479
19396,0.0,0.0,2.6,408,49,57,1196,1000.0,5047
19397,1.0,1.0,3.8,200,49,20,982,1600.0,5047
19398,0.0,1.0,4.1,274,49,37,994,3000.0,5047
19399,0.0,1.0,4.0,195,49,47,1368,3000.0,5047
19400,0.0,0.0,4.1,116,49,37,34,3000.0,5047
19401,0.0,0.0,4.1,171,49,37,521,2500.0,5047
19402,0.0,1.0,3.9,317,49,13,404,800.0,5047
19403,0.0,0.0,3.0,108,49,20,1304,800.0,5047
19404,0.0,1.0,4.2,261,49,21,1661,1500.0,5047
19405,1.0,0.0,3.6,37,49,20,1474,750.0,4187
19406,0.0,0.0,3.4,10,49,62,1209,350.0,5047
19407,1.0,0.0,3.8,262,49,13,332,700.0,939
19408,0.0,0.0,3.8,84,49,37,965,2500.0,5047
19409,0.0,0.0,3.7,82,49,37,965,2500.0,5047
19410,1.0,1.0,2.2,409,49,20,1109,1000.0,4800
19411,1.0,0.0,4.4,231,49,62,319,700.0,4489
19412,0.0,0.0,4.0,1466,49,33,788,450.0,5047
19413,0.0,0.0,2.7,77,49,62,1235,500.0,5047
19414,1.0,0.0,3.9,121,49,62,1474,400.0,3136
19415,1.0,0.0,3.9,119,49,62,826,500.0,4081
19416,0.0,0.0,3.9,76,49,62,1547,200.0,5047
19417,0.0,0.0,3.8,86,49,62,1597,250.0,5047
19418,0.0,1.0,4.5,2216,66,20,1103,1800.0,5047
19419,1.0,1.0,4.2,4752,12,20,1206,1500.0,5047
19420,0.0,0.0,4.6,4021,65,54,647,1500.0,5047
19421,0.0,1.0,4.2,3133,48,46,624,2500.0,5047
19422,0.0,1.0,4.5,8413,8,61,11,2000.0,5047
19423,0.0,1.0,4.4,888,48,37,148,3000.0,5047
19424,0.0,1.0,4.4,2136,48,37,1314,2200.0,5047
19425,1.0,1.0,4.4,2242,48,39,1014,3000.0,3394
19426,0.0,0.0,4.3,1792,65,20,43,800.0,5047
19427,0.0,0.0,4.3,1363,66,20,286,700.0,5047
19428,0.0,0.0,4.6,2293,12,13,495,1100.0,5047
19429,0.0,0.0,4.5,1602,8,21,1547,1500.0,5047
19430,0.0,1.0,4.4,371,8,54,139,1500.0,5047
19431,1.0,1.0,4.1,2169,8,27,539,2000.0,3650
19432,0.0,0.0,4.4,2428,48,25,1124,1500.0,5047
19433,0.0,1.0,4.5,5284,76,21,5,2500.0,5047
19434,0.0,1.0,4.5,681,65,37,1086,3500.0,5047
19435,1.0,1.0,4.5,1250,76,21,146,1700.0,5047
19436,0.0,1.0,4.3,2233,65,55,694,1700.0,5047
19437,1.0,0.0,4.3,7574,12,46,33,1500.0,1526
19438,0.0,1.0,4.4,2054,48,21,927,1200.0,5047
19439,1.0,1.0,4.5,1135,12,21,208,1200.0,5047
19440,1.0,1.0,4.4,3712,48,23,1464,1300.0,5047
19441,0.0,1.0,4.6,1092,66,20,802,1500.0,5047
19442,0.0,0.0,4.2,643,76,60,671,1300.0,5047
19443,0.0,1.0,4.3,165,78,37,18,2800.0,5047
19444,0.0,1.0,4.1,1341,48,21,810,2100.0,5047
19445,0.0,0.0,3.8,2330,76,20,1591,700.0,5047
19446,1.0,1.0,4.3,3496,48,61,646,1700.0,5047
19447,1.0,0.0,4.6,2519,48,20,809,1600.0,5047
19448,0.0,1.0,4.2,191,12,20,1580,1000.0,5047
19449,0.0,1.0,4.3,768,48,40,1411,3000.0,5047
19450,1.0,1.0,4.2,2855,65,22,1010,800.0,690
19451,0.0,1.0,4.3,485,65,54,1124,2000.0,5047
19452,0.0,0.0,4.3,1050,48,46,1114,1500.0,5047
19453,1.0,1.0,4.2,2936,12,20,970,1000.0,5047
19454,1.0,1.0,4.4,498,76,5,1124,1900.0,4147
19455,1.0,1.0,4.5,1426,12,21,521,1700.0,5047
19456,0.0,1.0,4.3,673,65,20,1013,2000.0,5047
19457,0.0,1.0,4.4,1210,8,20,1068,1100.0,5047
19458,0.0,1.0,4.3,2716,8,5,718,1300.0,5047
19459,0.0,1.0,4.6,1438,48,37,1623,2200.0,5047
19460,1.0,1.0,4.3,772,48,20,1494,1400.0,5047
19461,1.0,1.0,4.4,1853,48,20,1009,1500.0,3115
19462,1.0,0.0,4.3,2157,65,20,239,600.0,5047
19463,0.0,0.0,4.5,3595,76,13,338,900.0,5047
19464,0.0,1.0,4.4,219,65,5,125,1200.0,5047
19465,0.0,1.0,4.2,144,78,37,988,2500.0,5047
19466,0.0,1.0,4.4,1084,78,20,1325,1600.0,5047
19467,1.0,1.0,4.1,864,65,20,1534,1400.0,5047
19468,0.0,0.0,4.3,1721,12,46,711,1300.0,5047
19469,0.0,0.0,4.3,465,48,25,173,1500.0,5047
19470,0.0,1.0,4.1,1739,12,13,386,1000.0,5047
19471,0.0,1.0,4.4,133,48,21,1225,1000.0,5047
19472,0.0,0.0,4.4,2652,12,13,332,600.0,5047
19473,0.0,1.0,4.3,689,66,37,805,2500.0,5047
19474,0.0,1.0,4.4,571,48,37,965,4000.0,5047
19475,0.0,0.0,4.3,1191,65,20,521,550.0,5047
19476,1.0,0.0,4.4,2139,8,20,1402,750.0,999
19477,0.0,1.0,4.2,1430,78,57,898,1300.0,5047
19478,0.0,1.0,4.2,261,8,57,31,1500.0,5047
19479,0.0,1.0,4.2,479,65,46,878,3000.0,5047
19480,0.0,0.0,4.1,1014,65,20,1231,500.0,5047
19481,0.0,1.0,4.2,337,48,21,1375,1000.0,5047
19482,0.0,0.0,4.3,2272,12,5,885,1100.0,5047
19483,1.0,0.0,4.0,785,12,20,42,650.0,5047
19484,0.0,1.0,4.3,300,76,5,1104,1200.0,5047
19485,0.0,1.0,4.2,2079,48,20,807,1500.0,5047
19486,1.0,1.0,4.2,2291,76,21,815,1400.0,4128
19487,0.0,0.0,4.3,698,48,20,1658,1500.0,5047
19488,0.0,0.0,4.2,1345,12,57,697,1100.0,5047
19489,1.0,0.0,3.9,120,78,20,513,600.0,5047
19490,1.0,1.0,4.3,509,48,21,558,1300.0,5047
19491,1.0,1.0,4.2,986,78,21,913,1000.0,2927
19492,1.0,0.0,4.0,1104,78,20,1050,1300.0,5047
19493,1.0,0.0,4.2,3576,12,13,459,650.0,706
19494,1.0,1.0,4.4,219,76,20,1529,850.0,5047
19495,1.0,1.0,4.3,969,12,13,385,750.0,2654
19496,0.0,1.0,4.5,556,78,20,1082,1800.0,5047
19497,1.0,1.0,4.0,938,12,21,22,1000.0,1697
19498,1.0,0.0,4.0,56,8,20,1019,1500.0,2003
19499,0.0,0.0,4.3,166,78,13,499,750.0,5047
19500,1.0,1.0,4.4,722,66,20,1090,1000.0,5047
19501,0.0,1.0,4.4,127,66,20,521,1200.0,5047
19502,0.0,1.0,4.3,620,65,37,1326,3400.0,5047
19503,1.0,0.0,4.3,580,78,13,407,700.0,390
19504,1.0,0.0,4.3,860,78,20,1655,1800.0,5047
19505,0.0,0.0,4.0,53,66,37,143,2000.0,5047
19506,0.0,1.0,4.2,82,78,37,1015,3000.0,5047
19507,0.0,1.0,4.1,102,65,57,664,1000.0,5047
19508,1.0,1.0,4.2,859,12,20,1534,1400.0,5047
19509,0.0,1.0,4.3,362,66,37,1375,3500.0,5047
19510,1.0,1.0,4.3,79,8,20,1541,700.0,5039
19511,1.0,1.0,4.2,409,8,5,892,1600.0,1086
19512,0.0,0.0,4.3,74,65,13,480,400.0,5047
19513,0.0,0.0,4.3,795,12,16,453,900.0,5047
19514,1.0,0.0,4.1,1134,8,20,14,1500.0,4870
19515,0.0,1.0,3.9,684,12,21,1559,1200.0,5047
19516,0.0,0.0,4.1,4443,8,26,12,1200.0,5047
19517,0.0,0.0,4.1,801,65,20,1376,800.0,5047
19518,0.0,1.0,4.3,330,66,20,1279,1200.0,5047
19519,0.0,1.0,4.3,237,66,37,1013,4000.0,5047
19520,0.0,0.0,3.9,172,74,20,1196,500.0,5047
19521,0.0,1.0,4.0,182,12,20,1156,1300.0,5047
19522,1.0,0.0,4.1,118,66,13,169,700.0,799
19523,0.0,1.0,4.2,275,65,38,1156,4000.0,5047
19524,1.0,1.0,4.2,354,66,20,1549,1200.0,5047
19525,0.0,1.0,4.0,930,8,20,1491,800.0,5047
19526,1.0,1.0,4.1,461,12,20,1156,600.0,5047
19527,0.0,0.0,4.1,1545,48,57,760,1200.0,5047
19528,0.0,1.0,4.1,558,8,60,878,1100.0,5047
19529,0.0,0.0,3.9,952,8,57,1196,1100.0,5047
19530,0.0,0.0,4.0,516,65,4,1235,1000.0,5047
19531,1.0,0.0,4.0,167,66,21,1156,1700.0,2745
19532,1.0,0.0,4.3,911,78,20,1013,2000.0,5047
19533,1.0,0.0,4.3,99,78,20,1088,550.0,5047
19534,1.0,0.0,4.0,1218,8,4,663,2000.0,1483
19535,1.0,0.0,4.3,151,78,20,294,650.0,4569
19536,0.0,1.0,3.7,57,78,37,1156,3000.0,5047
19537,1.0,1.0,4.3,1054,48,20,981,1600.0,4155
19538,1.0,0.0,4.3,329,12,20,1375,800.0,5047
19539,0.0,0.0,4.2,38,66,4,897,2000.0,5047
19540,0.0,1.0,3.9,312,65,37,1347,2000.0,5047
19541,0.0,1.0,4.3,430,65,38,521,3500.0,5047
19542,1.0,1.0,4.0,190,74,21,1361,1300.0,4102
19543,1.0,0.0,4.1,486,12,13,345,700.0,3752
19544,1.0,0.0,4.0,363,65,20,610,1000.0,5047
19545,1.0,0.0,4.0,178,78,20,236,750.0,4585
19546,1.0,0.0,3.9,464,78,16,340,800.0,1741
19547,0.0,1.0,4.4,185,48,21,1013,1800.0,5047
19548,1.0,0.0,4.2,176,14,20,1151,800.0,1441
19549,1.0,0.0,3.9,207,76,20,1235,650.0,3606
19550,1.0,0.0,3.9,366,65,20,1263,800.0,1232
19551,0.0,1.0,4.1,126,78,20,644,2000.0,5047
19552,0.0,1.0,3.9,183,78,20,1320,2200.0,5047
19553,1.0,0.0,3.9,227,12,20,1342,950.0,3991
19554,1.0,0.0,3.7,66,78,13,483,800.0,2972
19555,0.0,1.0,4.2,178,66,37,624,3000.0,5047
19556,1.0,0.0,4.2,1770,76,20,625,750.0,636
19557,0.0,0.0,2.0,397,8,46,878,1500.0,5047
19558,1.0,1.0,4.1,302,66,20,914,1000.0,485
19559,0.0,1.0,4.0,749,12,57,886,1100.0,5047
19560,1.0,0.0,4.1,54,65,20,931,550.0,3176
19561,1.0,0.0,4.0,111,74,20,1258,700.0,3345
19562,0.0,0.0,4.2,619,8,13,369,500.0,5047
19563,0.0,0.0,4.2,116,78,22,1074,1000.0,5047
19564,0.0,0.0,3.9,190,76,4,878,600.0,5047
19565,0.0,0.0,4.0,228,65,20,1435,700.0,5047
19566,1.0,0.0,3.7,281,8,20,1272,800.0,3435
19567,0.0,0.0,4.0,58,78,20,1095,2000.0,5047
19568,1.0,0.0,3.7,110,74,20,1136,700.0,5047
19569,1.0,1.0,3.8,203,66,20,1258,1200.0,5047
19570,0.0,0.0,4.2,700,76,62,1547,300.0,5047
19571,1.0,0.0,4.3,129,8,20,1654,700.0,3999
19572,1.0,0.0,3.9,88,78,20,1242,500.0,5047
19573,0.0,0.0,3.9,235,47,5,996,1000.0,5047
19574,0.0,1.0,3.8,95,48,14,353,1000.0,5047
19575,0.0,0.0,3.6,62,74,20,1423,450.0,5047
19576,1.0,0.0,4.1,118,66,20,640,1000.0,4471
19577,0.0,0.0,2.5,434,14,20,602,650.0,5047
19578,0.0,0.0,4.0,102,66,20,521,550.0,5047
19579,1.0,0.0,3.8,74,8,13,343,650.0,4739
19580,0.0,0.0,4.0,104,48,19,471,1200.0,5047
19581,0.0,0.0,3.1,122,48,21,1304,1200.0,5047
19582,0.0,0.0,3.7,298,65,57,1296,1000.0,5047
19583,0.0,0.0,4.0,95,65,46,878,2000.0,5047
19584,0.0,1.0,4.0,64,78,46,878,1500.0,5047
19585,1.0,0.0,2.9,50,8,62,1589,350.0,2859
19586,1.0,0.0,3.8,59,14,69,853,300.0,298
19587,1.0,0.0,3.6,42,78,20,1599,400.0,5047
19588,0.0,0.0,4.0,166,8,62,617,400.0,5047
19589,0.0,0.0,3.5,56,48,21,154,1800.0,5047
19590,1.0,0.0,4.2,383,78,13,1478,500.0,1719
19591,1.0,0.0,3.7,70,12,10,511,500.0,1774
19592,0.0,0.0,3.9,73,48,46,1621,2500.0,5047
19593,0.0,0.0,2.8,132,8,20,1440,650.0,5047
19594,0.0,0.0,3.9,135,76,20,984,800.0,5047
19595,0.0,0.0,3.9,90,76,20,1393,1400.0,5047
19596,1.0,0.0,2.8,303,14,20,235,500.0,3307
19597,1.0,0.0,3.6,124,65,13,362,600.0,224
19598,1.0,0.0,3.6,118,66,20,521,500.0,2618
19599,1.0,1.0,3.8,81,78,20,604,800.0,1562
19600,0.0,0.0,3.7,53,66,20,1591,600.0,5047
19601,1.0,0.0,3.8,265,66,20,604,850.0,4729
19602,1.0,1.0,4.0,1025,8,20,1395,700.0,5047
19603,1.0,0.0,3.8,38,78,20,213,400.0,1703
19604,0.0,1.0,4.1,100,78,46,887,2400.0,5047
19605,0.0,1.0,3.8,110,78,4,1196,1400.0,5047
19606,0.0,1.0,4.0,103,65,20,1156,1900.0,5047
19607,0.0,0.0,3.7,145,66,22,571,1000.0,5047
19608,0.0,0.0,3.9,122,8,20,1016,500.0,5047
19609,1.0,1.0,3.9,95,8,21,1147,1300.0,4283
19610,1.0,0.0,4.0,134,65,12,821,250.0,3730
19611,0.0,1.0,3.9,105,8,20,585,1000.0,5047
19612,0.0,0.0,3.8,99,78,13,420,600.0,5047
19613,0.0,0.0,3.7,57,76,20,1196,700.0,5047
19614,0.0,0.0,3.8,67,66,20,1547,500.0,5047
19615,0.0,1.0,4.3,165,66,37,1009,3000.0,5047
19616,0.0,0.0,3.7,125,8,20,558,600.0,5047
19617,0.0,0.0,4.0,209,65,20,558,500.0,5047
19618,0.0,0.0,3.8,151,12,20,624,800.0,5047
19619,0.0,0.0,3.5,140,12,20,1156,600.0,5047
19620,0.0,0.0,3.7,68,8,20,1587,500.0,5047
19621,0.0,1.0,3.6,278,76,21,56,800.0,5047
19622,0.0,0.0,1.8,225,12,20,1304,1200.0,5047
19623,0.0,0.0,3.9,42,8,20,617,500.0,5047
19624,1.0,1.0,3.8,197,76,20,274,800.0,4960
19625,0.0,0.0,3.8,52,66,20,1314,1200.0,5047
19626,0.0,0.0,3.7,32,14,20,1335,800.0,5047
19627,0.0,0.0,2.2,48,65,20,1050,600.0,5047
19628,1.0,0.0,3.9,215,8,20,1481,800.0,2348
19629,0.0,0.0,3.8,216,48,20,976,2000.0,5047
19630,1.0,0.0,3.6,52,12,20,1234,600.0,2050
19631,0.0,0.0,3.6,104,8,13,404,800.0,5047
19632,0.0,0.0,4.1,121,66,20,1196,600.0,5047
19633,1.0,0.0,4.4,1109,48,1,179,600.0,911
19634,1.0,0.0,4.0,1087,8,66,782,550.0,30
19635,1.0,0.0,4.0,871,48,62,1608,400.0,677
19636,0.0,0.0,4.4,180,66,62,1032,250.0,5047
19637,0.0,0.0,4.1,364,66,62,1181,400.0,5047
19638,0.0,0.0,3.4,225,14,62,1640,300.0,5047
19639,0.0,0.0,3.9,86,12,62,521,500.0,5047
19640,0.0,0.0,4.0,1221,12,62,1547,200.0,5047
19641,1.0,0.0,3.9,114,78,62,1156,150.0,244
19642,1.0,0.0,4.1,47,12,30,789,300.0,3082
19643,1.0,1.0,4.1,118,12,62,449,300.0,6
19644,1.0,0.0,4.2,288,76,62,322,500.0,2523
19645,0.0,0.0,4.0,107,66,62,78,300.0,5047
19646,1.0,0.0,4.1,161,76,62,1451,300.0,5047
19647,1.0,0.0,4.0,101,76,62,1023,150.0,3278
19648,1.0,0.0,4.1,207,78,62,1594,250.0,3446
19649,1.0,0.0,3.8,32,78,62,1615,200.0,2821
19650,1.0,0.0,3.8,200,8,62,322,450.0,2639
19651,0.0,0.0,3.9,77,14,62,1547,150.0,5047
19652,0.0,0.0,3.6,53,66,3,188,300.0,5047
19653,1.0,0.0,4.0,660,14,62,323,600.0,5047
19654,1.0,0.0,4.0,789,66,62,90,400.0,1035
19655,1.0,0.0,4.1,79,14,64,864,350.0,5013
19656,1.0,0.0,3.8,106,65,62,1561,200.0,4624
19657,1.0,0.0,3.9,202,12,62,861,250.0,274
19658,1.0,1.0,3.2,60,76,62,856,400.0,980
19659,1.0,0.0,3.9,65,8,63,819,250.0,5047
19660,0.0,0.0,3.0,33,14,62,1563,400.0,5047
19661,0.0,0.0,4.1,341,8,62,1669,300.0,5047
19662,1.0,0.0,3.9,56,76,62,256,400.0,1215
19663,1.0,0.0,3.6,79,65,62,1552,500.0,5047
19664,0.0,0.0,3.7,96,12,62,817,500.0,5047
19665,0.0,0.0,2.8,63,8,62,937,500.0,5047
19666,1.0,0.0,3.4,63,12,62,266,400.0,3343
19667,0.0,0.0,3.7,71,78,62,1502,500.0,5047
19668,1.0,0.0,3.1,165,12,62,825,350.0,3267
19669,1.0,0.0,3.9,457,65,62,270,400.0,591
19670,1.0,0.0,3.9,252,65,62,1190,500.0,1020
19671,1.0,0.0,3.4,48,78,62,1156,300.0,5047
19672,1.0,0.0,4.2,93,8,62,1561,300.0,5047
19673,0.0,0.0,3.7,163,76,62,235,300.0,5047
19674,0.0,0.0,4.1,399,74,62,1178,300.0,5047
19675,0.0,0.0,3.4,8,8,62,1156,450.0,5047
19676,0.0,0.0,3.8,38,14,62,531,300.0,5047
19677,0.0,0.0,3.8,41,65,62,210,100.0,5047
19678,1.0,0.0,3.8,113,65,30,769,500.0,2083
19679,1.0,1.0,4.7,4840,15,59,1458,1300.0,2766
19680,1.0,1.0,4.2,515,73,20,1130,800.0,3907
19681,0.0,1.0,4.1,2050,27,20,1375,1600.0,5047
19682,0.0,1.0,4.3,606,27,21,149,2500.0,5047
19683,1.0,1.0,4.1,632,15,20,47,1100.0,2564
19684,0.0,0.0,4.0,35,81,17,429,1100.0,5047
19685,1.0,0.0,4.3,657,15,17,427,750.0,5000
19686,1.0,0.0,4.2,452,26,20,1530,700.0,2882
19687,0.0,1.0,4.1,327,15,46,1397,1300.0,5047
19688,1.0,1.0,4.2,476,15,20,1272,1700.0,1299
19689,1.0,0.0,4.1,398,15,20,544,600.0,4107
19690,1.0,1.0,4.2,865,15,22,659,1000.0,5047
19691,1.0,1.0,4.2,570,73,20,570,1200.0,2659
19692,0.0,0.0,3.9,435,20,20,1140,550.0,5047
19693,0.0,0.0,3.9,175,20,20,92,600.0,5047
19694,1.0,0.0,2.9,111,73,20,618,500.0,5047
19695,1.0,0.0,4.3,1135,27,13,438,800.0,5047
19696,1.0,0.0,3.7,97,27,16,373,650.0,5047
19697,0.0,0.0,4.1,215,20,3,188,200.0,5047
19698,1.0,0.0,3.9,256,20,20,1097,700.0,5047
19699,1.0,0.0,3.9,260,26,20,1196,650.0,2434
19700,0.0,0.0,3.9,54,26,62,622,200.0,5047
19701,1.0,0.0,4.1,405,15,20,1378,750.0,5047
19702,1.0,0.0,3.8,160,27,20,608,1300.0,4176
19703,1.0,0.0,3.7,83,73,20,1196,500.0,5047
19704,1.0,0.0,3.9,54,26,62,1652,200.0,5047
19705,0.0,0.0,2.8,255,27,20,1196,1000.0,5047
19706,0.0,0.0,3.8,263,26,20,558,650.0,5047
19707,0.0,0.0,4.0,90,27,62,1568,300.0,5047
19708,0.0,0.0,4.0,109,15,62,1080,400.0,5047
19709,0.0,0.0,3.3,90,26,13,445,500.0,5047
19710,1.0,0.0,3.7,93,26,62,1196,500.0,5047
19711,1.0,0.0,3.7,77,20,62,1156,300.0,62
19712,1.0,0.0,4.0,494,26,62,235,300.0,579
19713,1.0,0.0,3.3,262,73,20,1196,500.0,4343
19714,1.0,0.0,3.4,157,26,62,1497,300.0,4677
19715,0.0,0.0,3.8,171,26,62,1563,250.0,5047
19716,1.0,0.0,3.5,128,20,20,558,700.0,1977
19717,0.0,0.0,3.9,49,20,62,558,400.0,5047
19718,0.0,0.0,2.7,231,26,62,282,350.0,5047
19719,1.0,0.0,3.5,61,20,62,1002,300.0,5047
19720,0.0,1.0,3.9,158,15,20,1446,1100.0,5047
19721,0.0,0.0,2.7,54,20,20,1602,500.0,5047
19722,1.0,0.0,2.7,66,59,62,106,400.0,219
19723,1.0,0.0,3.7,131,26,62,1589,250.0,116
19724,0.0,0.0,3.9,119,27,21,1537,800.0,5047
19725,1.0,0.0,2.9,45,20,13,383,600.0,5047
19726,1.0,0.0,2.8,157,15,20,1145,700.0,5047
19727,1.0,0.0,3.9,147,15,62,1476,600.0,5047
19728,1.0,0.0,2.8,142,20,3,181,300.0,1623
19729,0.0,1.0,4.3,2716,8,5,718,1300.0,5047
19730,0.0,1.0,4.3,485,65,54,1124,2000.0,5047
19731,1.0,1.0,4.1,2169,8,27,539,2000.0,5047
19732,0.0,1.0,4.4,4611,49,46,156,1700.0,5047
19733,0.0,1.0,4.2,1461,49,60,667,1500.0,5047
19734,0.0,1.0,4.2,225,49,60,690,1000.0,5047
19735,0.0,1.0,4.2,549,49,26,1404,1500.0,5047
19736,0.0,1.0,4.1,613,49,27,624,2800.0,5047
19737,0.0,0.0,3.8,623,49,46,1254,3000.0,5047
19738,0.0,0.0,2.6,408,49,57,1196,1000.0,5047
19739,0.0,1.0,4.0,195,49,47,1368,3000.0,5047
19740,0.0,1.0,4.2,261,49,21,1661,1500.0,5047
19741,0.0,0.0,4.6,4021,65,54,647,1500.0,5047
19742,0.0,1.0,4.2,3133,48,46,624,2500.0,5047
19743,0.0,1.0,4.5,8413,8,61,11,2000.0,5047
19744,0.0,1.0,4.4,888,48,37,148,3000.0,5047
19745,1.0,1.0,4.4,2242,48,39,1014,3000.0,5047
19746,0.0,0.0,4.5,1602,8,21,1547,1500.0,5047
19747,0.0,1.0,4.4,371,8,54,139,1500.0,5047
19748,0.0,0.0,4.4,2428,48,25,1124,1500.0,5047
19749,0.0,1.0,4.5,5284,76,21,5,2500.0,5047
19750,1.0,1.0,4.5,1250,76,21,146,1700.0,5047
19751,0.0,1.0,4.3,2233,65,55,694,1700.0,5047
19752,0.0,1.0,4.4,2054,48,21,927,1200.0,5047
19753,1.0,1.0,4.4,3712,48,23,1464,1300.0,5047
19754,0.0,0.0,4.2,643,76,60,671,1300.0,5047
19755,1.0,1.0,4.3,3496,48,61,646,1700.0,5047
19756,0.0,1.0,4.3,485,65,54,1124,2000.0,5047
19757,0.0,0.0,4.3,1050,48,46,1114,1500.0,5047
19758,1.0,1.0,4.4,498,76,5,1124,1900.0,5047
19759,0.0,0.0,4.3,1721,12,46,711,1300.0,5047
19760,0.0,1.0,4.4,133,48,21,1225,1000.0,5047
19761,0.0,1.0,4.2,1430,78,57,898,1300.0,5047
19762,0.0,1.0,4.2,261,8,57,31,1500.0,5047
19763,0.0,1.0,4.2,479,65,46,878,3000.0,5047
19764,0.0,0.0,4.3,2272,12,5,885,1100.0,5047
19765,0.0,1.0,4.3,300,76,5,1104,1200.0,5047
19766,1.0,1.0,4.2,2291,76,21,815,1400.0,5047
19767,0.0,0.0,4.2,1345,12,57,697,1100.0,5047
19768,1.0,1.0,4.0,938,12,21,22,1000.0,5047
19769,0.0,1.0,4.1,102,65,57,664,1000.0,5047
19770,1.0,1.0,4.2,409,8,5,892,1600.0,5047
19771,0.0,1.0,3.9,684,12,21,1559,1200.0,5047
19772,0.0,0.0,4.1,1545,48,57,760,1200.0,5047
19773,0.0,1.0,4.1,558,8,60,878,1100.0,5047
19774,0.0,0.0,3.9,952,8,57,1196,1100.0,5047
19775,0.0,0.0,4.0,516,65,4,1235,1000.0,5047
19776,1.0,0.0,4.0,1218,8,4,663,2000.0,5047
19777,0.0,0.0,4.2,38,66,4,897,2000.0,5047
19778,0.0,0.0,2.0,397,8,46,878,1500.0,5047
19779,0.0,1.0,4.0,749,12,57,886,1100.0,5047
19780,0.0,0.0,3.9,190,76,4,878,600.0,5047
19781,0.0,0.0,3.9,235,47,5,996,1000.0,5047
19782,0.0,0.0,3.7,298,65,57,1296,1000.0,5047
19783,0.0,0.0,4.0,95,65,46,878,2000.0,5047
19784,0.0,1.0,4.0,64,78,46,878,1500.0,5047
19785,0.0,0.0,3.9,73,48,46,1621,2500.0,5047
19786,0.0,1.0,4.1,100,78,46,887,2400.0,5047
19787,0.0,1.0,3.8,110,78,4,1196,1400.0,5047
19788,1.0,1.0,4.7,4840,15,59,1458,1300.0,5047
19789,0.0,1.0,4.3,606,27,21,149,2500.0,5047
19790,0.0,0.0,4.2,2030,73,26,26,1200.0,5047
19791,0.0,1.0,4.1,327,15,46,1397,1300.0,5047
19792,0.0,1.0,4.3,2721,8,5,718,1300.0,5047
19793,0.0,1.0,4.4,220,65,5,125,1200.0,5047
19794,0.0,1.0,4.2,1462,49,60,667,1500.0,5047
19795,0.0,1.0,4.2,227,49,60,690,1000.0,5047
19796,0.0,1.0,4.2,549,49,26,1404,1500.0,5047
19797,1.0,1.0,4.4,232,49,5,122,2000.0,5047
19798,0.0,1.0,4.1,338,49,21,1050,1800.0,5047
19799,0.0,0.0,2.6,408,49,57,1196,1000.0,5047
19800,0.0,1.0,4.0,195,49,47,1368,3000.0,5047
19801,0.0,1.0,4.2,261,49,21,1661,1500.0,5047
19802,0.0,1.0,4.5,8414,8,61,11,2000.0,5047
19803,0.0,0.0,4.5,1604,8,21,1547,1500.0,5047
19804,0.0,1.0,4.5,5285,76,21,5,2500.0,5047
19805,1.0,1.0,4.5,1255,76,21,146,1700.0,5047
19806,0.0,1.0,4.4,2054,48,21,927,1200.0,5047
19807,1.0,1.0,4.5,1135,12,21,208,1200.0,5047
19808,0.0,0.0,4.2,644,76,60,671,1300.0,5047
19809,0.0,1.0,4.1,1343,48,21,810,2100.0,5047
19810,1.0,1.0,4.3,3496,48,61,646,1700.0,5047
19811,1.0,1.0,4.4,498,76,5,1124,1900.0,5047
19812,1.0,1.0,4.5,1428,12,21,521,1700.0,5047
19813,0.0,1.0,4.4,134,48,21,1225,1000.0,5047
19814,0.0,1.0,4.2,260,8,57,31,1500.0,5047
19815,0.0,1.0,4.2,1430,78,57,898,1300.0,5047
19816,0.0,1.0,4.2,337,48,21,1375,1000.0,5047
19817,0.0,0.0,4.3,2272,12,5,885,1100.0,5047
19818,0.0,1.0,4.3,300,76,5,1104,1200.0,5047
19819,1.0,1.0,4.2,2291,76,21,815,1400.0,5047
19820,0.0,0.0,4.2,1347,12,57,697,1100.0,5047
19821,1.0,1.0,4.3,509,48,21,558,1300.0,5047
19822,1.0,1.0,4.2,986,78,21,913,1000.0,5047
19823,1.0,1.0,4.0,938,12,21,22,1000.0,5047
19824,0.0,1.0,4.1,102,65,57,664,1000.0,5047
19825,1.0,1.0,4.2,410,8,5,892,1600.0,5047
19826,0.0,1.0,3.9,684,12,21,1559,1200.0,5047
19827,0.0,0.0,4.1,4445,8,26,12,1200.0,5047
19828,0.0,1.0,4.2,275,65,38,1156,4000.0,5047
19829,0.0,0.0,4.1,1545,48,57,760,1200.0,5047
19830,0.0,1.0,4.1,558,8,60,878,1100.0,5047
19831,1.0,1.0,4.1,771,78,21,29,1200.0,5047
19832,0.0,0.0,3.9,952,8,57,1196,1100.0,5047
19833,0.0,0.0,4.0,516,65,4,1235,1000.0,5047
19834,1.0,0.0,4.0,167,66,21,1156,1700.0,5047
19835,1.0,0.0,4.1,1219,8,4,663,2000.0,5047
19836,0.0,0.0,4.2,38,66,4,897,2000.0,5047
19837,0.0,1.0,4.3,430,65,38,521,3500.0,5047
19838,1.0,1.0,4.0,190,74,21,1361,1300.0,5047
19839,0.0,1.0,4.4,185,48,21,1013,1800.0,5047
19840,0.0,1.0,4.0,749,12,57,886,1100.0,5047
19841,0.0,0.0,3.9,190,76,4,878,600.0,5047
19842,0.0,0.0,3.9,235,47,5,996,1000.0,5047
19843,0.0,0.0,3.1,122,48,21,1304,1200.0,5047
19844,0.0,0.0,3.7,298,65,57,1296,1000.0,5047
19845,0.0,0.0,3.5,56,48,21,154,1800.0,5047
19846,0.0,1.0,3.8,110,78,4,1196,1400.0,5047
19847,1.0,1.0,3.9,94,8,21,1147,1300.0,5047
19848,0.0,1.0,3.6,278,76,21,56,800.0,5047
19849,1.0,1.0,4.7,4841,15,59,1458,1300.0,5047
19850,0.0,1.0,4.3,606,27,21,149,2500.0,5047
19851,0.0,1.0,4.2,997,56,5,705,1400.0,5047
19852,0.0,1.0,4.0,820,56,20,609,1100.0,5047
19853,0.0,1.0,4.2,426,56,24,645,1800.0,5047
19854,1.0,0.0,3.7,212,56,20,1416,900.0,5047
19855,0.0,0.0,4.7,3912,56,16,338,900.0,5047
19856,1.0,1.0,4.5,2932,56,59,1302,1200.0,3370
19857,1.0,0.0,4.1,638,56,13,333,700.0,2594
19858,1.0,0.0,4.2,1442,56,13,459,650.0,2426
19859,1.0,1.0,4.0,608,56,13,486,800.0,4822
19860,1.0,0.0,3.9,48,56,13,491,600.0,369
19861,1.0,1.0,4.4,4873,56,22,1468,600.0,895
19862,1.0,1.0,4.1,554,56,13,383,800.0,2496
19863,1.0,1.0,4.0,868,56,22,678,1000.0,1078
19864,1.0,0.0,4.0,239,56,13,454,500.0,5047
19865,1.0,0.0,3.9,365,56,13,477,900.0,1077
19866,1.0,0.0,4.1,670,56,13,463,800.0,3927
19867,0.0,0.0,3.9,523,56,16,457,1100.0,5047
19868,1.0,0.0,3.7,126,56,13,456,700.0,4111
19869,1.0,0.0,3.2,58,56,13,436,900.0,2350
19870,1.0,0.0,3.7,168,56,13,490,700.0,5047
19871,1.0,0.0,3.7,67,56,13,507,250.0,4752
19872,1.0,0.0,3.7,55,56,13,364,400.0,1049
19873,1.0,0.0,2.8,114,56,13,332,600.0,3181
19874,1.0,0.0,4.0,336,56,62,848,500.0,4983
19875,1.0,0.0,4.1,187,68,29,235,650.0,1988
19876,1.0,0.0,4.2,1442,56,13,459,650.0,2426
19877,1.0,0.0,3.8,50,56,29,1196,300.0,5047
19878,1.0,0.0,4.0,409,56,62,942,350.0,4685
19879,1.0,0.0,3.3,240,56,62,1209,400.0,5047
19880,1.0,0.0,3.5,226,56,62,1033,300.0,1266
19881,1.0,0.0,3.8,154,56,62,1209,450.0,5047
19882,1.0,0.0,4.1,254,87,68,1290,400.0,470
19883,1.0,0.0,4.0,1586,56,20,294,800.0,3336
19884,1.0,0.0,3.8,33,69,72,995,500.0,3792
19885,1.0,0.0,4.0,557,56,62,323,600.0,1477
19886,1.0,0.0,4.1,498,56,62,1196,300.0,5047
19887,1.0,0.0,4.2,578,56,20,128,600.0,4954
19888,1.0,1.0,4.0,117,56,20,1135,1400.0,3599
19889,1.0,0.0,4.2,583,68,13,424,500.0,1793
19890,1.0,1.0,4.4,4873,56,22,1468,600.0,895
19891,1.0,0.0,3.8,204,68,29,1190,500.0,5047
19892,1.0,0.0,3.7,418,56,62,1636,400.0,5047
19893,1.0,0.0,3.8,198,56,20,604,850.0,5047
19894,1.0,0.0,3.2,712,56,72,267,500.0,5047
19895,1.0,0.0,2.9,123,68,20,609,800.0,5047
19896,1.0,0.0,4.1,674,56,62,1644,250.0,1670
19897,1.0,0.0,3.4,90,87,62,1196,300.0,1867
19898,1.0,0.0,3.9,163,69,62,609,300.0,410
19899,1.0,0.0,3.9,345,56,20,1196,500.0,3549
19900,1.0,0.0,4.0,449,69,72,863,400.0,2495
19901,1.0,0.0,3.8,179,56,62,84,300.0,2760
19902,1.0,0.0,4.0,336,56,20,1273,500.0,1219
19903,1.0,0.0,3.8,76,68,12,226,100.0,2526
19904,1.0,0.0,3.8,464,56,20,1037,600.0,1271
19905,1.0,0.0,4.1,638,56,13,333,700.0,2594
19906,1.0,0.0,3.6,436,56,20,1474,750.0,2338
19907,1.0,0.0,3.9,581,56,62,322,400.0,2635
19908,1.0,0.0,4.0,380,56,20,625,750.0,634
19909,1.0,0.0,3.9,173,87,20,1061,450.0,1551
19910,1.0,0.0,4.1,250,56,30,790,500.0,5026
19911,1.0,0.0,3.2,192,56,62,565,400.0,580
19912,1.0,0.0,3.9,76,68,29,1113,600.0,3779
19913,1.0,1.0,4.3,3077,68,54,140,1700.0,3087
19914,1.0,0.0,4.0,120,68,29,1465,800.0,2176
19915,1.0,0.0,4.0,154,68,71,867,200.0,416
19916,1.0,0.0,4.0,124,56,62,202,300.0,1264
19917,0.0,0.0,3.9,133,56,2,181,500.0,5047
19918,1.0,1.0,3.8,258,68,20,50,600.0,5047
19919,1.0,0.0,3.9,111,56,62,1563,300.0,4710
19920,1.0,0.0,4.1,1107,56,20,1002,700.0,2227
19921,1.0,0.0,4.1,322,56,30,792,400.0,763
19922,1.0,0.0,4.0,536,56,20,561,650.0,5047
19923,1.0,0.0,4.0,233,56,62,842,500.0,2027
19924,1.0,0.0,4.0,239,56,13,454,500.0,5047
19925,1.0,0.0,2.7,94,56,62,1644,300.0,3945
19926,1.0,1.0,4.5,2932,56,59,1302,1200.0,3370
19927,1.0,0.0,4.2,421,56,20,523,700.0,1308
19928,1.0,0.0,4.0,108,56,12,821,250.0,3726
19929,1.0,0.0,3.2,158,68,20,1589,400.0,851
19930,1.0,0.0,3.5,140,56,62,1156,300.0,197
19931,1.0,0.0,3.9,267,56,62,1547,200.0,3158
19932,1.0,0.0,3.2,58,56,13,436,900.0,2350
19933,1.0,0.0,3.4,43,56,62,821,350.0,918
19934,1.0,0.0,3.8,67,87,30,956,450.0,303
19935,1.0,0.0,3.9,162,68,20,1196,700.0,5047
19936,1.0,0.0,4.1,184,56,12,217,500.0,1726
19937,1.0,0.0,3.7,69,56,20,1327,650.0,3529
19938,1.0,0.0,4.0,702,56,20,966,700.0,4882
19939,1.0,1.0,4.0,608,56,13,486,800.0,4822
19940,1.0,0.0,4.0,106,87,62,817,150.0,645
19941,1.0,0.0,4.0,159,68,70,1121,400.0,4214
19942,1.0,0.0,3.9,92,68,30,956,500.0,2934
19943,1.0,1.0,4.2,680,56,20,694,800.0,467
19944,1.0,1.0,3.9,116,56,20,1196,700.0,5047
19945,1.0,0.0,3.9,81,56,30,767,300.0,1636
19946,1.0,0.0,2.9,140,56,20,947,650.0,996
19947,1.0,0.0,4.0,105,56,62,1547,300.0,5047
19948,1.0,0.0,3.3,210,87,62,1034,450.0,2125
19949,1.0,0.0,3.0,50,56,20,1599,400.0,5047
19950,1.0,0.0,3.6,119,56,20,1277,400.0,3165
19951,1.0,0.0,3.7,59,56,62,1046,500.0,647
19952,1.0,0.0,4.0,255,56,30,789,500.0,3285
19953,1.0,0.0,3.1,75,56,62,1476,600.0,5047
19954,1.0,0.0,4.2,100,87,20,1222,1000.0,5047
19955,1.0,0.0,3.7,118,87,62,1272,400.0,4347
19956,0.0,0.0,4.7,3912,56,16,338,900.0,5047
19957,1.0,1.0,3.5,137,68,21,1308,1250.0,5047
19958,1.0,0.0,3.6,89,56,20,1384,650.0,5047
19959,1.0,0.0,3.9,281,56,62,322,500.0,561
19960,1.0,0.0,3.8,162,56,62,1500,300.0,1448
19961,1.0,0.0,3.9,149,69,5,1537,600.0,4346
19962,1.0,0.0,2.8,114,56,13,332,600.0,3181
19963,1.0,1.0,4.1,554,56,13,383,800.0,2496
19964,1.0,1.0,4.0,868,56,22,678,1000.0,1078
19965,1.0,0.0,2.9,67,87,20,1589,600.0,4713
19966,1.0,0.0,3.7,55,56,13,364,400.0,5047
19967,1.0,0.0,3.7,114,56,62,817,400.0,3653
19968,1.0,1.0,3.9,123,56,57,655,1100.0,1546
19969,1.0,0.0,4.1,670,56,13,463,800.0,3927
19970,0.0,0.0,4.2,1282,56,20,50,800.0,5047
19971,1.0,0.0,3.9,257,56,62,1474,400.0,5047
19972,1.0,0.0,3.9,48,56,13,491,600.0,369
19973,1.0,0.0,3.9,92,68,62,1552,300.0,5047
19974,1.0,0.0,3.6,133,56,20,286,700.0,575
19975,1.0,0.0,3.7,126,56,13,456,700.0,4111
19976,1.0,0.0,3.9,431,56,20,700,700.0,5047
19977,1.0,0.0,3.6,34,68,71,1121,100.0,5047
19978,0.0,1.0,3.9,510,56,20,1156,700.0,5047
19979,0.0,1.0,4.0,820,56,20,609,1100.0,5047
19980,0.0,0.0,3.9,263,56,62,1667,400.0,5047
19981,1.0,0.0,3.7,212,56,20,1416,900.0,5047
19982,1.0,0.0,3.9,365,56,13,477,900.0,1077
19983,1.0,0.0,3.7,95,29,62,1589,400.0,154
19984,1.0,0.0,2.6,166,56,62,1048,350.0,5047
19985,0.0,0.0,3.7,167,56,62,937,500.0,5047
19986,0.0,0.0,4.0,95,56,62,1552,400.0,5047
19987,1.0,0.0,3.9,49,56,30,787,200.0,2186
19988,0.0,1.0,3.7,511,56,20,1156,600.0,5047
19989,1.0,0.0,3.7,63,68,69,1121,150.0,3720
19990,1.0,0.0,4.3,252,56,20,1379,800.0,3662
19991,1.0,0.0,3.9,78,86,62,1062,350.0,5047
19992,0.0,0.0,4.3,273,56,30,951,200.0,5047
19993,0.0,0.0,3.9,523,56,16,457,1100.0,5047
19994,0.0,0.0,3.7,318,56,4,1196,1400.0,5047
19995,0.0,0.0,4.0,160,68,72,1112,450.0,5047
19996,1.0,0.0,4.2,253,87,62,1589,450.0,5047
19997,0.0,0.0,3.8,184,56,62,817,400.0,5047
19998,1.0,0.0,3.7,168,56,13,490,700.0,5047
19999,0.0,0.0,4.0,66,56,20,1654,800.0,5047
20000,1.0,0.0,3.7,67,56,13,507,250.0,5047
20001,0.0,0.0,4.1,147,56,20,326,600.0,5047
20002,0.0,0.0,2.5,105,56,29,235,650.0,5047
20003,0.0,0.0,3.4,64,56,62,1675,400.0,5047
20004,0.0,0.0,2.5,79,56,20,68,700.0,5047
20005,0.0,0.0,3.6,74,29,20,1565,400.0,5047
20006,0.0,0.0,3.7,91,69,20,1603,400.0,5047
20007,1.0,0.0,3.6,76,56,62,1628,300.0,5047
20008,1.0,0.0,3.0,66,68,62,1209,600.0,5047
20009,1.0,0.0,4.4,44,56,72,1392,500.0,5047
20010,1.0,0.0,4.2,50,56,72,1465,600.0,4170
20011,0.0,0.0,4.7,3912,56,16,338,900.0,5047
20012,1.0,0.0,4.1,638,56,13,333,700.0,2594
20013,0.0,0.0,4.5,703,56,30,956,400.0,5047
20014,1.0,0.0,4.1,250,56,30,790,500.0,5026
20015,1.0,0.0,4.1,322,56,30,792,400.0,763
20016,0.0,0.0,4.2,149,56,35,787,300.0,5047
20017,0.0,0.0,4.3,273,56,30,951,200.0,5047
20018,1.0,0.0,4.0,132,56,62,1121,400.0,5047
20019,0.0,0.0,3.9,133,56,2,181,500.0,5047
20020,1.0,0.0,2.6,84,56,3,175,400.0,5047
20021,1.0,0.0,3.9,81,56,30,767,300.0,1636
20022,1.0,0.0,3.9,130,56,11,778,400.0,2541
20023,1.0,0.0,3.9,49,56,30,787,200.0,5047
20024,1.0,0.0,4.0,255,56,30,789,500.0,3285
20025,0.0,0.0,3.9,56,69,70,1121,350.0,5047
20026,0.0,0.0,4.3,969,56,57,539,1400.0,5047
20027,0.0,0.0,4.7,3916,56,16,338,900.0,5047
20028,0.0,1.0,4.5,2732,56,60,688,1200.0,5047
20029,0.0,1.0,4.2,997,56,5,705,1400.0,5047
20030,1.0,1.0,4.5,2935,56,59,1302,1200.0,5047
20031,1.0,0.0,4.2,578,56,20,128,600.0,5047
20032,1.0,0.0,4.2,53,56,20,1272,500.0,5047
20033,0.0,0.0,4.0,307,56,21,1235,1000.0,5047
20034,0.0,0.0,4.2,1282,56,20,50,800.0,5047
20035,1.0,0.0,4.2,420,56,20,523,700.0,5047
20036,1.0,0.0,4.0,1586,56,20,294,800.0,5047
20037,0.0,0.0,4.0,421,56,20,663,1000.0,5047
20038,1.0,0.0,4.1,638,56,13,333,700.0,5047
20039,0.0,1.0,3.9,510,56,20,1156,700.0,5047
20040,1.0,0.0,4.2,1443,56,13,459,650.0,5047
20041,0.0,1.0,4.0,820,56,20,609,1100.0,5047
20042,1.0,0.0,3.9,345,56,20,1196,500.0,5047
20043,1.0,0.0,4.0,337,56,20,1273,500.0,5047
20044,0.0,0.0,3.9,263,56,62,1667,400.0,5047
20045,1.0,1.0,4.0,608,56,13,486,800.0,5047
20046,1.0,0.0,3.9,48,56,13,491,600.0,5047
20047,1.0,1.0,3.9,117,56,20,1196,700.0,5047
20048,1.0,0.0,3.7,120,56,20,1277,400.0,5047
20049,1.0,1.0,4.4,4897,56,22,1468,600.0,5047
20050,0.0,0.0,4.0,95,56,62,1552,400.0,5047
20051,1.0,1.0,4.1,555,56,13,383,800.0,5047
20052,1.0,1.0,4.2,680,56,20,694,800.0,5047
20053,1.0,1.0,4.0,117,56,20,1135,1400.0,5047
20054,1.0,0.0,3.8,465,56,20,1037,600.0,5047
20055,1.0,0.0,3.6,436,56,20,1474,750.0,5047
20056,0.0,1.0,3.7,511,56,20,1156,600.0,5047
20057,1.0,0.0,4.1,1107,56,20,1002,700.0,5047
20058,1.0,0.0,4.0,539,56,20,561,650.0,5047
20059,0.0,0.0,3.7,318,56,4,1196,1400.0,5047
20060,1.0,0.0,4.3,251,56,20,1379,800.0,5047
20061,1.0,1.0,4.0,868,56,22,678,1000.0,5047
20062,1.0,0.0,4.0,239,56,13,454,500.0,5047
20063,1.0,1.0,3.9,123,56,57,655,1100.0,5047
20064,1.0,0.0,3.9,365,56,13,477,900.0,5047
20065,1.0,0.0,4.0,702,56,20,966,700.0,5047
20066,1.0,0.0,4.0,105,56,62,1547,300.0,5047
20067,1.0,0.0,2.9,140,56,20,947,650.0,5047
20068,1.0,0.0,4.1,670,56,13,463,800.0,5047
20069,0.0,0.0,3.9,523,56,16,457,1100.0,5047
20070,1.0,0.0,4.0,380,56,20,625,750.0,5047
20071,0.0,1.0,4.2,426,56,24,645,1800.0,5047
20072,0.0,0.0,3.6,314,56,20,604,850.0,5047
20073,1.0,0.0,3.6,133,56,20,286,700.0,5047
20074,0.0,0.0,4.0,66,56,20,1654,800.0,5047
20075,1.0,0.0,3.7,214,56,20,1416,900.0,5047
20076,1.0,0.0,3.7,126,56,13,456,700.0,5047
20077,1.0,0.0,3.2,192,56,62,565,400.0,5047
20078,1.0,0.0,3.2,58,56,13,436,900.0,5047
20079,1.0,0.0,3.7,168,56,13,490,700.0,5047
20080,1.0,0.0,3.7,69,56,20,1327,650.0,5047
20081,1.0,0.0,3.9,431,56,20,700,700.0,5047
20082,1.0,0.0,3.7,67,56,13,507,250.0,5047
20083,1.0,0.0,3.6,89,56,20,1384,650.0,5047
20084,1.0,0.0,3.7,55,56,13,364,400.0,5047
20085,0.0,0.0,4.1,147,56,20,326,600.0,5047
20086,1.0,0.0,3.0,50,56,20,1599,400.0,5047
20087,1.0,0.0,2.8,114,56,13,332,600.0,5047
20088,0.0,0.0,2.5,79,56,20,68,700.0,5047
20089,1.0,0.0,4.1,500,56,62,1196,300.0,5047
20090,1.0,0.0,4.0,409,56,62,942,350.0,5047
20091,1.0,0.0,4.0,336,56,62,848,500.0,5047
20092,1.0,0.0,3.9,487,56,62,1474,400.0,5047
20093,1.0,0.0,4.1,322,56,30,792,400.0,5047
20094,0.0,0.0,3.7,167,56,62,937,500.0,5047
20095,0.0,0.0,4.2,149,56,35,787,300.0,5047
20096,1.0,0.0,4.0,559,56,62,323,600.0,5047
20097,1.0,0.0,3.9,281,56,62,322,500.0,5047
20098,1.0,0.0,3.5,226,56,62,1033,300.0,5047
20099,1.0,0.0,4.0,124,56,62,202,300.0,5047
20100,1.0,0.0,3.7,59,56,62,1046,500.0,5047
20101,1.0,0.0,4.0,233,56,62,842,500.0,5047
20102,1.0,0.0,3.8,154,56,62,1209,450.0,5047
20103,1.0,0.0,2.6,166,56,62,1048,350.0,5047
20104,1.0,0.0,3.8,162,56,62,1500,300.0,5047
20105,1.0,0.0,2.6,84,56,3,175,400.0,5047
20106,1.0,0.0,3.3,240,56,62,1209,400.0,5047
20107,1.0,0.0,3.9,581,56,62,322,400.0,5047
20108,1.0,0.0,4.1,675,56,62,1644,250.0,5047
20109,1.0,0.0,3.7,114,56,62,817,400.0,5047
20110,1.0,0.0,3.7,418,56,62,1636,400.0,5047
20111,0.0,0.0,3.8,184,56,62,817,400.0,5047
20112,1.0,0.0,3.1,75,56,62,1476,600.0,5047
20113,1.0,0.0,3.9,267,56,62,1547,200.0,5047
20114,0.0,0.0,3.4,64,56,62,1675,400.0,5047
20115,1.0,0.0,3.5,140,56,62,1156,300.0,5047
20116,1.0,0.0,2.7,94,56,62,1644,300.0,5047
20117,0.0,0.0,3.9,56,69,70,1121,350.0,5047
20118,0.0,0.0,3.6,74,29,20,1565,400.0,5047
20119,0.0,0.0,3.7,91,69,20,1603,400.0,5047
20120,1.0,0.0,3.9,164,69,62,609,300.0,5047
20121,1.0,0.0,3.9,78,86,62,1062,350.0,5047
20122,0.0,1.0,4.2,997,56,5,705,1400.0,5047
20123,0.0,1.0,4.5,2732,56,60,688,1200.0,5047
20124,0.0,0.0,4.3,969,56,57,539,1400.0,5047
20125,1.0,1.0,4.5,2935,56,59,1302,1200.0,5047
20126,0.0,0.0,3.7,318,56,4,1196,1400.0,5047
20127,1.0,1.0,3.9,123,56,57,655,1100.0,5047
20128,0.0,1.0,4.5,2732,56,60,688,1200.0,5047
20129,0.0,1.0,4.2,997,56,5,705,1400.0,5047
20130,0.0,0.0,4.3,969,56,57,539,1400.0,5047
20131,1.0,1.0,4.5,2935,56,59,1302,1200.0,5047
20132,0.0,0.0,4.0,307,56,21,1235,1000.0,5047
20133,0.0,0.0,3.7,318,56,4,1196,1400.0,5047
20134,1.0,1.0,3.9,123,56,57,655,1100.0,5047
20135,0.0,1.0,4.6,9272,58,61,16,1800.0,5047
20136,1.0,1.0,4.0,861,26,20,1174,1200.0,5047
20137,0.0,1.0,4.2,473,16,37,1171,3000.0,5047
20138,0.0,1.0,4.2,597,58,37,1344,3500.0,5047
20139,0.0,1.0,3.9,428,58,37,718,2200.0,5047
20140,0.0,1.0,4.0,427,58,21,546,1400.0,5047
20141,0.0,1.0,4.2,407,58,20,84,1500.0,5047
20142,0.0,1.0,4.7,7261,26,20,1325,1600.0,5047
20143,0.0,1.0,4.3,3655,26,49,971,1900.0,5047
20144,1.0,1.0,4.2,3305,26,20,1006,1400.0,5047
20145,1.0,1.0,4.4,1554,26,20,521,1700.0,5047
20146,1.0,1.0,4.4,1522,26,21,1391,1500.0,5047
20147,1.0,1.0,4.1,880,26,20,1222,1200.0,5047
20148,1.0,1.0,4.5,1670,26,20,1008,1300.0,5047
20149,1.0,1.0,3.9,1488,26,20,1156,600.0,5047
20150,1.0,0.0,4.1,8286,26,20,1402,750.0,5047
20151,0.0,1.0,4.0,1231,26,20,1560,800.0,5047
20152,0.0,1.0,4.0,776,26,25,1141,1000.0,5047
20153,1.0,1.0,4.0,1021,26,20,1156,1200.0,5047
20154,1.0,1.0,4.2,97,26,20,1181,1200.0,5047
20155,1.0,1.0,4.2,217,16,20,808,1500.0,5047
20156,0.0,0.0,3.9,120,16,21,1305,1700.0,5047
20157,1.0,0.0,2.9,325,16,20,1252,1000.0,5047
20158,0.0,0.0,3.4,46,16,20,1156,1100.0,5047
20159,1.0,0.0,4.0,38,26,13,921,700.0,5047
20160,1.0,1.0,3.9,58,26,62,675,450.0,5047
20161,1.0,0.0,3.8,139,58,33,785,700.0,5047
20162,0.0,0.0,4.0,287,31,13,332,500.0,5047
20163,0.0,0.0,4.4,1130,26,17,427,800.0,5047
20164,1.0,0.0,4.6,1732,26,33,781,900.0,4825
20165,1.0,0.0,4.3,1331,26,16,456,1000.0,5047
20166,1.0,1.0,4.3,1258,26,14,390,1000.0,5047
20167,0.0,1.0,4.0,1806,16,48,751,1600.0,5047
20168,1.0,0.0,4.5,132,26,13,509,200.0,843
20169,1.0,0.0,4.3,397,26,13,341,700.0,5047
20170,1.0,0.0,4.1,1157,26,16,415,500.0,5047
20171,1.0,1.0,4.3,771,26,22,659,1000.0,5047
20172,0.0,0.0,4.2,592,26,13,427,700.0,5047
20173,1.0,1.0,3.9,1387,26,13,469,800.0,1054
20174,1.0,0.0,4.1,424,26,13,459,650.0,5047
20175,1.0,0.0,4.3,428,26,33,779,400.0,5047
20176,1.0,0.0,4.3,379,26,30,1634,400.0,5047
20177,1.0,1.0,4.1,147,26,13,463,700.0,5047
20178,0.0,0.0,4.2,591,26,13,427,700.0,5047
20179,1.0,0.0,4.1,124,26,14,350,450.0,5047
20180,1.0,1.0,4.0,220,26,62,222,800.0,5047
20181,1.0,0.0,3.9,681,26,13,511,500.0,5047
20182,1.0,0.0,4.1,338,26,22,383,800.0,5047
20183,1.0,0.0,4.1,142,26,13,347,750.0,5047
20184,0.0,0.0,2.9,544,26,33,845,600.0,5047
20185,0.0,0.0,3.9,155,26,13,383,700.0,5047
20186,0.0,0.0,3.8,211,26,13,332,500.0,5047
20187,0.0,0.0,2.8,185,26,13,401,500.0,5047
20188,0.0,0.0,3.9,49,26,13,332,200.0,5047
20189,1.0,0.0,2.4,128,26,13,436,600.0,5008
20190,1.0,0.0,2.9,48,26,1,177,500.0,1925
20191,0.0,0.0,3.0,59,26,13,479,500.0,5047
20192,0.0,0.0,4.0,134,26,17,430,600.0,5047
20193,1.0,0.0,4.5,875,26,29,929,500.0,2315
20194,1.0,0.0,4.3,464,58,72,1392,500.0,5047
20195,1.0,0.0,3.9,307,16,62,1063,300.0,2848
20196,1.0,0.0,4.5,132,26,13,509,200.0,843
20197,1.0,0.0,3.8,149,58,20,238,800.0,5047
20198,1.0,0.0,3.8,798,53,29,1429,450.0,5047
20199,1.0,0.0,3.8,1093,17,29,923,450.0,11
20200,1.0,0.0,2.8,215,58,29,1469,300.0,1074
20201,1.0,0.0,4.2,252,31,62,1407,400.0,5047
20202,1.0,0.0,4.4,95,26,30,773,400.0,446
20203,1.0,0.0,4.1,86,26,62,1156,150.0,5047
20204,1.0,0.0,3.4,154,31,62,1423,200.0,5047
20205,1.0,0.0,3.9,644,58,62,1196,400.0,5047
20206,1.0,0.0,4.0,1400,26,62,323,600.0,1478
20207,1.0,0.0,4.0,494,26,62,235,300.0,5047
20208,1.0,0.0,4.1,8286,26,20,1402,750.0,5047
20209,1.0,0.0,3.9,234,31,20,53,600.0,5047
20210,1.0,0.0,3.3,55,26,62,855,250.0,5047
20211,1.0,0.0,3.4,42,58,62,758,400.0,5047
20212,1.0,0.0,3.9,419,31,62,1196,200.0,5047
20213,1.0,0.0,4.2,781,26,62,1591,300.0,92
20214,1.0,0.0,2.8,94,26,62,866,400.0,5047
20215,1.0,0.0,3.8,315,77,62,1200,400.0,5047
20216,1.0,0.0,3.9,929,26,62,1335,300.0,5047
20217,1.0,0.0,3.9,58,26,29,1113,600.0,5047
20218,1.0,0.0,4.0,731,43,29,1477,700.0,5047
20219,1.0,0.0,3.8,76,33,62,558,250.0,5047
20220,1.0,0.0,3.6,251,33,20,1196,700.0,3898
20221,1.0,0.0,3.8,62,31,62,1156,400.0,5047
20222,1.0,1.0,3.4,258,31,20,1380,500.0,5047
20223,1.0,0.0,4.0,1074,26,62,866,400.0,5047
20224,1.0,0.0,4.0,88,58,29,235,650.0,5047
20225,1.0,0.0,3.4,161,31,62,1589,350.0,2678
20226,1.0,0.0,2.9,325,16,20,1252,1000.0,1206
20227,1.0,0.0,4.0,454,26,62,1638,300.0,5047
20228,1.0,0.0,4.0,175,33,29,1156,450.0,5047
20229,1.0,0.0,4.7,2172,26,30,956,400.0,5047
20230,1.0,0.0,4.2,227,58,72,1465,600.0,5047
20231,1.0,1.0,4.3,2032,58,20,165,1000.0,5047
20232,1.0,0.0,4.2,1344,31,62,322,500.0,4477
20233,1.0,0.0,4.3,895,16,29,181,500.0,698
20234,1.0,0.0,3.8,198,10,20,943,800.0,5047
20235,1.0,1.0,4.0,1137,26,20,1156,1000.0,5047
20236,1.0,0.0,4.1,563,77,62,1581,350.0,2849
20237,1.0,1.0,4.2,1774,26,20,1156,800.0,5047
20238,1.0,0.0,4.0,3268,26,20,294,800.0,5047
20239,1.0,1.0,4.4,711,26,20,1531,1000.0,5047
20240,1.0,0.0,3.3,73,33,20,519,600.0,5047
20241,1.0,0.0,3.2,393,58,62,1196,400.0,5047
20242,1.0,0.0,3.9,310,33,20,613,500.0,5047
20243,1.0,0.0,4.2,326,26,20,255,800.0,614
20244,1.0,0.0,3.9,332,58,62,322,400.0,5047
20245,1.0,0.0,4.1,1135,16,29,271,650.0,5047
20246,1.0,0.0,3.2,292,31,20,604,850.0,5047
20247,1.0,0.0,3.9,1626,58,20,286,700.0,5047
20248,1.0,0.0,3.8,69,58,29,1196,300.0,5047
20249,1.0,0.0,3.2,136,26,51,1587,300.0,5047
20250,1.0,0.0,4.1,760,26,20,1156,950.0,5047
20251,1.0,1.0,4.0,220,26,62,222,800.0,5047
20252,1.0,0.0,3.7,510,38,29,1423,500.0,5047
20253,1.0,0.0,3.8,149,26,62,275,350.0,1963
20254,1.0,0.0,4.1,393,26,62,1110,600.0,5047
20255,1.0,0.0,3.2,34,58,62,1327,350.0,4648
20256,1.0,0.0,3.9,262,31,20,1542,600.0,1236
20257,1.0,0.0,3.6,89,10,62,1196,250.0,5047
20258,1.0,1.0,3.9,633,33,20,727,800.0,5047
20259,1.0,0.0,3.3,584,31,20,515,600.0,5047
20260,1.0,0.0,3.9,128,58,29,1196,400.0,5047
20261,1.0,1.0,4.4,3429,26,20,1375,1500.0,5047
20262,1.0,0.0,3.9,466,16,20,1219,600.0,5047
20263,1.0,0.0,4.1,61,26,71,1628,200.0,2863
20264,1.0,0.0,3.9,531,77,20,57,600.0,5047
20265,1.0,1.0,4.3,4709,26,22,1468,600.0,5047
20266,1.0,0.0,3.7,448,58,20,1591,300.0,75
20267,1.0,0.0,3.8,85,26,62,833,300.0,2246
20268,1.0,0.0,2.8,295,53,29,1196,500.0,5047
20269,1.0,0.0,3.0,179,33,62,1547,200.0,3190
20270,1.0,0.0,3.8,139,58,33,785,700.0,499
20271,1.0,1.0,4.1,536,26,20,619,800.0,5047
20272,1.0,0.0,4.1,291,43,62,328,600.0,5047
20273,1.0,0.0,4.3,132,26,30,767,300.0,2080
20274,1.0,0.0,4.3,179,26,12,821,250.0,3725
20275,1.0,0.0,3.9,144,31,20,1176,600.0,4353
20276,1.0,0.0,4.0,160,26,20,1272,700.0,3674
20277,1.0,0.0,3.7,835,26,20,1474,750.0,2339
20278,1.0,0.0,3.9,241,26,20,1263,800.0,1461
20279,1.0,0.0,4.2,743,26,30,773,300.0,810
20280,1.0,0.0,4.4,460,26,29,926,500.0,4483
20281,1.0,0.0,3.8,427,31,20,49,500.0,952
20282,1.0,0.0,4.0,196,43,29,1657,500.0,5047
20283,1.0,0.0,4.6,3818,26,21,1019,1200.0,5047
20284,1.0,0.0,3.2,68,31,20,1533,750.0,5047
20285,1.0,0.0,3.6,42,53,72,1196,300.0,3637
20286,1.0,0.0,3.7,74,26,29,1196,300.0,1128
20287,1.0,0.0,4.0,1113,41,29,1209,500.0,5047
20288,1.0,1.0,4.3,451,26,20,1656,1200.0,5047
20289,1.0,0.0,3.0,40,26,29,1513,400.0,4227
20290,1.0,0.0,4.3,1235,26,20,1489,1200.0,4631
20291,1.0,0.0,3.2,50,16,29,313,300.0,4641
20292,1.0,0.0,4.1,298,26,20,579,800.0,5047
20293,1.0,1.0,4.8,1781,26,20,1003,1200.0,5047
20294,1.0,1.0,4.6,5446,26,20,809,1600.0,191
20295,1.0,0.0,4.2,985,26,20,596,1100.0,1542
20296,1.0,0.0,4.0,64,26,29,235,400.0,5047
20297,1.0,0.0,3.9,164,58,62,1589,250.0,3557
20298,1.0,0.0,3.5,435,38,29,1429,500.0,5047
20299,1.0,0.0,4.1,424,26,13,459,650.0,3764
20300,1.0,0.0,3.9,194,26,29,918,600.0,5047
20301,1.0,0.0,4.0,51,58,62,64,400.0,663
20302,1.0,0.0,4.6,1732,26,33,781,900.0,4826
20303,1.0,0.0,3.8,57,26,72,1327,500.0,5047
20304,1.0,0.0,4.0,215,31,9,225,100.0,5047
20305,1.0,0.0,4.1,453,26,20,1530,700.0,5047
20306,1.0,0.0,3.9,652,31,20,609,500.0,1284
20307,1.0,0.0,4.0,42,26,30,767,400.0,1630
20308,1.0,0.0,4.1,261,26,30,773,300.0,3480
20309,1.0,0.0,3.6,108,10,62,937,500.0,4974
20310,1.0,0.0,4.0,183,26,20,331,600.0,1696
20311,1.0,1.0,4.4,1554,26,20,521,1700.0,4458
20312,1.0,0.0,4.1,112,77,62,1190,500.0,1013
20313,1.0,0.0,3.2,426,33,20,1188,600.0,2798
20314,1.0,0.0,4.0,262,58,69,1117,400.0,3955
20315,1.0,0.0,4.0,269,26,64,828,800.0,5006
20316,1.0,1.0,4.1,880,26,20,1222,1200.0,3362
20317,1.0,1.0,4.2,255,26,20,1033,800.0,879
20318,1.0,0.0,4.7,1674,26,20,127,1500.0,716
20319,1.0,0.0,3.2,166,16,62,1476,600.0,5047
20320,1.0,1.0,4.5,1670,26,20,1008,1300.0,926
20321,1.0,0.0,4.0,571,26,11,215,400.0,2537
20322,1.0,0.0,4.0,690,31,20,236,750.0,2828
20323,1.0,0.0,4.0,528,18,29,314,350.0,5047
20324,1.0,1.0,3.9,58,26,62,675,450.0,3188
20325,1.0,0.0,3.0,239,26,29,1465,500.0,900
20326,1.0,0.0,3.9,681,26,13,511,500.0,1771
20327,1.0,1.0,4.4,1522,26,21,1391,1500.0,5047
20328,1.0,0.0,3.9,63,26,3,189,500.0,1829
20329,1.0,0.0,4.1,198,26,20,1544,650.0,1106
20330,1.0,0.0,3.7,186,31,62,817,150.0,3151
20331,1.0,0.0,4.4,593,77,62,869,800.0,894
20332,1.0,0.0,4.3,3888,26,57,4,1400.0,18
20333,1.0,0.0,3.9,96,18,62,202,500.0,1982
20334,1.0,0.0,3.6,181,31,62,1192,350.0,5047
20335,1.0,1.0,3.8,55,26,62,284,350.0,3755
20336,1.0,0.0,4.3,428,26,33,779,400.0,510
20337,1.0,0.0,4.3,5352,26,1,179,600.0,4524
20338,1.0,0.0,3.8,170,33,62,1196,500.0,5047
20339,1.0,0.0,3.9,139,31,62,1648,300.0,3629
20340,1.0,0.0,3.9,260,26,20,1196,650.0,5047
20341,1.0,0.0,3.9,203,26,62,1547,400.0,5047
20342,1.0,0.0,4.4,2699,26,30,964,550.0,722
20343,1.0,0.0,3.3,214,31,72,1156,450.0,3859
20344,1.0,0.0,4.3,156,26,13,447,600.0,684
20345,1.0,0.0,4.1,174,26,9,215,400.0,3984
20346,1.0,0.0,4.2,217,26,30,953,500.0,5047
20347,1.0,0.0,4.1,505,31,62,588,300.0,4367
20348,1.0,1.0,4.4,139,26,20,147,1200.0,4447
20349,1.0,0.0,4.2,232,26,20,1654,1500.0,5047
20350,1.0,0.0,4.4,1908,26,20,1124,1800.0,5047
20351,1.0,0.0,4.0,108,58,29,1465,800.0,2173
20352,1.0,0.0,4.3,379,26,30,1634,400.0,695
20353,1.0,0.0,3.0,64,16,30,794,200.0,5047
20354,1.0,0.0,3.9,553,26,20,1375,800.0,5047
20355,1.0,0.0,4.0,560,26,20,1277,900.0,1810
20356,1.0,1.0,4.1,1856,26,21,1012,1100.0,2363
20357,1.0,0.0,2.9,331,16,29,1002,600.0,896
20358,1.0,0.0,4.1,1157,26,16,415,500.0,372
20359,1.0,0.0,3.7,271,26,29,1296,500.0,876
20360,1.0,0.0,4.0,331,31,62,1196,500.0,5047
20361,1.0,0.0,3.7,264,31,62,295,450.0,5047
20362,1.0,0.0,3.8,1850,26,20,1451,800.0,2331
20363,1.0,0.0,4.1,132,31,9,228,250.0,2319
20364,1.0,0.0,2.8,97,26,20,610,600.0,5047
20365,1.0,1.0,4.4,2579,26,20,158,1600.0,5047
20366,1.0,0.0,3.9,327,58,20,558,600.0,5047
20367,1.0,0.0,3.9,77,16,32,773,300.0,2325
20368,1.0,0.0,3.6,84,33,62,866,350.0,2494
20369,1.0,0.0,3.0,162,31,62,1051,400.0,4783
20370,1.0,0.0,4.0,151,31,20,1181,800.0,5047
20371,0.0,0.0,4.0,341,26,62,654,800.0,5047
20372,1.0,0.0,3.5,293,10,20,1262,550.0,1379
20373,1.0,0.0,3.8,170,31,62,1249,550.0,1984
20374,1.0,0.0,3.7,72,26,13,436,900.0,787
20375,1.0,0.0,4.0,74,26,30,773,350.0,3078
20376,1.0,0.0,4.3,195,26,13,370,400.0,2519
20377,1.0,0.0,2.7,290,26,20,524,600.0,5047
20378,1.0,0.0,4.3,267,31,29,856,400.0,5047
20379,1.0,0.0,3.7,112,31,62,1646,450.0,1361
20380,1.0,0.0,4.0,48,26,62,837,200.0,1698
20381,1.0,0.0,3.1,149,16,62,242,200.0,1059
20382,1.0,0.0,4.0,292,26,30,767,300.0,625
20383,1.0,1.0,4.1,1503,26,20,14,1500.0,5047
20384,1.0,0.0,3.4,334,26,20,82,550.0,3891
20385,1.0,0.0,3.8,134,10,62,1156,200.0,5047
20386,1.0,0.0,4.0,71,26,20,517,750.0,652
20387,1.0,0.0,3.9,87,26,13,439,450.0,2230
20388,1.0,0.0,4.2,1216,26,13,451,600.0,2321
20389,1.0,0.0,2.7,125,26,62,618,500.0,1310
20390,1.0,0.0,3.5,217,77,20,1275,650.0,3535
20391,1.0,0.0,4.4,282,26,30,789,300.0,3069
20392,1.0,0.0,3.9,34,18,62,1156,300.0,3545
20393,1.0,1.0,3.9,1488,26,20,1156,600.0,4399
20394,1.0,1.0,3.6,598,26,20,1633,800.0,242
20395,1.0,1.0,4.2,3305,26,20,1006,1400.0,2603
20396,1.0,0.0,4.4,542,58,29,769,600.0,5047
20397,1.0,0.0,3.9,90,77,29,769,200.0,3476
20398,1.0,0.0,4.0,739,26,62,1502,500.0,3657
20399,1.0,0.0,3.8,33,58,72,718,500.0,4301
20400,1.0,0.0,4.1,338,26,22,383,800.0,1828
20401,1.0,0.0,3.7,128,33,20,1423,600.0,5047
20402,1.0,1.0,4.3,695,26,20,1088,1000.0,1097
20403,1.0,0.0,2.9,40,26,29,736,600.0,1880
20404,1.0,0.0,3.0,570,26,20,1599,400.0,5047
20405,1.0,0.0,3.5,229,26,62,1156,350.0,295
20406,1.0,0.0,3.6,38,26,62,1156,350.0,3810
20407,1.0,0.0,2.8,420,58,20,1145,700.0,2379
20408,1.0,0.0,4.1,42,16,31,769,400.0,3424
20409,1.0,0.0,3.8,724,26,20,1078,500.0,4016
20410,1.0,0.0,4.2,580,26,62,820,400.0,2042
20411,1.0,0.0,3.1,54,26,29,624,500.0,4984
20412,1.0,0.0,4.0,282,31,20,1044,700.0,4312
20413,1.0,0.0,3.7,127,18,72,849,300.0,5047
20414,1.0,0.0,3.7,244,26,20,1258,800.0,200
20415,1.0,0.0,4.0,241,26,20,1050,500.0,5047
20416,1.0,1.0,4.0,861,26,20,1174,1200.0,321
20417,1.0,0.0,2.9,228,31,66,1455,250.0,173
20418,1.0,0.0,3.0,167,58,62,322,500.0,3380
20419,1.0,0.0,4.0,125,26,35,1121,400.0,347
20420,1.0,0.0,3.2,61,33,72,1474,400.0,3113
20421,1.0,0.0,4.2,631,26,30,767,300.0,769
20422,1.0,0.0,3.0,112,26,20,565,600.0,4701
20423,1.0,0.0,2.5,56,26,72,521,700.0,4866
20424,1.0,1.0,4.2,97,26,20,1181,1200.0,2000
20425,1.0,0.0,3.7,217,17,44,24,450.0,5047
20426,1.0,0.0,3.8,80,58,9,224,200.0,1634
20427,1.0,0.0,4.2,164,26,62,217,600.0,3577
20428,1.0,0.0,4.3,1331,26,16,456,1000.0,779
20429,1.0,0.0,3.9,84,26,30,963,300.0,5047
20430,1.0,0.0,3.2,254,31,20,1038,500.0,5047
20431,1.0,0.0,4.1,112,26,68,1121,150.0,5047
20432,1.0,0.0,4.3,397,26,13,341,700.0,5047
20433,1.0,0.0,3.9,190,31,62,1636,250.0,5047
20434,1.0,1.0,4.2,217,16,20,808,1500.0,3746
20435,1.0,1.0,4.1,147,26,13,463,700.0,5047
20436,1.0,0.0,4.1,60,31,62,1416,300.0,3917
20437,1.0,1.0,4.3,771,26,22,659,1000.0,5047
20438,1.0,0.0,4.1,124,26,14,350,450.0,5047
20439,1.0,0.0,3.9,54,26,62,1652,200.0,1633
20440,1.0,0.0,2.4,63,33,62,1483,500.0,5047
20441,1.0,0.0,3.8,70,33,20,1209,750.0,5047
20442,1.0,0.0,4.2,402,26,13,401,500.0,5047
20443,1.0,0.0,3.1,96,58,62,1196,450.0,5047
20444,1.0,0.0,3.9,210,26,12,217,500.0,5047
20445,0.0,1.0,4.0,427,58,21,546,1400.0,5047
20446,1.0,1.0,4.0,1021,26,20,1156,1200.0,5047
20447,1.0,0.0,4.0,223,26,62,824,400.0,5047
20448,0.0,0.0,2.8,79,16,62,1235,300.0,5047
20449,1.0,0.0,3.6,120,58,20,565,550.0,5047
20450,1.0,0.0,3.7,93,26,62,1196,500.0,5047
20451,1.0,0.0,3.2,115,33,20,520,500.0,5047
20452,1.0,0.0,3.9,45,26,62,1547,150.0,5047
20453,1.0,0.0,3.8,105,43,62,1209,400.0,2004
20454,1.0,0.0,3.8,60,33,1,178,450.0,1599
20455,0.0,0.0,3.7,287,58,20,49,450.0,5047
20456,0.0,0.0,3.8,73,58,62,1427,400.0,5047
20457,1.0,0.0,3.8,103,26,30,789,300.0,5047
20458,1.0,1.0,3.7,59,26,20,521,1200.0,2945
20459,1.0,0.0,3.8,139,26,21,1258,750.0,5047
20460,1.0,0.0,3.8,61,26,29,936,300.0,5047
20461,1.0,0.0,3.8,93,33,72,1033,300.0,5047
20462,1.0,1.0,4.3,1258,26,14,390,1000.0,5047
20463,1.0,0.0,3.9,350,26,20,1462,450.0,5047
20464,1.0,0.0,3.9,124,58,62,217,250.0,5047
20465,1.0,0.0,3.9,44,58,62,1327,200.0,5047
20466,1.0,0.0,3.7,156,26,62,1156,300.0,5047
20467,1.0,0.0,3.9,122,31,62,1636,250.0,5047
20468,0.0,1.0,3.9,172,58,37,605,1900.0,5047
20469,1.0,0.0,4.1,142,26,13,347,750.0,5047
20470,1.0,0.0,3.8,110,43,72,1002,400.0,5047
20471,0.0,0.0,3.8,67,26,62,1571,200.0,5047
20472,0.0,0.0,2.8,93,58,20,1217,500.0,5047
20473,1.0,1.0,3.8,300,26,20,1222,1200.0,5047
20474,1.0,0.0,4.1,374,31,62,1636,150.0,5047
20475,0.0,1.0,4.0,242,26,5,25,1500.0,5047
20476,1.0,1.0,4.1,348,58,26,624,900.0,4280
20477,0.0,0.0,2.7,50,58,62,836,400.0,5047
20478,1.0,1.0,4.1,2099,26,20,1490,800.0,5047
20479,1.0,0.0,3.9,249,26,20,521,700.0,5047
20480,1.0,0.0,4.0,38,26,13,921,700.0,5047
20481,1.0,0.0,2.4,128,26,13,436,600.0,5047
20482,1.0,0.0,4.2,1920,26,13,383,800.0,2922
20483,0.0,0.0,4.0,2432,26,46,847,2000.0,5047
20484,0.0,0.0,2.8,185,26,13,401,500.0,5047
20485,1.0,0.0,3.8,410,26,62,1058,350.0,5047
20486,0.0,0.0,3.8,263,26,72,518,700.0,5047
20487,1.0,1.0,3.9,1387,26,13,469,800.0,5047
20488,0.0,0.0,2.6,91,26,62,235,300.0,5047
20489,0.0,0.0,3.9,82,26,62,1507,400.0,5047
20490,0.0,0.0,4.1,76,26,2,181,400.0,5047
20491,0.0,0.0,3.9,49,26,13,332,200.0,5047
20492,0.0,0.0,3.9,71,26,72,175,200.0,5047
20493,0.0,0.0,4.0,134,26,17,430,600.0,5047
20494,0.0,0.0,3.0,59,26,13,479,500.0,5047
20495,1.0,0.0,3.7,133,77,62,1306,500.0,5047
20496,1.0,1.0,4.2,1352,26,20,1071,1700.0,5047
20497,0.0,1.0,4.2,241,26,49,717,1500.0,5047
20498,0.0,1.0,4.0,1806,16,48,751,1600.0,5047
20499,1.0,0.0,3.5,137,26,3,187,400.0,2624
20500,0.0,1.0,4.0,984,26,5,668,1400.0,5047
20501,1.0,1.0,4.3,1799,26,20,282,900.0,3782
20502,0.0,0.0,4.1,1098,26,20,1451,700.0,5047
20503,0.0,1.0,4.2,956,26,21,50,800.0,5047
20504,0.0,0.0,4.3,82,26,20,1114,800.0,5047
20505,0.0,0.0,4.2,820,26,20,49,900.0,5047
20506,0.0,1.0,4.2,215,26,20,919,1500.0,5047
20507,0.0,0.0,3.8,777,26,20,517,650.0,5047
20508,0.0,0.0,4.2,592,26,13,427,700.0,5047
20509,0.0,0.0,4.0,287,31,13,332,500.0,5047
20510,0.0,0.0,3.9,146,26,72,683,800.0,5047
20511,0.0,0.0,3.7,125,26,62,1196,300.0,5047
20512,0.0,1.0,3.7,289,26,20,1156,600.0,5047
20513,0.0,0.0,4.0,124,26,9,223,350.0,5047
20514,0.0,0.0,2.9,544,26,33,845,600.0,5047
20515,0.0,0.0,4.1,343,16,43,1112,400.0,5047
20516,0.0,0.0,3.8,731,26,62,1547,200.0,5047
20517,0.0,0.0,3.9,155,26,13,383,700.0,5047
20518,0.0,0.0,3.6,219,31,62,1628,150.0,5047
20519,0.0,0.0,3.7,45,31,20,1547,500.0,5047
20520,0.0,0.0,4.0,215,26,12,918,400.0,5047
20521,0.0,0.0,3.8,210,77,20,1156,700.0,5047
20522,1.0,0.0,4.1,135,26,32,773,400.0,378
20523,0.0,0.0,2.8,119,16,20,1433,450.0,5047
20524,0.0,0.0,3.0,47,16,20,1156,250.0,5047
20525,0.0,0.0,3.4,46,16,20,1156,1100.0,5047
20526,0.0,0.0,2.9,31,31,62,1552,400.0,5047
20527,0.0,0.0,3.1,64,77,69,1121,300.0,5047
20528,0.0,0.0,3.7,70,31,62,1371,200.0,5047
20529,0.0,0.0,3.0,106,10,62,1268,500.0,5047
20530,0.0,0.0,2.8,68,31,72,1476,500.0,5047
20531,0.0,0.0,3.4,32,77,29,565,300.0,5047
20532,0.0,0.0,2.8,43,16,29,1196,500.0,5047
20533,0.0,0.0,3.9,391,16,62,1213,500.0,5047
20534,0.0,0.0,3.6,80,31,20,1033,500.0,5047
20535,1.0,0.0,2.9,48,26,1,177,500.0,5047
20536,1.0,1.0,4.0,284,41,21,801,1500.0,5047
20537,1.0,0.0,4.1,367,16,20,321,600.0,5047
20538,1.0,0.0,4.4,542,58,29,769,600.0,5047
20539,1.0,0.0,4.3,26,58,29,181,500.0,5047
20540,1.0,0.0,4.0,262,58,69,1117,400.0,3954
20541,1.0,0.0,4.1,102,58,69,1121,400.0,4218
20542,0.0,0.0,3.9,72,58,30,769,1200.0,5047
20543,1.0,0.0,3.8,139,58,33,785,700.0,499
20544,1.0,0.0,3.8,80,58,9,224,200.0,1634
20545,0.0,0.0,4.0,120,77,30,181,400.0,5047
20546,1.0,0.0,3.9,90,77,29,769,200.0,5047
20547,1.0,0.0,2.9,228,31,66,1455,250.0,174
20548,0.0,0.0,3.1,64,77,69,1121,300.0,5047
20549,0.0,0.0,3.7,70,31,62,1371,200.0,5047
20550,1.0,1.0,4.8,1785,26,20,1003,1200.0,1715
20551,1.0,0.0,4.7,2174,26,30,956,400.0,4562
20552,0.0,0.0,4.4,1132,26,17,427,800.0,5047
20553,1.0,0.0,4.6,1732,26,33,781,900.0,4824
20554,1.0,1.0,4.3,1258,26,14,390,1000.0,4298
20555,0.0,0.0,4.6,945,26,30,951,200.0,5047
20556,0.0,0.0,4.2,592,26,13,427,700.0,5047
20557,1.0,0.0,4.4,96,26,30,773,400.0,446
20558,1.0,0.0,4.4,282,26,30,789,300.0,3069
20559,1.0,0.0,4.0,571,26,11,215,400.0,2537
20560,1.0,0.0,4.3,429,26,33,779,400.0,511
20561,1.0,0.0,4.3,379,26,30,1634,400.0,696
20562,1.0,0.0,4.2,631,26,30,767,300.0,5047
20563,1.0,0.0,4.3,132,26,30,767,300.0,2080
20564,1.0,0.0,4.1,124,26,14,350,450.0,4058
20565,1.0,1.0,4.0,220,26,62,222,800.0,2266
20566,1.0,0.0,4.0,42,26,30,767,400.0,1628
20567,1.0,0.0,4.3,895,16,29,181,500.0,698
20568,0.0,0.0,3.9,82,26,62,1507,400.0,5047
20569,0.0,0.0,4.1,76,26,2,181,400.0,5047
20570,1.0,0.0,4.1,42,16,31,769,400.0,3423
20571,1.0,1.0,4.2,255,26,20,1033,800.0,5047
20572,1.0,0.0,4.1,338,26,22,383,800.0,1828
20573,1.0,0.0,4.1,142,26,13,347,750.0,4971
20574,1.0,0.0,4.2,743,26,30,773,300.0,810
20575,1.0,0.0,4.2,217,26,30,953,500.0,5047
20576,1.0,0.0,4.1,261,26,30,773,300.0,3480
20577,0.0,0.0,2.9,544,26,33,845,600.0,5047
20578,1.0,0.0,4.0,74,26,30,773,350.0,3078
20579,1.0,0.0,3.5,137,26,3,187,400.0,2624
20580,1.0,0.0,3.9,77,16,32,773,300.0,2324
20581,1.0,0.0,3.0,64,16,30,794,200.0,5047
20582,1.0,0.0,3.8,103,26,30,789,300.0,5047
20583,0.0,0.0,3.9,49,26,13,332,200.0,5047
20584,0.0,0.0,3.9,71,26,72,175,200.0,5047
20585,1.0,0.0,4.1,135,26,32,773,300.0,378
20586,1.0,0.0,2.9,48,26,1,177,500.0,1925
20587,0.0,0.0,2.8,119,16,20,1433,450.0,5047
20588,0.0,0.0,4.0,134,26,17,430,600.0,5047
20589,0.0,1.0,4.6,9300,58,61,16,1800.0,5047
20590,0.0,1.0,4.2,597,58,37,1344,3500.0,5047
20591,0.0,1.0,4.2,522,58,37,1416,4000.0,5047
20592,1.0,1.0,4.3,2037,58,20,165,1000.0,5047
20593,0.0,0.0,4.0,417,58,4,878,1000.0,5047
20594,0.0,1.0,3.9,428,58,37,718,2200.0,5047
20595,0.0,1.0,4.0,427,58,21,546,1400.0,5047
20596,0.0,1.0,4.1,312,58,37,1156,2000.0,5047
20597,1.0,0.0,3.9,1627,58,20,286,700.0,4396
20598,0.0,1.0,4.3,128,58,37,906,6000.0,5047
20599,0.0,1.0,4.2,247,58,37,1662,3500.0,5047
20600,0.0,1.0,3.9,433,58,28,816,2400.0,5047
20601,1.0,1.0,4.1,348,58,26,624,900.0,4281
20602,0.0,1.0,4.2,407,58,20,84,1500.0,5047
20603,1.0,0.0,2.8,420,58,20,1145,700.0,2378
20604,0.0,0.0,3.7,288,58,20,49,450.0,5047
20605,1.0,0.0,3.8,149,58,20,238,800.0,5047
20606,1.0,0.0,3.7,449,58,20,1591,300.0,76
20607,1.0,0.0,3.9,327,58,20,558,600.0,1411
20608,1.0,0.0,3.6,120,58,20,565,550.0,1873
20609,1.0,0.0,3.9,644,58,62,1196,400.0,4038
20610,1.0,0.0,3.7,399,58,20,1474,750.0,2344
20611,0.0,1.0,3.9,172,58,37,605,1900.0,5047
20612,0.0,0.0,3.9,109,58,46,878,3000.0,5047
20613,0.0,0.0,2.8,97,58,20,1217,500.0,5047
20614,1.0,0.0,3.9,44,58,62,1327,200.0,3900
20615,1.0,0.0,3.9,332,58,62,322,400.0,2632
20616,1.0,0.0,3.9,124,58,62,217,250.0,1940
20617,0.0,0.0,3.8,73,58,62,1427,400.0,5047
20618,1.0,0.0,3.2,35,58,62,1327,350.0,4649
20619,0.0,0.0,3.9,82,58,62,1156,150.0,5047
20620,0.0,0.0,4.0,141,58,62,1591,300.0,5047
20621,1.0,0.0,2.8,413,58,62,1474,400.0,5047
20622,1.0,0.0,3.2,393,58,62,1196,400.0,5047
20623,1.0,0.0,3.8,139,58,33,785,700.0,503
20624,1.0,0.0,3.0,167,58,62,322,500.0,3379
20625,1.0,0.0,3.9,104,58,62,1190,500.0,1012
20626,1.0,0.0,3.5,42,58,62,758,400.0,5047
20627,1.0,0.0,4.0,52,58,62,64,400.0,5047
20628,0.0,0.0,3.6,97,58,62,826,500.0,5047
20629,0.0,0.0,2.8,50,58,62,836,400.0,5047
20630,1.0,0.0,3.1,97,58,62,1196,450.0,3636
20631,1.0,0.0,3.9,164,58,62,1589,250.0,113
20632,1.0,0.0,3.9,531,77,20,57,600.0,5047
20633,1.0,0.0,3.9,144,31,20,1176,600.0,4354
20634,1.0,0.0,3.2,292,31,20,604,850.0,5047
20635,1.0,0.0,4.0,283,31,20,1044,700.0,5047
20636,1.0,0.0,3.8,427,31,20,49,500.0,5047
20637,1.0,0.0,4.0,691,31,20,236,750.0,2829
20638,0.0,0.0,4.0,288,31,13,332,500.0,5047
20639,1.0,0.0,4.0,151,31,20,1181,800.0,5047
20640,1.0,0.0,3.9,652,31,20,609,500.0,5047
20641,1.0,0.0,3.9,262,31,20,1542,600.0,1235
20642,1.0,0.0,3.2,108,31,20,1533,750.0,5047
20643,1.0,0.0,3.5,217,77,20,1275,650.0,3540
20644,1.0,0.0,3.9,234,31,20,53,600.0,3745
20645,0.0,0.0,3.7,45,31,20,1547,500.0,5047
20646,1.0,0.0,3.0,162,31,62,1051,400.0,5047
20647,0.0,0.0,3.8,210,77,20,1156,700.0,5047
20648,1.0,0.0,3.2,254,31,20,1038,500.0,5047
20649,1.0,1.0,3.4,258,31,20,1380,500.0,5047
20650,1.0,0.0,3.3,584,31,20,515,600.0,957
20651,0.0,0.0,3.6,80,31,20,1033,500.0,5047
20652,1.0,0.0,4.2,1345,31,62,322,500.0,3751
20653,1.0,0.0,4.4,596,77,62,869,800.0,894
20654,1.0,0.0,4.2,253,31,62,1407,400.0,2524
20655,1.0,0.0,4.1,563,77,62,1581,350.0,1153
20656,1.0,0.0,4.1,506,31,62,588,300.0,2439
20657,1.0,0.0,4.1,374,31,62,1636,150.0,5047
20658,1.0,0.0,3.9,190,31,62,1636,250.0,4716
20659,1.0,0.0,3.4,155,31,62,1423,200.0,5047
20660,1.0,0.0,3.7,186,31,62,817,150.0,3150
20661,1.0,0.0,3.9,419,31,62,1196,200.0,5047
20662,1.0,0.0,3.8,170,31,62,1249,550.0,4892
20663,1.0,0.0,2.9,228,31,66,1455,250.0,174
20664,1.0,0.0,3.7,265,31,62,295,450.0,5047
20665,1.0,0.0,4.1,60,31,62,1416,300.0,5047
20666,1.0,0.0,4.0,331,31,62,1196,500.0,5047
20667,1.0,0.0,3.4,161,31,62,1589,350.0,2711
20668,0.0,0.0,3.6,219,31,62,1628,150.0,5047
20669,1.0,0.0,3.7,112,31,62,1646,450.0,1360
20670,0.0,0.0,3.7,96,77,62,1565,350.0,5047
20671,1.0,0.0,3.3,214,31,72,1156,450.0,3858
20672,1.0,0.0,3.7,133,77,62,1306,500.0,47
20673,0.0,0.0,2.9,31,31,62,1552,400.0,5047
20674,0.0,0.0,3.7,70,31,62,1371,200.0,5047
20675,1.0,0.0,3.9,122,31,62,1636,250.0,709
20676,1.0,0.0,3.8,62,31,62,1156,400.0,5047
20677,1.0,0.0,3.6,181,31,62,1192,350.0,5047
20678,0.0,1.0,4.7,7270,26,20,1325,1600.0,5047
20679,0.0,0.0,4.3,548,26,5,1576,1000.0,5047
20680,1.0,0.0,4.3,328,26,20,255,800.0,5047
20681,1.0,0.0,4.7,1677,26,20,127,1500.0,5047
20682,1.0,0.0,4.4,1909,26,20,1124,1800.0,5047
20683,0.0,1.0,4.2,6998,26,56,1304,1400.0,5047
20684,0.0,1.0,4.4,221,26,5,642,2000.0,5047
20685,1.0,0.0,4.6,3823,26,21,1019,1200.0,5047
20686,1.0,1.0,4.4,3439,26,20,1375,1500.0,1673
20687,0.0,1.0,4.3,3659,26,49,971,1900.0,5047
20688,0.0,1.0,4.3,4239,26,5,685,1500.0,5047
20689,0.0,1.0,4.4,2861,26,5,641,1500.0,5047
20690,1.0,1.0,4.8,1785,26,20,1003,1200.0,1714
20691,1.0,1.0,4.6,5448,26,20,809,1600.0,1604
20692,0.0,1.0,4.6,3173,26,5,543,1400.0,5047
20693,0.0,1.0,4.6,4453,26,20,965,1500.0,5047
20694,0.0,1.0,4.5,980,26,38,1127,2500.0,5047
20695,0.0,1.0,4.3,962,26,5,804,1300.0,5047
20696,0.0,1.0,4.9,246,26,20,935,1000.0,5047
20697,1.0,1.0,4.2,3307,26,20,1006,1400.0,5047
20698,1.0,1.0,4.4,266,26,20,146,1700.0,5047
20699,1.0,1.0,4.4,1555,26,20,521,1700.0,5047
20700,1.0,1.0,4.3,1799,26,20,282,900.0,5047
20701,1.0,1.0,4.4,1526,26,21,1391,1500.0,5047
20702,0.0,1.0,4.2,1658,26,20,990,1500.0,5047
20703,1.0,1.0,4.1,886,26,20,1222,1200.0,3361
20704,0.0,1.0,4.2,2946,26,57,1503,1300.0,5047
20705,1.0,0.0,4.3,3890,26,57,4,1400.0,19
20706,0.0,0.0,4.1,1100,26,20,1451,700.0,5047
20707,1.0,1.0,4.5,1673,26,20,1008,1300.0,925
20708,1.0,1.0,4.4,2580,26,20,158,1600.0,2572
20709,0.0,1.0,4.5,769,26,20,965,1000.0,5047
20710,1.0,0.0,4.3,1332,26,16,456,1000.0,5047
20711,1.0,0.0,4.3,1240,26,20,1489,1200.0,4632
20712,0.0,0.0,4.4,2950,26,20,1679,1100.0,5047
20713,1.0,1.0,4.4,1262,26,14,390,1000.0,2601
20714,0.0,1.0,4.2,474,16,37,1171,3000.0,5047
20715,0.0,1.0,4.2,242,26,49,717,1500.0,5047
20716,1.0,1.0,3.9,1489,26,20,1156,600.0,5047
20717,0.0,0.0,4.0,2432,26,46,847,2000.0,5047
20718,1.0,1.0,4.1,2100,26,20,1490,800.0,5047
20719,0.0,1.0,4.3,2039,16,61,737,1700.0,5047
20720,1.0,0.0,4.1,8304,26,20,1402,750.0,4365
20721,1.0,1.0,4.0,863,26,20,1174,1200.0,5047
20722,1.0,0.0,3.9,467,16,20,1219,600.0,5047
20723,0.0,1.0,4.0,1230,26,20,1560,800.0,5047
20724,0.0,1.0,4.2,957,26,21,50,800.0,5047
20725,0.0,1.0,4.5,117,26,20,676,1200.0,5047
20726,0.0,1.0,4.0,1808,16,48,751,1600.0,5047
20727,0.0,0.0,4.4,84,26,20,1114,800.0,5047
20728,1.0,0.0,4.5,134,26,13,509,200.0,844
20729,0.0,1.0,3.8,205,26,21,1253,1000.0,5047
20730,0.0,0.0,4.1,1699,26,26,648,1100.0,5047
20731,0.0,0.0,4.2,823,26,20,49,900.0,5047
20732,1.0,0.0,4.0,38,26,13,921,700.0,1693
20733,0.0,1.0,4.2,215,26,20,919,1500.0,5047
20734,1.0,0.0,4.3,398,26,13,341,700.0,3320
20735,1.0,1.0,4.1,1857,26,21,1012,1100.0,2362
20736,0.0,1.0,4.1,597,26,4,738,1300.0,5047
20737,1.0,1.0,4.0,1431,26,5,1660,1500.0,5047
20738,0.0,1.0,4.0,739,26,60,723,1500.0,5047
20739,1.0,1.0,3.9,58,26,62,675,450.0,3187
20740,0.0,0.0,3.8,777,26,20,517,650.0,5047
20741,1.0,0.0,4.1,1157,26,16,415,500.0,2406
20742,1.0,1.0,4.3,771,26,22,659,1000.0,4738
20743,0.0,1.0,4.0,776,26,25,1141,1000.0,5047
20744,0.0,1.0,3.9,822,26,4,31,1800.0,5047
20745,0.0,1.0,3.7,1118,26,46,669,1500.0,5047
20746,0.0,0.0,4.2,592,26,13,427,700.0,5047
20747,1.0,1.0,3.9,1387,26,13,469,800.0,1054
20748,1.0,0.0,4.1,427,26,13,459,650.0,3765
20749,0.0,1.0,4.2,1096,26,60,878,1100.0,5047
20750,1.0,1.0,4.0,1022,26,20,1156,1200.0,5047
20751,1.0,1.0,4.2,98,26,20,1181,1200.0,5047
20752,1.0,1.0,4.2,217,16,20,808,1500.0,3783
20753,1.0,1.0,4.1,537,26,20,619,800.0,5047
20754,1.0,0.0,4.0,243,26,20,1050,500.0,5047
20755,0.0,1.0,4.0,988,26,5,668,1400.0,5047
20756,0.0,1.0,4.2,326,16,20,1528,1800.0,5047
20757,0.0,1.0,4.0,244,26,5,25,1500.0,5047
20758,1.0,1.0,4.1,147,26,13,463,700.0,395
20759,0.0,1.0,4.1,604,26,46,760,1800.0,5047
20760,1.0,1.0,4.0,220,26,62,222,800.0,2267
20761,1.0,0.0,3.8,724,26,20,1078,500.0,4015
20762,0.0,1.0,3.9,1224,26,57,535,1200.0,5047
20763,0.0,0.0,3.9,120,16,21,1305,1700.0,5047
20764,0.0,1.0,4.2,211,16,4,802,2000.0,5047
20765,0.0,1.0,3.9,271,26,60,756,1300.0,5047
20766,0.0,1.0,3.9,856,26,46,1223,1600.0,5047
20767,1.0,0.0,3.7,244,26,20,1258,800.0,5047
20768,1.0,0.0,3.9,682,26,13,511,500.0,1770
20769,1.0,0.0,3.9,351,26,20,1462,450.0,5047
20770,0.0,0.0,3.7,125,26,62,1196,300.0,5047
20771,1.0,0.0,2.9,326,16,20,1252,1000.0,1269
20772,1.0,1.0,4.2,255,26,20,1033,800.0,5047
20773,1.0,0.0,3.2,135,26,51,1587,300.0,5047
20774,1.0,0.0,4.1,338,26,22,383,800.0,1827
20775,1.0,0.0,4.0,183,26,20,331,600.0,5047
20776,1.0,0.0,3.9,553,26,20,1375,800.0,5047
20777,1.0,0.0,4.0,454,26,62,1638,300.0,737
20778,0.0,1.0,3.7,289,26,20,1156,600.0,5047
20779,0.0,1.0,4.1,95,16,37,814,3000.0,5047
20780,0.0,1.0,3.8,200,26,21,669,1000.0,5047
20781,1.0,0.0,4.1,366,16,20,321,600.0,5047
20782,1.0,0.0,4.3,379,26,30,1634,400.0,696
20783,1.0,1.0,3.9,56,26,62,284,350.0,3754
20784,1.0,0.0,3.9,307,16,62,1063,300.0,1195
20785,0.0,0.0,3.9,82,26,62,1507,400.0,5047
20786,0.0,0.0,3.9,155,26,13,383,700.0,5047
20787,1.0,0.0,4.2,581,26,62,820,400.0,2042
20788,1.0,0.0,4.0,223,26,62,824,400.0,5047
20789,0.0,0.0,3.1,91,26,62,1604,200.0,5047
20790,1.0,0.0,3.6,156,26,62,1156,300.0,5047
20791,1.0,0.0,3.9,249,26,20,521,700.0,5047
20792,0.0,0.0,3.7,66,16,62,1610,150.0,5047
20793,1.0,0.0,4.2,165,26,62,217,600.0,3576
20794,0.0,0.0,2.9,544,26,33,845,600.0,5047
20795,1.0,0.0,3.8,85,26,62,833,300.0,2245
20796,1.0,0.0,2.8,97,26,20,610,600.0,5047
20797,0.0,0.0,4.1,343,16,43,1112,400.0,5047
20798,0.0,0.0,2.8,185,26,13,401,500.0,5047
20799,1.0,0.0,3.3,55,26,62,855,250.0,4432
20800,0.0,0.0,3.7,56,16,20,1141,1800.0,5047
20801,0.0,0.0,4.0,108,16,4,1536,1300.0,5047
20802,1.0,0.0,3.5,229,26,62,1156,350.0,5047
20803,1.0,0.0,3.5,137,26,3,187,400.0,2624
20804,1.0,0.0,4.0,739,26,62,1502,500.0,3657
20805,1.0,0.0,3.8,410,26,62,1058,350.0,5047
20806,1.0,0.0,2.4,128,26,13,436,600.0,5008
20807,0.0,0.0,2.8,79,16,62,1235,300.0,5047
20808,1.0,0.0,2.4,261,26,62,937,500.0,3233
20809,0.0,0.0,2.8,119,16,20,1433,450.0,5047
20810,0.0,0.0,3.0,59,26,13,479,500.0,5047
20811,0.0,0.0,2.9,47,16,20,1156,250.0,5047
20812,0.0,0.0,3.4,46,16,20,1156,1100.0,5047
20813,0.0,0.0,4.0,134,26,17,430,600.0,5047
20814,0.0,1.0,4.1,146,16,21,1601,1200.0,5047
20815,1.0,0.0,2.9,48,26,1,177,500.0,1925
20816,0.0,0.0,3.0,106,10,62,1268,500.0,5047
20817,1.0,0.0,3.9,929,26,62,1335,300.0,2812
20818,1.0,0.0,3.5,89,10,62,1196,250.0,5047
20819,0.0,0.0,3.9,391,16,62,1213,500.0,5047
20820,1.0,0.0,3.1,149,16,62,242,200.0,1059
20821,1.0,0.0,3.2,166,16,62,1476,600.0,3484
20822,0.0,1.0,4.4,2861,26,5,641,1500.0,5047
20823,0.0,1.0,4.6,9300,58,61,16,1800.0,5047
20824,0.0,0.0,4.0,417,58,4,878,1000.0,5047
20825,0.0,0.0,3.9,80,58,4,534,1800.0,5047
20826,0.0,1.0,3.9,433,58,28,816,2400.0,5047
20827,0.0,0.0,3.9,109,58,46,878,3000.0,5047
20828,0.0,1.0,4.2,6998,26,56,1304,1400.0,5047
20829,0.0,1.0,4.4,221,26,5,642,2000.0,5047
20830,0.0,1.0,4.3,3659,26,49,971,1900.0,5047
20831,0.0,1.0,4.3,4239,26,5,685,1500.0,5047
20832,0.0,1.0,4.6,3173,26,5,543,1400.0,5047
20833,0.0,1.0,4.3,962,26,5,804,1300.0,5047
20834,0.0,1.0,4.6,3173,26,5,543,1400.0,5047
20835,0.0,1.0,4.3,962,26,5,804,1300.0,5047
20836,0.0,1.0,4.2,2946,26,57,1503,1300.0,5047
20837,1.0,0.0,4.3,3890,26,57,4,1400.0,19
20838,1.0,0.0,4.3,1332,26,16,456,1000.0,5047
20839,0.0,1.0,4.2,242,26,49,717,1500.0,5047
20840,0.0,0.0,4.0,2432,26,46,847,2000.0,5047
20841,0.0,1.0,4.3,2039,16,61,737,1700.0,5047
20842,0.0,1.0,4.0,1808,16,48,751,1600.0,5047
20843,0.0,0.0,4.1,1699,26,26,648,1100.0,5047
20844,1.0,1.0,4.1,1857,26,21,1012,1100.0,2362
20845,1.0,1.0,4.0,1431,26,5,1660,1500.0,5047
20846,0.0,1.0,4.0,739,26,60,723,1500.0,5047
20847,0.0,1.0,3.9,822,26,4,31,1800.0,5047
20848,0.0,1.0,3.7,1118,26,46,669,1500.0,5047
20849,0.0,1.0,4.2,1096,26,60,878,1100.0,5047
20850,0.0,1.0,4.0,988,26,5,668,1400.0,5047
20851,0.0,1.0,4.1,604,26,46,760,1800.0,5047
20852,0.0,1.0,3.9,1224,26,57,535,1200.0,5047
20853,0.0,1.0,3.9,271,26,60,756,1300.0,5047
20854,0.0,1.0,3.9,856,26,46,1223,1600.0,5047
20855,0.0,1.0,3.8,200,26,21,669,1000.0,5047
20856,0.0,0.0,4.0,108,16,4,1536,1300.0,5047
20857,0.0,1.0,4.1,597,26,4,738,1300.0,5047
20858,0.0,1.0,3.8,205,26,21,1253,1000.0,5047
20859,0.0,1.0,4.6,9300,58,61,16,1800.0,5047
20860,0.0,0.0,4.0,417,58,4,878,1000.0,5047
20861,0.0,1.0,4.0,427,58,21,546,1400.0,5047
20862,0.0,0.0,3.9,80,58,4,534,1800.0,5047
20863,1.0,1.0,4.1,348,58,26,624,900.0,4281
20864,0.0,0.0,4.3,548,26,5,1576,1000.0,5047
20865,0.0,1.0,4.2,6998,26,56,1304,1400.0,5047
20866,0.0,1.0,4.4,221,26,5,642,2000.0,5047
20867,1.0,0.0,4.6,3823,26,21,1019,1200.0,4967
20868,0.0,1.0,4.3,4239,26,5,685,1500.0,5047
20869,0.0,1.0,4.4,2861,26,5,641,1500.0,5047
20870,0.0,1.0,4.5,980,26,38,1127,2500.0,5047
20871,0.0,1.0,4.3,962,26,5,804,1300.0,5047
20872,1.0,1.0,4.4,1526,26,21,1391,1500.0,326
20873,0.0,1.0,4.2,2946,26,57,1503,1300.0,5047
20874,1.0,0.0,4.3,3890,26,57,4,1400.0,19
20875,0.0,1.0,4.3,2039,16,61,737,1700.0,5047
20876,0.0,1.0,4.2,957,26,21,50,800.0,5047
20877,0.0,0.0,4.1,1699,26,26,648,1100.0,5047
20878,1.0,1.0,4.1,1857,26,21,1012,1100.0,2362
20879,1.0,1.0,4.0,1431,26,5,1660,1500.0,5047
20880,0.0,1.0,4.0,739,26,60,723,1500.0,5047
20881,0.0,1.0,3.9,822,26,4,31,1800.0,5047
20882,0.0,1.0,4.2,1096,26,60,878,1100.0,5047
20883,0.0,1.0,4.0,988,26,5,668,1400.0,5047
20884,0.0,1.0,4.0,244,26,5,25,1500.0,5047
20885,0.0,1.0,3.9,1224,26,57,535,1200.0,5047
20886,0.0,0.0,3.9,120,16,21,1305,1700.0,5047
20887,0.0,1.0,4.2,211,16,4,802,2000.0,5047
20888,0.0,1.0,3.9,271,26,60,756,1300.0,5047
20889,0.0,1.0,3.8,200,26,21,669,1000.0,5047
20890,0.0,0.0,4.0,108,16,4,1536,1300.0,5047
20891,0.0,1.0,4.1,146,16,21,1601,1200.0,5047
20892,0.0,1.0,4.5,1282,62,20,1325,1600.0,5047
20893,0.0,1.0,4.3,859,62,20,1466,800.0,5047
20894,0.0,1.0,4.0,617,62,38,1440,1800.0,5047
20895,1.0,0.0,4.0,630,62,20,1402,750.0,2115
20896,0.0,1.0,3.9,621,62,20,1222,1000.0,5047
20897,0.0,0.0,3.7,81,62,20,1423,600.0,5047
20898,1.0,1.0,3.7,57,62,20,1539,900.0,5047
20899,1.0,1.0,4.3,393,5,22,1468,600.0,5047
20900,0.0,1.0,4.3,965,52,37,1296,2000.0,5047
20901,0.0,1.0,4.5,416,61,20,1296,1200.0,5047
20902,1.0,1.0,4.5,1157,52,20,521,1700.0,4965
20903,1.0,1.0,4.3,1102,52,20,1011,1500.0,5047
20904,0.0,1.0,4.3,1145,52,20,1416,1100.0,5047
20905,0.0,1.0,4.0,569,52,20,1416,1000.0,5047
20906,0.0,1.0,3.7,113,72,20,1222,1000.0,5047
20907,1.0,1.0,4.3,393,5,22,1468,600.0,5047
20908,0.0,0.0,3.7,239,5,22,699,600.0,5047
20909,1.0,0.0,3.6,99,5,13,467,500.0,5047
20910,1.0,0.0,4.1,274,52,13,404,600.0,5047
20911,1.0,0.0,4.1,77,52,13,332,500.0,5047
20912,1.0,0.0,4.2,289,52,17,783,700.0,5047
20913,1.0,0.0,4.2,505,52,13,494,500.0,5047
20914,0.0,0.0,4.0,400,52,13,427,700.0,5047
20915,0.0,0.0,3.7,117,52,13,332,350.0,5047
20916,1.0,0.0,3.9,72,52,13,425,500.0,5047
20917,1.0,0.0,3.9,251,52,13,455,400.0,5047
20918,1.0,0.0,4.5,236,62,29,929,500.0,5047
20919,1.0,0.0,3.8,209,62,62,552,450.0,5047
20920,1.0,0.0,4.0,155,62,30,949,500.0,5047
20921,1.0,0.0,3.3,537,83,29,639,450.0,5047
20922,1.0,0.0,4.4,405,72,30,956,400.0,5047
20923,1.0,0.0,4.0,630,62,20,1402,750.0,5047
20924,1.0,0.0,3.9,284,52,41,1670,400.0,5047
20925,1.0,0.0,3.9,115,62,30,792,400.0,5047
20926,1.0,0.0,3.5,250,52,62,1235,300.0,5047
20927,1.0,0.0,3.9,358,82,20,1423,850.0,5047
20928,1.0,0.0,4.1,371,62,20,1136,700.0,5047
20929,1.0,0.0,4.1,141,52,62,1577,250.0,5047
20930,1.0,0.0,4.1,143,52,30,956,400.0,5047
20931,1.0,0.0,3.2,713,56,72,267,500.0,3183
20932,1.0,0.0,3.9,185,50,62,1388,450.0,5047
20933,1.0,1.0,4.2,167,52,20,1415,1100.0,5047
20934,1.0,0.0,3.9,1176,82,62,305,250.0,5047
20935,1.0,1.0,4.0,610,52,20,1156,1000.0,5047
20936,1.0,0.0,3.8,252,52,62,825,350.0,5047
20937,1.0,0.0,4.0,152,72,20,1156,600.0,5047
20938,1.0,0.0,4.0,73,52,62,1587,300.0,5047
20939,1.0,0.0,3.6,600,72,62,875,250.0,5047
20940,1.0,0.0,3.3,82,20,72,1269,400.0,2432
20941,1.0,0.0,3.7,162,5,62,1196,400.0,5047
20942,1.0,0.0,3.9,320,62,20,59,800.0,5047
20943,1.0,0.0,4.0,1195,52,62,1589,250.0,5047
20944,1.0,0.0,3.6,99,5,13,467,500.0,5047
20945,1.0,0.0,3.8,373,5,62,322,400.0,5047
20946,1.0,0.0,4.0,287,62,62,1547,150.0,5047
20947,1.0,0.0,4.0,223,62,29,235,650.0,5047
20948,1.0,0.0,4.1,559,62,72,1392,500.0,5047
20949,1.0,0.0,3.9,114,52,62,1636,200.0,5047
20950,1.0,0.0,3.9,440,62,62,323,600.0,5047
20951,1.0,0.0,4.0,343,52,62,593,350.0,5047
20952,1.0,0.0,3.6,492,5,20,1474,750.0,5047
20953,1.0,0.0,4.0,630,61,35,777,450.0,5047
20954,1.0,0.0,3.8,335,62,20,1600,450.0,5047
20955,1.0,0.0,3.9,184,62,72,1190,500.0,5047
20956,1.0,1.0,4.4,1026,5,20,1375,800.0,5047
20957,1.0,0.0,4.0,173,52,62,1611,300.0,5047
20958,1.0,0.0,4.0,31,5,29,1386,600.0,5047
20959,1.0,0.0,3.6,110,5,20,68,500.0,5047
20960,1.0,0.0,4.0,555,82,64,874,400.0,5047
20961,1.0,1.0,4.3,393,5,22,1468,600.0,5047
20962,1.0,0.0,3.9,182,62,72,1465,800.0,5047
20963,1.0,0.0,4.1,502,62,20,1196,600.0,5047
20964,1.0,0.0,3.8,53,62,29,1113,600.0,5047
20965,1.0,1.0,4.8,6461,52,21,41,1400.0,5047
20966,1.0,0.0,3.8,591,62,20,68,700.0,5047
20967,1.0,1.0,4.9,1973,52,20,1375,2000.0,5047
20968,1.0,1.0,4.5,1157,52,20,521,1700.0,5047
20969,1.0,0.0,4.1,316,52,20,1489,1200.0,5047
20970,1.0,0.0,3.8,74,62,62,1248,350.0,5047
20971,1.0,0.0,4.0,39,62,29,181,500.0,5047
20972,1.0,0.0,3.6,121,82,20,1220,600.0,5047
20973,1.0,0.0,4.1,244,5,20,296,600.0,5047
20974,1.0,1.0,4.6,2396,62,21,723,1100.0,5047
20975,1.0,0.0,4.1,444,52,20,524,600.0,5047
20976,1.0,0.0,4.0,397,62,62,1156,450.0,5047
20977,1.0,0.0,3.5,101,62,62,1597,400.0,5047
20978,1.0,0.0,4.1,197,52,30,773,300.0,5047
20979,1.0,0.0,3.9,41,5,72,1156,800.0,5047
20980,1.0,0.0,3.7,349,62,20,1383,600.0,5047
20981,1.0,0.0,3.7,104,52,11,215,400.0,5047
20982,1.0,0.0,4.5,787,52,20,1680,1000.0,5047
20983,1.0,0.0,3.8,324,52,20,1208,650.0,5047
20984,1.0,0.0,4.0,280,72,20,1294,600.0,5047
20985,1.0,0.0,3.8,285,5,20,582,800.0,5047
20986,1.0,0.0,3.9,135,67,20,610,700.0,5047
20987,1.0,0.0,2.9,136,5,62,322,500.0,5047
20988,1.0,0.0,4.3,723,67,14,350,400.0,5047
20989,1.0,0.0,4.1,84,72,62,1628,150.0,5047
20990,1.0,0.0,3.8,35,5,30,767,250.0,5047
20991,1.0,0.0,3.9,462,52,62,552,200.0,5047
20992,1.0,0.0,4.0,140,82,62,1608,350.0,5047
20993,1.0,0.0,4.0,112,72,30,779,400.0,5047
20994,1.0,1.0,4.1,533,67,20,1088,1000.0,5047
20995,1.0,0.0,3.8,121,52,63,819,300.0,5047
20996,1.0,0.0,3.9,131,52,41,182,450.0,5047
20997,1.0,0.0,2.4,71,52,67,934,500.0,5047
20998,1.0,1.0,4.1,664,52,5,887,1100.0,5047
20999,1.0,0.0,4.1,179,5,30,789,500.0,5047
21000,1.0,1.0,4.3,1102,52,20,1011,1500.0,5047
21001,1.0,0.0,4.1,489,52,62,1547,300.0,5047
21002,1.0,1.0,4.2,470,52,21,1367,1200.0,5047
21003,1.0,0.0,2.3,180,62,20,1284,500.0,5047
21004,1.0,0.0,4.2,505,52,13,494,500.0,5047
21005,1.0,0.0,4.0,58,52,41,1456,300.0,5047
21006,1.0,0.0,3.7,100,52,62,1196,400.0,5047
21007,1.0,0.0,4.0,73,52,69,1121,250.0,5047
21008,1.0,0.0,3.9,360,52,41,767,300.0,5047
21009,1.0,0.0,3.9,105,52,62,822,300.0,5047
21010,1.0,0.0,3.7,68,5,20,1196,500.0,5047
21011,1.0,1.0,3.9,675,62,20,1296,900.0,5047
21012,1.0,0.0,3.8,75,5,30,767,350.0,5047
21013,1.0,0.0,4.1,274,52,13,404,600.0,5047
21014,1.0,1.0,3.1,405,5,21,1272,800.0,5047
21015,1.0,1.0,4.1,428,62,20,1537,1100.0,5047
21016,0.0,0.0,3.0,75,62,62,1562,300.0,5047
21017,1.0,0.0,4.0,377,52,62,1474,400.0,5047
21018,1.0,0.0,3.4,590,62,20,69,600.0,5047
21019,1.0,0.0,3.8,149,62,20,521,700.0,5047
21020,1.0,0.0,3.8,572,67,20,565,800.0,5047
21021,0.0,1.0,4.3,859,62,20,1466,800.0,5047
21022,1.0,0.0,4.2,1734,52,57,539,1400.0,5047
21023,1.0,0.0,3.8,86,52,20,1031,600.0,5047
21024,1.0,0.0,4.4,109,52,62,1547,120.0,5047
21025,0.0,0.0,3.7,46,61,20,1547,1000.0,5047
21026,1.0,0.0,3.9,88,52,2,181,400.0,5047
21027,1.0,0.0,3.9,441,82,62,1218,250.0,5047
21028,1.0,0.0,2.9,96,62,20,1599,400.0,5047
21029,1.0,0.0,3.9,252,52,13,455,400.0,5047
21030,1.0,0.0,4.5,2416,52,62,1547,150.0,5047
21031,1.0,0.0,4.3,310,82,62,1547,100.0,5047
21032,0.0,0.0,4.0,930,62,21,50,800.0,5047
21033,0.0,0.0,3.7,103,62,21,61,900.0,5047
21034,1.0,0.0,3.9,72,52,13,425,500.0,5047
21035,1.0,0.0,4.8,4421,52,62,1547,150.0,5047
21036,0.0,1.0,3.9,620,62,20,1222,1000.0,5047
21037,1.0,0.0,3.8,216,62,62,266,400.0,5047
21038,1.0,0.0,3.2,123,5,20,1554,750.0,5047
21039,1.0,0.0,4.1,327,52,51,1547,150.0,5047
21040,1.0,0.0,4.0,97,62,62,529,150.0,5047
21041,1.0,0.0,3.9,87,72,62,866,200.0,5047
21042,1.0,0.0,3.1,94,62,62,1085,350.0,5047
21043,1.0,0.0,3.9,81,52,20,1607,600.0,5047
21044,1.0,0.0,3.9,291,52,63,1590,300.0,5047
21045,1.0,0.0,3.9,41,52,62,1547,150.0,5047
21046,1.0,1.0,3.7,57,62,20,1539,900.0,5047
21047,1.0,0.0,3.8,177,72,62,235,300.0,5047
21048,0.0,0.0,4.1,453,4,62,1628,100.0,5047
21049,0.0,0.0,3.9,175,5,62,305,350.0,5047
21050,0.0,0.0,3.7,239,5,22,699,600.0,5047
21051,0.0,0.0,3.9,57,5,62,767,600.0,5047
21052,1.0,0.0,3.9,86,61,5,723,1500.0,5047
21053,1.0,0.0,4.1,80,52,13,332,500.0,5047
21054,0.0,1.0,4.3,1145,52,20,1416,1100.0,5047
21055,0.0,0.0,4.3,190,52,30,951,200.0,5047
21056,0.0,0.0,4.2,124,52,41,1112,400.0,5047
21057,0.0,0.0,3.8,128,82,20,1222,600.0,5047
21058,0.0,0.0,4.0,178,5,20,565,750.0,5047
21059,0.0,0.0,3.1,49,52,41,1586,800.0,5047
21060,0.0,0.0,3.5,49,5,70,1118,250.0,5047
21061,0.0,0.0,2.6,30,52,62,920,500.0,5047
21062,0.0,0.0,2.8,270,52,41,1465,500.0,5047
21063,1.0,0.0,4.2,290,62,72,1465,600.0,5047
21064,0.0,0.0,4.8,1161,62,0,181,200.0,5047
21065,1.0,0.0,4.0,155,62,30,949,500.0,5047
21066,1.0,0.0,3.9,115,62,30,792,400.0,5047
21067,1.0,0.0,4.0,39,62,29,181,500.0,5047
21068,1.0,1.0,4.3,397,5,22,1468,600.0,5047
21069,1.0,0.0,3.8,35,5,30,767,250.0,5047
21070,0.0,0.0,4.2,148,5,30,951,200.0,5047
21071,1.0,0.0,4.1,179,5,30,789,500.0,5047
21072,1.0,0.0,3.9,61,5,69,1121,100.0,5047
21073,1.0,0.0,3.6,99,5,13,467,500.0,5047
21074,0.0,0.0,3.9,57,5,62,767,600.0,5047
21075,1.0,0.0,3.8,75,5,30,767,350.0,5047
21076,0.0,0.0,3.5,49,5,70,1118,250.0,5047
21077,0.0,0.0,3.8,46,5,2,181,200.0,5047
21078,0.0,0.0,4.3,236,61,30,767,500.0,5047
21079,1.0,0.0,4.4,406,72,30,956,400.0,5047
21080,1.0,0.0,4.2,290,52,17,783,700.0,5047
21081,0.0,0.0,3.9,108,52,30,789,250.0,5047
21082,0.0,0.0,3.9,133,52,0,188,250.0,5047
21083,1.0,0.0,4.1,197,52,30,773,300.0,5047
21084,0.0,0.0,4.1,81,52,30,949,100.0,5047
21085,0.0,0.0,4.1,96,52,41,214,250.0,5047
21086,0.0,0.0,3.8,51,52,30,950,200.0,5047
21087,1.0,0.0,3.9,131,52,41,182,450.0,5047
21088,1.0,0.0,3.9,360,52,41,767,300.0,5047
21089,1.0,0.0,4.1,143,52,30,956,400.0,5047
21090,0.0,1.0,4.3,1103,62,5,891,1650.0,5047
21091,1.0,1.0,4.6,2423,62,21,723,1100.0,5047
21092,0.0,1.0,4.5,1284,62,20,1325,1600.0,5047
21093,0.0,0.0,4.3,690,62,20,1547,400.0,5047
21094,0.0,0.0,4.3,818,62,20,1289,600.0,5047
21095,0.0,1.0,4.3,858,62,20,1466,800.0,5047
21096,1.0,0.0,4.1,568,62,20,1136,700.0,5047
21097,0.0,1.0,4.0,617,62,38,1440,1800.0,5047
21098,1.0,0.0,3.8,591,62,20,68,700.0,5047
21099,1.0,0.0,4.0,633,62,20,1402,750.0,5047
21100,1.0,1.0,3.9,676,62,20,1296,900.0,5047
21101,1.0,1.0,4.1,428,62,20,1537,1100.0,5047
21102,1.0,0.0,3.8,335,62,20,1600,450.0,5047
21103,0.0,0.0,4.0,930,62,21,50,800.0,5047
21104,0.0,0.0,3.7,103,62,21,61,900.0,5047
21105,1.0,0.0,3.9,320,62,20,59,800.0,5047
21106,0.0,1.0,3.9,620,62,20,1222,1000.0,5047
21107,1.0,0.0,4.1,502,62,20,1196,600.0,5047
21108,1.0,0.0,3.8,149,62,20,521,700.0,5047
21109,0.0,1.0,4.0,137,62,20,796,700.0,5047
21110,0.0,0.0,3.7,81,62,20,1423,600.0,5047
21111,1.0,0.0,3.1,94,62,62,1085,350.0,5047
21112,1.0,0.0,2.3,180,62,20,1284,500.0,5047
21113,1.0,1.0,3.7,57,62,20,1539,900.0,5047
21114,0.0,0.0,3.2,97,62,24,1423,1000.0,5047
21115,1.0,0.0,3.7,349,62,20,1383,600.0,5047
21116,1.0,0.0,3.4,590,62,20,69,600.0,5047
21117,0.0,0.0,4.0,84,62,21,1099,1200.0,5047
21118,1.0,0.0,2.9,96,62,20,1599,400.0,5047
21119,0.0,0.0,4.3,332,62,62,1552,300.0,5047
21120,1.0,0.0,3.8,216,62,62,266,400.0,5047
21121,1.0,0.0,3.5,101,62,62,1597,400.0,551
21122,1.0,0.0,3.9,392,62,62,1474,400.0,5047
21123,1.0,0.0,3.8,74,62,62,1248,350.0,5047
21124,1.0,0.0,3.9,266,62,41,323,600.0,5047
21125,1.0,0.0,4.0,397,62,62,1156,450.0,5047
21126,0.0,0.0,3.0,75,62,62,1562,300.0,5047
21127,1.0,0.0,3.8,99,62,62,817,300.0,5047
21128,0.0,0.0,3.6,68,62,62,1587,450.0,5047
21129,1.0,0.0,3.5,108,62,62,1474,750.0,5047
21130,1.0,0.0,3.8,209,62,62,552,450.0,5047
21131,1.0,1.0,4.4,1026,5,20,1375,800.0,5047
21132,1.0,1.0,4.3,397,5,22,1468,600.0,5047
21133,1.0,0.0,4.1,245,5,20,296,600.0,5047
21134,0.0,0.0,3.9,175,5,62,305,350.0,5047
21135,0.0,0.0,3.8,180,5,62,235,300.0,5047
21136,1.0,0.0,3.6,110,5,20,68,500.0,5047
21137,1.0,0.0,3.7,68,5,20,1196,500.0,5047
21138,0.0,1.0,3.9,96,5,60,91,1200.0,5047
21139,1.0,1.0,3.1,405,5,21,1272,800.0,5047
21140,0.0,0.0,4.0,178,5,20,565,750.0,5047
21141,1.0,0.0,3.2,123,5,20,1554,750.0,5047
21142,0.0,0.0,3.7,239,5,22,699,600.0,5047
21143,1.0,0.0,3.6,99,5,13,467,500.0,5047
21144,1.0,0.0,3.8,285,5,20,582,800.0,5047
21145,0.0,0.0,3.5,49,5,70,1118,250.0,5047
21146,1.0,0.0,3.8,373,5,62,322,400.0,5047
21147,0.0,0.0,4.0,407,5,62,1597,400.0,5047
21148,1.0,0.0,2.9,136,5,62,322,500.0,5047
21149,0.0,0.0,3.9,57,5,62,767,600.0,5047
21150,0.0,0.0,3.8,51,5,62,817,200.0,5047
21151,1.0,0.0,3.7,162,5,62,1196,400.0,5047
21152,0.0,1.0,4.1,4781,52,49,1020,2600.0,5047
21153,1.0,1.0,4.9,1985,52,20,1375,2000.0,5047
21154,0.0,0.0,4.3,2324,52,52,909,1800.0,5047
21155,0.0,1.0,4.3,968,52,37,1296,2000.0,5047
21156,0.0,1.0,4.5,420,61,20,1296,1200.0,5047
21157,0.0,1.0,4.8,1367,52,20,163,1300.0,5047
21158,0.0,1.0,4.2,566,52,37,1073,2500.0,5047
21159,1.0,1.0,4.5,1157,52,20,521,1700.0,5047
21160,1.0,1.0,4.8,6470,52,21,41,1400.0,5047
21161,1.0,1.0,4.0,610,52,20,1156,1000.0,5047
21162,1.0,0.0,4.5,789,52,20,1680,1000.0,5047
21163,1.0,1.0,4.3,1103,52,20,1011,1500.0,5047
21164,1.0,0.0,4.2,1734,52,57,539,1400.0,5047
21165,0.0,0.0,4.1,218,52,20,262,800.0,5047
21166,1.0,0.0,4.8,4421,52,62,1547,150.0,5047
21167,0.0,0.0,4.0,777,52,46,968,1400.0,5047
21168,0.0,1.0,4.2,167,61,5,624,1400.0,5047
21169,1.0,1.0,4.2,471,52,21,1367,1200.0,5047
21170,1.0,0.0,4.1,317,52,20,1489,1200.0,5047
21171,1.0,0.0,4.1,274,52,13,404,600.0,5047
21172,1.0,0.0,4.1,80,52,13,332,500.0,5047
21173,0.0,0.0,4.2,493,52,20,1375,1500.0,5047
21174,0.0,1.0,4.3,1145,52,20,1416,1100.0,5047
21175,0.0,0.0,4.1,742,52,57,903,1500.0,5047
21176,0.0,1.0,4.1,405,52,46,718,1500.0,5047
21177,1.0,0.0,4.0,1196,52,62,1589,250.0,3061
21178,1.0,1.0,4.1,664,52,5,887,1100.0,5047
21179,1.0,0.0,3.8,324,52,20,1208,650.0,5047
21180,0.0,1.0,4.0,569,52,20,1416,1000.0,5047
21181,1.0,0.0,4.2,290,52,17,783,700.0,5047
21182,1.0,0.0,4.2,506,52,13,494,500.0,5047
21183,1.0,0.0,4.2,128,52,62,1547,100.0,5047
21184,0.0,0.0,3.9,117,52,20,565,500.0,5047
21185,1.0,0.0,4.1,444,52,20,524,600.0,5047
21186,0.0,0.0,4.2,613,52,20,592,500.0,5047
21187,0.0,0.0,4.3,356,52,62,1551,300.0,5047
21188,0.0,1.0,3.7,96,52,4,884,1100.0,5047
21189,1.0,0.0,3.9,358,82,20,1423,850.0,3691
21190,0.0,1.0,4.2,246,52,37,983,2500.0,5047
21191,1.0,0.0,4.2,144,52,62,1577,250.0,2979
21192,0.0,0.0,3.8,128,82,20,1222,600.0,5047
21193,0.0,0.0,4.1,1189,52,20,807,1500.0,5047
21194,1.0,0.0,4.1,327,52,51,1547,150.0,5047
21195,0.0,0.0,4.0,151,72,20,1443,700.0,5047
21196,1.0,1.0,4.2,167,52,20,1415,1100.0,3839
21197,0.0,0.0,3.8,76,52,62,1547,200.0,5047
21198,1.0,0.0,3.9,81,52,20,1607,600.0,5047
21199,1.0,0.0,4.0,344,52,62,593,350.0,2460
21200,0.0,0.0,4.1,62,72,20,1423,450.0,5047
21201,0.0,0.0,4.2,600,52,62,1589,200.0,5047
21202,0.0,0.0,4.1,750,52,62,1547,150.0,5047
21203,1.0,0.0,3.8,86,52,20,1031,600.0,5047
21204,1.0,0.0,4.0,152,72,20,1156,600.0,5047
21205,1.0,0.0,4.3,85,72,62,1547,200.0,3254
21206,0.0,0.0,4.0,212,52,62,1156,250.0,5047
21207,1.0,0.0,3.5,250,52,62,1235,300.0,5047
21208,1.0,0.0,4.0,173,52,62,1611,300.0,5047
21209,0.0,0.0,4.2,124,52,41,1112,400.0,5047
21210,0.0,0.0,4.2,62,52,62,1585,350.0,5047
21211,0.0,1.0,3.7,77,52,5,624,2000.0,5047
21212,1.0,0.0,3.9,462,52,62,552,200.0,5047
21213,1.0,0.0,3.9,441,82,62,1218,250.0,5047
21214,1.0,0.0,3.9,284,52,41,1670,400.0,5047
21215,0.0,0.0,3.1,116,52,41,1451,600.0,5047
21216,0.0,1.0,3.7,113,72,20,1222,1000.0,5047
21217,0.0,0.0,4.2,62,52,62,1628,200.0,5047
21218,1.0,0.0,3.9,72,52,13,425,500.0,5047
21219,1.0,0.0,3.9,252,52,13,455,400.0,5047
21220,0.0,0.0,4.0,52,52,62,865,250.0,5047
21221,0.0,0.0,3.6,101,82,20,1589,500.0,5047
21222,1.0,0.0,3.9,115,52,62,1636,200.0,5047
21223,0.0,0.0,2.9,57,52,62,1156,300.0,5047
21224,1.0,0.0,3.7,89,52,41,1242,500.0,5047
21225,1.0,0.0,3.9,87,72,62,866,200.0,5047
21226,1.0,0.0,4.2,470,52,41,1547,300.0,5047
21227,0.0,0.0,3.9,47,52,62,1070,300.0,5047
21228,1.0,0.0,4.0,58,52,41,1456,300.0,5047
21229,1.0,0.0,4.1,166,52,30,792,400.0,5047
21230,1.0,0.0,3.7,100,52,62,1196,400.0,5047
21231,1.0,0.0,2.4,71,52,67,934,500.0,5047
21232,1.0,0.0,3.9,185,50,62,1388,450.0,5047
21233,0.0,0.0,3.1,49,52,41,1586,800.0,5047
21234,1.0,0.0,2.7,72,52,41,1360,550.0,5047
21235,0.0,0.0,2.6,30,52,62,920,500.0,5047
21236,0.0,0.0,2.7,43,52,9,1021,150.0,5047
21237,1.0,0.0,3.9,291,52,63,1590,300.0,93
21238,0.0,0.0,2.8,270,52,41,1465,500.0,5047
21239,0.0,1.0,3.9,96,5,60,91,1200.0,5047
21240,0.0,1.0,4.3,1103,62,5,891,1650.0,5047
21241,0.0,0.0,3.2,97,62,24,1423,1000.0,5047
21242,0.0,1.0,4.1,4781,52,49,1020,2600.0,5047
21243,0.0,0.0,4.3,2324,52,52,909,1800.0,5047
21244,1.0,0.0,4.2,1734,52,57,539,1400.0,5047
21245,0.0,0.0,4.0,777,52,46,968,1400.0,5047
21246,1.0,1.0,4.2,471,52,21,1367,1200.0,3514
21247,0.0,0.0,4.1,742,52,57,903,1500.0,5047
21248,0.0,1.0,4.1,405,52,46,718,1500.0,5047
21249,1.0,1.0,4.1,664,52,5,887,1100.0,5047
21250,0.0,1.0,3.7,96,52,4,884,1100.0,5047
21251,1.0,0.0,3.7,174,82,21,68,800.0,4300
21252,0.0,1.0,3.7,77,52,5,624,2000.0,5047
21253,0.0,1.0,3.9,96,5,60,91,1200.0,5047
21254,0.0,1.0,4.3,1103,62,5,891,1650.0,5047
21255,1.0,1.0,4.6,2423,62,21,723,1100.0,1514
21256,0.0,1.0,4.0,617,62,38,1440,1800.0,5047
21257,0.0,0.0,4.0,930,62,21,50,800.0,5047
21258,0.0,0.0,3.7,103,62,21,61,900.0,5047
21259,0.0,0.0,4.0,84,62,21,1099,1200.0,5047
21260,1.0,1.0,3.1,405,5,21,1272,800.0,1157
21261,1.0,1.0,4.8,6470,52,21,41,1400.0,421
21262,1.0,0.0,4.2,1734,52,57,539,1400.0,5047
21263,0.0,1.0,4.2,167,61,5,624,1400.0,5047
21264,1.0,1.0,4.2,471,52,21,1367,1200.0,3514
21265,0.0,0.0,4.1,742,52,57,903,1500.0,5047
21266,1.0,1.0,4.1,664,52,5,887,1100.0,3875
21267,0.0,1.0,3.7,96,52,4,884,1100.0,5047
21268,1.0,0.0,3.7,174,82,21,68,800.0,4299
21269,0.0,1.0,3.7,77,52,5,624,2000.0,5047
21270,1.0,1.0,3.8,203,66,20,1258,1200.0,411
21271,1.0,1.0,4.2,4752,12,20,1206,1500.0,4693
21272,0.0,0.0,4.1,1015,65,20,1231,500.0,5047
21273,0.0,1.0,4.3,620,65,37,1326,3400.0,5047
21274,0.0,1.0,3.9,312,65,37,1347,2000.0,5047
21275,0.0,1.0,4.0,103,65,20,1156,1900.0,5047
21276,0.0,1.0,4.5,2219,66,20,1103,1800.0,5047
21277,1.0,1.0,4.3,3152,49,20,1416,1500.0,5047
21278,0.0,1.0,4.4,2143,48,37,1314,2200.0,5047
21279,1.0,1.0,3.9,1943,49,20,1663,2100.0,5047
21280,0.0,0.0,4.6,988,49,37,1654,3000.0,5047
21281,1.0,1.0,4.5,1142,12,21,208,1200.0,5047
21282,1.0,1.0,4.5,1431,12,21,521,1700.0,5047
21283,1.0,1.0,4.3,772,48,20,1494,1400.0,5047
21284,0.0,1.0,4.3,689,66,37,805,2500.0,5047
21285,1.0,0.0,4.0,3286,12,20,1402,750.0,5047
21286,0.0,0.0,4.3,698,49,37,812,3000.0,5047
21287,0.0,1.0,3.9,54,49,20,167,1500.0,5047
21288,0.0,1.0,4.2,341,48,21,1375,1000.0,5047
21289,0.0,0.0,4.3,469,48,25,173,1500.0,5047
21290,1.0,0.0,4.0,57,8,20,1019,1500.0,5047
21291,0.0,0.0,4.0,53,66,37,143,2000.0,5047
21292,0.0,1.0,4.3,331,66,20,1279,1200.0,5047
21293,0.0,1.0,4.0,930,8,20,1491,800.0,5047
21294,1.0,1.0,4.2,570,73,20,570,1200.0,2659
21295,1.0,0.0,4.0,167,66,21,1156,1700.0,2746
21296,1.0,1.0,4.3,1055,48,20,981,1600.0,5047
21297,1.0,0.0,3.8,159,27,20,608,1300.0,4177
21298,1.0,1.0,3.8,200,49,20,982,1600.0,5047
21299,0.0,1.0,4.1,274,49,37,994,3000.0,5047
21300,1.0,0.0,4.1,119,66,20,640,1000.0,4471
21301,0.0,0.0,3.1,122,48,21,1304,1200.0,5047
21302,0.0,0.0,2.8,255,27,20,1196,1000.0,5047
21303,0.0,0.0,2.8,132,8,20,1440,650.0,5047
21304,0.0,0.0,3.9,90,76,20,1393,1400.0,5047
21305,0.0,0.0,3.0,108,49,20,1304,800.0,5047
21306,0.0,0.0,3.7,145,66,22,571,1000.0,5047
21307,0.0,1.0,3.9,105,8,20,585,1000.0,5047
21308,0.0,0.0,3.8,67,66,20,1547,500.0,5047
21309,0.0,0.0,3.8,52,66,20,1314,1200.0,5047
21310,0.0,0.0,2.3,118,66,20,602,650.0,5047
21311,0.0,1.0,4.3,166,78,37,18,2800.0,5047
21312,0.0,1.0,4.4,1086,78,20,1325,1600.0,5047
21313,0.0,1.0,4.1,329,15,46,1397,1300.0,5047
21314,1.0,1.0,4.2,476,15,20,1272,1700.0,1299
21315,1.0,1.0,4.0,189,74,21,1361,1300.0,4102
21316,1.0,1.0,3.8,91,15,20,1429,1800.0,1570
21317,0.0,1.0,3.8,110,61,20,1570,1600.0,5047
21318,1.0,0.0,3.8,75,85,20,672,1000.0,3300
21319,0.0,1.0,3.9,158,15,20,1446,1100.0,5047
21320,1.0,1.0,4.3,972,12,13,385,750.0,1523
21321,1.0,1.0,4.2,2747,49,13,406,1200.0,388
21322,1.0,1.0,4.2,2859,65,22,1010,800.0,5047
21323,0.0,0.0,4.3,74,65,13,480,400.0,5047
21324,1.0,0.0,3.9,88,65,35,774,400.0,5047
21325,1.0,0.0,3.6,123,65,13,362,600.0,5047
21326,0.0,0.0,4.6,2295,12,13,495,1100.0,5047
21327,0.0,0.0,4.5,3599,76,13,338,900.0,5047
21328,1.0,1.0,4.4,726,49,22,8,1700.0,5047
21329,0.0,1.0,4.1,1750,12,13,386,1000.0,5047
21330,0.0,0.0,4.4,2652,12,13,332,600.0,5047
21331,1.0,0.0,4.4,1115,48,1,179,600.0,5047
21332,0.0,1.0,4.1,568,49,22,1349,2500.0,5047
21333,1.0,0.0,4.2,3581,12,13,459,650.0,5047
21334,0.0,0.0,4.3,526,48,1,1504,1400.0,5047
21335,1.0,0.0,4.1,119,66,13,169,700.0,5047
21336,0.0,0.0,4.3,797,12,16,453,900.0,5047
21337,0.0,0.0,4.0,1469,49,33,788,450.0,5047
21338,1.0,0.0,4.1,488,12,13,345,700.0,5047
21339,1.0,0.0,4.3,1135,27,13,438,800.0,5047
21340,0.0,1.0,3.9,305,73,13,455,750.0,5047
21341,1.0,0.0,3.7,97,27,16,373,650.0,5047
21342,0.0,0.0,4.2,619,8,13,369,500.0,5047
21343,1.0,0.0,4.2,121,49,14,350,500.0,5047
21344,0.0,1.0,3.8,98,48,14,353,1000.0,5047
21345,0.0,0.0,4.0,105,48,19,471,1200.0,5047
21346,1.0,0.0,3.8,74,8,13,343,650.0,5047
21347,1.0,0.0,3.7,70,12,10,511,500.0,5047
21348,0.0,1.0,3.9,317,49,13,404,800.0,5047
21349,0.0,0.0,3.7,145,66,22,571,1000.0,5047
21350,0.0,0.0,3.9,74,76,13,376,500.0,5047
21351,1.0,0.0,3.8,263,49,13,332,700.0,938
21352,0.0,0.0,3.6,104,8,13,404,800.0,5047
21353,0.0,0.0,3.6,47,8,13,332,350.0,5047
21354,1.0,1.0,4.6,4841,15,59,1458,1300.0,5047
21355,1.0,0.0,4.3,658,15,17,427,750.0,5001
21356,0.0,0.0,4.0,38,81,17,429,1100.0,5047
21357,0.0,0.0,4.3,167,78,13,499,750.0,5047
21358,1.0,1.0,4.2,864,15,22,659,1000.0,2976
21359,1.0,0.0,4.2,745,15,13,406,750.0,5047
21360,0.0,0.0,4.2,116,78,22,1074,1000.0,5047
21361,0.0,0.0,3.8,99,78,13,420,600.0,5047
21362,1.0,0.0,4.4,882,26,29,929,500.0,1260
21363,1.0,0.0,3.6,385,11,29,639,450.0,2776
21364,1.0,0.0,4.0,496,26,62,235,300.0,5047
21365,1.0,0.0,4.2,288,76,62,322,500.0,2522
21366,1.0,0.0,4.3,295,65,72,1392,500.0,1895
21367,1.0,0.0,4.0,115,65,29,235,650.0,1994
21368,1.0,0.0,3.4,87,81,72,1156,200.0,5047
21369,1.0,0.0,3.4,360,18,62,1156,350.0,5047
21370,1.0,0.0,4.2,385,78,13,1478,500.0,1719
21371,1.0,0.0,4.2,69,4,62,1510,500.0,5047
21372,1.0,0.0,3.9,376,49,70,1121,200.0,352
21373,1.0,0.0,4.2,3581,12,13,459,650.0,705
21374,1.0,0.0,3.8,93,20,62,1497,300.0,4676
21375,1.0,0.0,4.4,638,65,30,956,400.0,5047
21376,1.0,0.0,4.3,30,65,72,1465,600.0,4173
21377,1.0,0.0,4.0,3286,12,20,1402,750.0,5047
21378,1.0,0.0,3.3,262,73,20,1196,500.0,5047
21379,1.0,0.0,4.0,1087,8,66,782,550.0,5047
21380,1.0,0.0,4.0,114,81,29,1190,500.0,1016
21381,1.0,1.0,4.2,570,73,20,570,1200.0,5047
21382,1.0,0.0,3.9,116,78,62,1156,150.0,5047
21383,1.0,0.0,4.0,208,78,62,1594,250.0,3445
21384,1.0,0.0,4.0,152,72,20,1156,600.0,549
21385,1.0,0.0,4.3,2162,65,20,239,600.0,237
21386,1.0,0.0,3.9,106,81,29,1465,800.0,2174
21387,1.0,0.0,3.8,236,73,62,1474,750.0,5047
21388,1.0,0.0,3.6,212,15,62,322,400.0,5047
21389,1.0,0.0,4.0,631,61,35,777,450.0,5047
21390,1.0,0.0,3.8,79,20,62,1156,300.0,5047
21391,1.0,1.0,3.3,60,76,62,856,400.0,5047
21392,0.0,0.0,4.3,1796,65,20,43,800.0,5047
21393,1.0,0.0,4.3,152,78,20,294,650.0,4568
21394,0.0,0.0,3.7,45,61,20,602,900.0,5047
21395,1.0,0.0,2.9,75,73,20,1156,500.0,1842
21396,1.0,0.0,4.0,661,14,62,323,600.0,3357
21397,1.0,1.0,4.4,3727,48,23,1464,1300.0,5047
21398,1.0,0.0,3.3,82,20,72,1269,400.0,5047
21399,1.0,1.0,3.8,197,76,20,274,800.0,5047
21400,1.0,0.0,4.9,1749,8,30,767,400.0,5047
21401,1.0,0.0,4.1,54,65,20,931,550.0,5047
21402,1.0,0.0,4.0,180,78,20,236,750.0,5047
21403,1.0,1.0,4.3,772,48,20,1494,1400.0,5047
21404,1.0,0.0,4.6,2521,48,20,809,1600.0,5047
21405,1.0,0.0,3.0,41,26,29,1513,400.0,5047
21406,1.0,0.0,3.9,56,76,62,256,400.0,1239
21407,1.0,0.0,3.0,165,12,62,825,350.0,3267
21408,1.0,0.0,3.7,70,12,10,511,500.0,3833
21409,1.0,1.0,4.2,4752,12,20,1206,1500.0,4693
21410,1.0,0.0,4.2,93,8,62,1561,300.0,3443
21411,1.0,1.0,4.6,4841,15,59,1458,1300.0,5047
21412,0.0,0.0,3.8,62,76,20,1589,400.0,5047
21413,1.0,0.0,4.0,70,45,29,1113,600.0,3780
21414,1.0,0.0,4.0,280,72,20,1294,600.0,5047
21415,1.0,0.0,4.0,47,66,30,773,300.0,777
21416,1.0,1.0,4.1,637,15,20,47,1100.0,2562
21417,1.0,1.0,4.5,1648,15,20,1008,1300.0,929
21418,1.0,0.0,3.9,272,49,12,821,250.0,440
21419,1.0,0.0,3.8,266,66,20,604,850.0,4728
21420,1.0,0.0,3.2,65,49,45,936,300.0,5047
21421,1.0,0.0,2.9,111,73,20,618,500.0,492
21422,1.0,0.0,3.9,121,49,62,1474,400.0,492
21423,1.0,0.0,4.0,112,72,30,779,400.0,4029
21424,1.0,1.0,4.5,1431,12,21,521,1700.0,5047
21425,1.0,1.0,4.2,2747,49,13,406,1200.0,388
21426,1.0,1.0,4.3,2053,49,20,1627,1500.0,630
21427,1.0,0.0,3.9,105,30,62,817,200.0,1760
21428,1.0,0.0,3.6,125,8,43,1670,400.0,4989
21429,1.0,1.0,4.2,415,8,5,892,1600.0,2805
21430,1.0,0.0,4.2,182,14,20,1151,800.0,1442
21431,0.0,0.0,4.3,583,78,13,407,700.0,5047
21432,1.0,1.0,4.5,1142,12,21,208,1200.0,5047
21433,1.0,0.0,3.4,60,20,62,1002,300.0,3467
21434,1.0,0.0,4.1,161,76,62,1451,300.0,5047
21435,1.0,0.0,2.8,303,14,20,235,500.0,587
21436,1.0,0.0,3.9,113,73,62,861,250.0,256
21437,1.0,0.0,4.5,222,8,41,773,450.0,3006
21438,1.0,0.0,2.6,313,73,20,1145,700.0,1209
21439,1.0,0.0,4.4,1115,48,1,179,600.0,912
21440,1.0,0.0,4.0,790,66,62,90,400.0,3655
21441,1.0,0.0,4.3,131,8,20,1654,700.0,4000
21442,0.0,1.0,4.0,1025,8,20,1395,700.0,5047
21443,1.0,0.0,4.2,402,15,20,544,600.0,5047
21444,1.0,0.0,3.9,104,8,70,1121,400.0,3457
21445,1.0,0.0,3.9,87,78,20,1242,500.0,4580
21446,1.0,0.0,3.9,148,8,41,182,450.0,2939
21447,0.0,0.0,4.3,1195,65,20,521,550.0,5047
21448,1.0,0.0,3.9,150,20,30,956,500.0,2815
21449,1.0,0.0,3.8,75,85,20,672,1000.0,3300
21450,1.0,0.0,3.9,458,65,62,270,400.0,592
21451,1.0,0.0,4.0,363,65,20,610,1000.0,5047
21452,1.0,0.0,4.2,444,78,14,482,700.0,5047
21453,1.0,0.0,3.4,64,12,62,266,400.0,568
21454,1.0,0.0,4.2,1773,76,20,625,750.0,637
21455,1.0,0.0,3.9,241,4,13,332,700.0,3581
21456,0.0,0.0,4.4,1916,65,30,958,400.0,5047
21457,1.0,0.0,2.6,72,4,62,1589,300.0,5047
21458,1.0,1.0,4.2,2859,65,22,1010,800.0,689
21459,1.0,1.0,4.3,512,48,21,558,1300.0,5047
21460,1.0,0.0,4.0,787,12,20,42,650.0,5047
21461,1.0,0.0,4.2,123,76,30,789,400.0,4481
21462,1.0,0.0,4.3,658,15,17,427,750.0,5001
21463,1.0,0.0,4.3,7584,12,46,33,1500.0,1530
21464,1.0,0.0,4.1,80,14,64,864,350.0,3261
21465,0.0,1.0,4.0,930,8,20,1491,800.0,5047
21466,1.0,1.0,4.2,864,15,22,659,1000.0,2976
21467,1.0,1.0,4.1,866,65,20,1534,1400.0,5047
21468,1.0,0.0,3.8,111,15,30,188,500.0,2276
21469,1.0,0.0,3.9,218,8,20,1481,800.0,2348
21470,1.0,0.0,3.7,184,8,62,322,500.0,3220
21471,1.0,0.0,4.0,1106,78,20,1050,1300.0,5047
21472,1.0,0.0,4.3,1384,20,20,1088,700.0,5047
21473,1.0,0.0,3.9,120,78,20,513,600.0,5047
21474,1.0,1.0,4.1,463,12,20,1156,600.0,5047
21475,1.0,0.0,3.9,157,85,20,1196,450.0,4400
21476,1.0,0.0,4.1,257,81,13,402,500.0,915
21477,1.0,0.0,4.2,138,15,20,162,1500.0,5047
21478,1.0,0.0,3.9,367,65,20,1263,800.0,1231
21479,1.0,0.0,4.2,132,8,30,949,180.0,2911
21480,1.0,1.0,3.9,1377,49,37,1156,2100.0,5047
21481,1.0,0.0,3.9,185,73,20,1599,400.0,5047
21482,1.0,0.0,4.2,233,48,2,194,300.0,3463
21483,1.0,0.0,4.0,872,48,62,1608,400.0,3802
21484,1.0,1.0,4.2,476,15,20,1272,1700.0,5047
21485,1.0,0.0,3.8,210,15,20,1597,400.0,4721
21486,1.0,0.0,3.9,62,73,9,216,150.0,3214
21487,1.0,1.0,4.2,2938,12,20,970,1000.0,5047
21488,1.0,1.0,4.4,2245,48,39,1014,3000.0,4112
21489,1.0,0.0,3.8,106,65,62,1561,200.0,4711
21490,1.0,1.0,4.5,1258,76,21,146,1700.0,5047
21491,0.0,0.0,3.7,46,61,20,1547,1000.0,5047
21492,1.0,0.0,3.8,33,78,62,1551,200.0,2822
21493,1.0,0.0,4.0,114,49,20,972,1000.0,3482
21494,1.0,0.0,3.4,48,78,62,1156,300.0,5047
21495,1.0,0.0,3.9,147,15,62,1476,600.0,5047
21496,1.0,1.0,3.9,94,8,21,1147,1300.0,4283
21497,1.0,0.0,4.3,911,78,20,1013,2000.0,5047
21498,0.0,0.0,4.3,1749,12,46,711,1300.0,5047
21499,1.0,0.0,3.9,207,76,20,1235,650.0,3609
21500,1.0,0.0,3.9,227,12,20,1342,950.0,3989
21501,1.0,0.0,3.9,54,26,62,1652,200.0,5047
21502,1.0,0.0,4.1,48,12,30,789,300.0,3080
21503,0.0,0.0,3.9,256,20,20,1097,700.0,5047
21504,0.0,0.0,4.1,803,65,20,1376,800.0,5047
21505,1.0,0.0,3.8,59,14,69,853,300.0,2527
21506,0.0,0.0,2.8,56,81,62,1617,400.0,5047
21507,1.0,0.0,3.4,207,15,20,524,600.0,5047
21508,0.0,0.0,4.0,124,12,12,217,500.0,5047
21509,1.0,1.0,4.2,2290,76,21,815,1400.0,4127
21510,1.0,0.0,4.0,186,14,62,866,400.0,1847
21511,1.0,0.0,3.7,162,15,20,604,700.0,1067
21512,1.0,0.0,3.7,54,20,30,789,300.0,809
21513,1.0,0.0,3.9,88,65,35,774,400.0,3985
21514,1.0,0.0,3.7,84,73,20,1196,500.0,4398
21515,1.0,0.0,3.9,171,20,62,1399,600.0,1364
21516,1.0,0.0,3.5,129,20,20,558,700.0,5047
21517,1.0,0.0,3.9,65,8,63,819,250.0,5047
21518,1.0,0.0,4.1,241,4,62,1628,200.0,3935
21519,1.0,0.0,3.9,134,81,20,1092,700.0,4540
21520,1.0,0.0,4.0,57,8,20,1019,1500.0,2003
21521,1.0,0.0,4.2,745,15,13,406,750.0,3585
21522,1.0,0.0,4.3,335,12,20,1375,800.0,2983
21523,1.0,0.0,4.1,67,49,30,767,900.0,1653
21524,1.0,0.0,4.1,119,66,13,169,700.0,800
21525,1.0,1.0,4.1,2180,8,27,539,2000.0,3650
21526,1.0,1.0,4.4,1854,48,20,1009,1500.0,3115
21527,1.0,0.0,4.1,1136,8,20,14,1500.0,4870
21528,1.0,0.0,4.1,488,12,13,345,700.0,2470
21529,0.0,1.0,4.1,105,65,57,664,1000.0,5047
21530,1.0,0.0,3.6,118,66,20,521,500.0,5047
21531,1.0,0.0,2.9,50,8,62,1589,350.0,134
21532,1.0,1.0,4.0,457,15,20,604,1000.0,5047
21533,1.0,1.0,4.2,986,78,21,913,1000.0,2928
21534,1.0,1.0,4.0,940,12,21,22,1000.0,1697
21535,1.0,0.0,4.0,68,12,30,767,250.0,2213
21536,1.0,0.0,4.0,122,20,20,673,1000.0,5047
21537,1.0,1.0,4.2,82,8,20,1541,700.0,5047
21538,1.0,1.0,4.4,502,76,5,1124,1900.0,5047
21539,0.0,0.0,3.7,32,14,20,1335,800.0,5047
21540,1.0,0.0,4.0,141,30,20,1277,550.0,5047
21541,1.0,1.0,3.9,1943,49,20,1663,2100.0,5047
21542,1.0,0.0,3.6,52,12,20,1234,600.0,2050
21543,0.0,0.0,4.1,405,15,20,1378,750.0,5047
21544,1.0,1.0,4.2,861,12,20,1534,1400.0,5047
21545,1.0,1.0,4.1,302,66,20,914,1000.0,484
21546,1.0,1.0,4.2,354,66,20,1549,1200.0,5047
21547,1.0,0.0,4.1,161,81,13,455,300.0,408
21548,1.0,0.0,3.8,82,65,30,773,350.0,515
21549,1.0,0.0,4.1,34,15,30,787,300.0,5047
21550,1.0,0.0,4.1,1222,8,4,663,2000.0,1483
21551,1.0,0.0,4.4,69,48,62,789,300.0,1705
21552,1.0,0.0,4.2,121,49,14,350,500.0,2477
21553,1.0,0.0,4.0,140,12,62,821,400.0,1508
21554,1.0,1.0,4.1,774,78,21,29,1200.0,4451
21555,1.0,1.0,4.3,972,12,13,385,750.0,1523
21556,1.0,0.0,3.8,263,49,13,332,700.0,938
21557,1.0,0.0,3.7,66,78,13,483,800.0,2972
21558,1.0,1.0,4.4,232,49,5,122,2000.0,1375
21559,1.0,1.0,4.5,875,49,20,157,1800.0,5047
21560,1.0,1.0,4.4,219,76,20,1529,850.0,5047
21561,1.0,1.0,4.3,3152,49,20,1416,1500.0,5047
21562,1.0,0.0,3.9,189,45,62,521,200.0,5047
21563,1.0,0.0,3.6,123,65,13,362,600.0,224
21564,0.0,0.0,4.3,74,65,13,480,400.0,5047
21565,1.0,0.0,3.7,281,8,20,1272,800.0,3436
21566,1.0,0.0,3.8,111,78,62,84,300.0,2763
21567,0.0,0.0,3.8,99,78,13,420,600.0,5047
21568,1.0,0.0,4.3,860,78,20,1655,1800.0,5047
21569,1.0,1.0,4.0,380,15,20,1243,850.0,5047
21570,1.0,1.0,3.8,91,15,20,1429,1800.0,5047
21571,1.0,1.0,3.8,81,78,20,604,800.0,5047
21572,0.0,0.0,4.0,210,65,20,558,500.0,5047
21573,1.0,1.0,2.2,409,49,20,1109,1000.0,4799
21574,1.0,0.0,3.7,50,51,20,1554,750.0,5047
21575,1.0,1.0,3.8,203,66,20,1258,1200.0,5047
21576,1.0,0.0,3.8,74,8,13,343,650.0,4739
21577,1.0,0.0,4.4,232,49,62,319,700.0,4488
21578,1.0,0.0,3.9,466,78,16,340,800.0,1740
21579,0.0,0.0,3.8,41,65,62,210,100.0,5047
21580,0.0,0.0,3.6,104,8,13,404,800.0,5047
21581,1.0,0.0,4.1,292,43,62,328,600.0,5047
21582,1.0,1.0,4.4,725,66,20,1090,1000.0,5047
21583,1.0,0.0,3.7,97,27,16,373,650.0,3749
21584,1.0,0.0,4.0,1114,41,29,1209,500.0,5047
21585,0.0,1.0,4.3,2741,8,5,718,1300.0,5047
21586,1.0,0.0,3.7,111,74,20,1136,700.0,5047
21587,1.0,0.0,3.8,110,43,72,1002,400.0,5047
21588,0.0,0.0,2.5,35,4,62,817,200.0,5047
21589,1.0,0.0,4.1,119,66,20,640,1000.0,4471
21590,0.0,0.0,4.3,544,12,20,1153,800.0,5047
21591,0.0,0.0,3.7,163,76,62,235,300.0,5047
21592,1.0,0.0,3.6,79,65,62,1552,500.0,5047
21593,1.0,1.0,4.3,3498,48,61,646,1700.0,5047
21594,1.0,0.0,3.8,169,73,62,1416,250.0,5047
21595,0.0,1.0,4.4,2055,48,21,927,1200.0,5047
21596,1.0,0.0,3.8,38,78,20,213,400.0,1704
21597,0.0,0.0,4.1,1546,48,57,760,1200.0,5047
21598,0.0,0.0,3.9,235,47,5,996,1000.0,5047
21599,1.0,0.0,3.9,86,61,5,723,1500.0,5047
21600,1.0,1.0,4.3,1055,48,20,981,1600.0,5047
21601,0.0,0.0,4.2,1364,66,20,286,700.0,5047
21602,0.0,1.0,4.1,1343,48,21,810,2100.0,5047
21603,1.0,1.0,4.2,525,73,20,1130,800.0,3909
21604,0.0,0.0,4.5,3599,76,13,338,900.0,5047
21605,1.0,1.0,4.4,726,49,22,8,1700.0,3410
21606,0.0,1.0,4.3,537,73,20,1013,1400.0,5047
21607,0.0,0.0,4.1,493,61,20,1587,600.0,5047
21608,0.0,0.0,4.2,366,66,62,1181,400.0,5047
21609,0.0,0.0,4.3,167,78,13,499,750.0,5047
21610,0.0,0.0,3.9,85,12,62,521,500.0,5047
21611,0.0,0.0,4.3,797,12,16,453,900.0,5047
21612,0.0,0.0,4.0,1469,49,33,788,450.0,5047
21613,0.0,0.0,4.3,184,12,30,789,500.0,5047
21614,1.0,0.0,4.0,101,76,62,1023,150.0,4662
21615,1.0,0.0,3.5,47,85,20,1547,450.0,5047
21616,0.0,0.0,3.9,157,48,20,1230,600.0,5047
21617,0.0,0.0,3.9,57,14,72,181,1200.0,5047
21618,0.0,0.0,4.2,619,8,13,369,500.0,5047
21619,0.0,0.0,2.7,77,49,62,1235,500.0,5047
21620,0.0,0.0,4.0,102,66,20,521,550.0,5047
21621,0.0,0.0,4.0,54,15,62,1112,400.0,5047
21622,0.0,0.0,3.9,82,51,20,602,450.0,5047
21623,0.0,0.0,3.7,96,12,62,817,500.0,5047
21624,0.0,0.0,3.7,62,15,62,817,200.0,5047
21625,0.0,0.0,3.9,135,76,20,984,800.0,5047
21626,1.0,0.0,4.3,1135,27,13,438,800.0,1045
21627,0.0,0.0,3.0,108,49,20,1304,800.0,5047
21628,0.0,0.0,3.7,145,66,22,571,1000.0,5047
21629,0.0,0.0,3.9,122,8,20,1016,500.0,5047
21630,0.0,1.0,3.9,158,15,20,1446,1100.0,5047
21631,0.0,0.0,4.2,222,76,30,951,200.0,5047
21632,0.0,1.0,3.6,279,76,21,56,800.0,5047
21633,0.0,0.0,3.9,42,8,20,617,500.0,5047
21634,0.0,0.0,2.9,46,73,20,1602,550.0,5047
21635,0.0,0.0,4.1,399,74,62,1178,300.0,5047
21636,0.0,0.0,3.4,8,8,62,1156,450.0,5047
21637,0.0,0.0,3.4,10,49,62,1209,350.0,5047
21638,0.0,0.0,3.4,27,49,62,1371,300.0,5047
21639,0.0,0.0,3.0,53,12,62,1597,250.0,5047
21640,1.0,0.0,3.8,159,27,20,608,1300.0,5047
21641,0.0,0.0,4.1,121,66,20,1196,600.0,5047
21642,0.0,0.0,3.7,68,8,20,1587,500.0,5047
21643,1.0,0.0,2.9,48,78,3,187,400.0,5047
21644,0.0,0.0,3.5,140,12,20,1156,600.0,5047
21645,1.0,1.0,3.8,200,49,20,982,1600.0,5047
21646,1.0,1.0,4.0,189,74,21,1361,1300.0,4102
21647,0.0,0.0,3.9,436,20,20,1140,550.0,5047
21648,1.0,1.0,4.2,2859,65,22,1010,800.0,689
21649,0.0,1.0,4.3,497,65,54,1124,2000.0,5047
21650,0.0,0.0,4.4,1916,65,30,958,400.0,5047
21651,1.0,0.0,3.9,88,65,35,774,400.0,3985
21652,0.0,0.0,4.0,100,65,30,956,150.0,5047
21653,1.0,0.0,4.4,638,65,30,956,400.0,4558
21654,1.0,0.0,4.0,49,65,29,181,500.0,1612
21655,1.0,0.0,3.8,113,65,30,769,500.0,2281
21656,1.0,0.0,3.8,82,65,30,773,350.0,515
21657,0.0,0.0,3.9,51,65,30,175,600.0,5047
21658,1.0,1.0,4.2,525,73,20,1130,800.0,3908
21659,0.0,1.0,4.1,1750,12,13,386,1000.0,5047
21660,1.0,0.0,4.4,1115,48,1,179,600.0,913
21661,1.0,0.0,4.0,1087,8,66,782,550.0,227
21662,0.0,0.0,4.5,236,66,30,790,1250.0,5047
21663,1.0,0.0,4.9,1749,8,30,767,400.0,5047
21664,0.0,0.0,4.3,526,48,1,1504,1400.0,5047
21665,1.0,0.0,4.1,48,12,30,789,300.0,5047
21666,1.0,0.0,4.1,119,66,13,169,700.0,5047
21667,0.0,0.0,4.0,1469,49,33,788,450.0,5047
21668,1.0,0.0,4.4,69,48,62,789,300.0,5047
21669,0.0,0.0,4.3,184,12,30,789,500.0,5047
21670,1.0,1.0,4.1,302,66,20,914,1000.0,5047
21671,1.0,0.0,4.2,121,49,14,350,500.0,5047
21672,1.0,0.0,4.5,222,8,41,773,450.0,5047
21673,0.0,0.0,3.6,55,66,3,188,300.0,5047
21674,1.0,0.0,4.2,123,76,30,789,400.0,5047
21675,1.0,0.0,4.2,233,48,2,194,300.0,5047
21676,0.0,0.0,4.0,79,49,30,767,800.0,5047
21677,1.0,0.0,3.9,65,8,63,819,250.0,5047
21678,1.0,0.0,3.9,148,8,41,182,450.0,5047
21679,0.0,0.0,3.9,91,48,11,215,400.0,5047
21680,1.0,0.0,4.1,67,49,30,767,900.0,5047
21681,1.0,0.0,3.9,62,73,9,216,150.0,3214
21682,1.0,0.0,4.0,68,12,30,767,250.0,5047
21683,1.0,0.0,4.2,132,8,30,949,180.0,5047
21684,1.0,0.0,3.9,104,8,70,1121,400.0,5047
21685,0.0,0.0,4.0,124,12,12,217,500.0,5047
21686,0.0,0.0,4.2,222,76,30,951,200.0,5047
21687,1.0,0.0,4.0,47,66,30,773,300.0,5047
21688,0.0,0.0,3.4,27,49,62,1371,300.0,5047
21689,1.0,0.0,4.0,94,8,30,789,300.0,232
21690,1.0,1.0,4.6,4841,15,59,1458,1300.0,2765
21691,1.0,0.0,4.3,658,15,17,427,750.0,5001
21692,0.0,0.0,4.0,38,81,17,429,1100.0,5047
21693,0.0,0.0,3.4,225,14,62,1640,300.0,5047
21694,0.0,1.0,4.1,126,78,20,644,2000.0,5047
21695,1.0,0.0,4.2,444,78,14,482,700.0,5047
21696,1.0,0.0,4.1,80,14,64,864,350.0,3261
21697,0.0,0.0,4.0,187,14,62,1117,400.0,5047
21698,1.0,0.0,3.8,59,14,69,853,300.0,5047
21699,1.0,0.0,4.1,34,15,30,787,300.0,5047
21700,1.0,0.0,2.9,48,78,3,187,400.0,5047
21701,0.0,1.0,4.3,497,65,54,1124,2000.0,5047
21702,0.0,0.0,4.6,4119,65,54,647,1500.0,5047
21703,0.0,0.0,4.3,1817,65,20,43,800.0,5047
21704,0.0,1.0,4.5,682,65,37,1086,3500.0,5047
21705,0.0,1.0,4.3,2246,65,55,694,1700.0,5047
21706,1.0,1.0,4.2,2872,65,22,1010,800.0,5047
21707,0.0,1.0,4.3,678,65,20,1013,2000.0,5047
21708,1.0,0.0,4.3,2177,65,20,239,600.0,5047
21709,0.0,1.0,4.4,229,65,5,125,1200.0,5047
21710,1.0,1.0,4.1,866,65,20,1534,1400.0,5047
21711,0.0,0.0,4.3,1195,65,20,521,550.0,5047
21712,0.0,1.0,4.2,484,65,46,878,3000.0,5047
21713,0.0,0.0,4.1,1015,65,20,1231,500.0,5047
21714,0.0,0.0,4.3,79,65,13,480,400.0,5047
21715,0.0,1.0,4.3,620,65,37,1326,3400.0,5047
21716,0.0,1.0,4.1,105,65,57,664,1000.0,5047
21717,0.0,0.0,4.1,803,65,20,1376,800.0,5047
21718,0.0,1.0,4.2,275,65,38,1156,4000.0,5047
21719,0.0,0.0,4.0,519,65,4,1235,1000.0,5047
21720,0.0,1.0,3.9,312,65,37,1347,2000.0,5047
21721,0.0,1.0,4.3,432,65,38,521,3500.0,5047
21722,1.0,0.0,4.0,363,65,20,610,1000.0,1392
21723,1.0,0.0,3.9,367,65,20,1263,800.0,5047
21724,1.0,0.0,4.1,54,65,20,931,550.0,5047
21725,0.0,0.0,4.0,228,65,20,1435,700.0,5047
21726,0.0,0.0,3.7,298,65,57,1296,1000.0,5047
21727,0.0,1.0,4.0,94,65,46,878,2000.0,5047
21728,1.0,0.0,3.6,123,65,13,362,600.0,224
21729,0.0,1.0,3.9,107,65,20,1156,1900.0,5047
21730,1.0,0.0,4.0,135,65,12,821,250.0,5047
21731,0.0,0.0,4.0,210,65,20,558,500.0,5047
21732,0.0,0.0,2.3,48,65,20,1050,600.0,5047
21733,1.0,0.0,4.0,67,65,62,1593,300.0,5047
21734,1.0,0.0,3.8,106,65,62,1561,200.0,5047
21735,1.0,0.0,3.6,79,65,62,1552,500.0,5047
21736,1.0,0.0,3.9,458,65,62,270,400.0,3595
21737,1.0,0.0,3.9,253,65,62,1190,500.0,846
21738,0.0,0.0,3.8,41,65,62,210,100.0,5047
21739,1.0,0.0,3.8,113,65,30,769,500.0,5047
21740,0.0,1.0,4.4,4614,49,46,156,1700.0,5047
21741,0.0,1.0,4.5,2219,66,20,1103,1800.0,5047
21742,1.0,1.0,4.2,4752,12,20,1206,1500.0,5047
21743,1.0,1.0,4.3,3152,49,20,1416,1500.0,5047
21744,0.0,1.0,4.2,3140,48,46,624,2500.0,5047
21745,0.0,1.0,4.5,8419,8,61,11,2000.0,5047
21746,0.0,1.0,4.4,895,48,37,148,3000.0,5047
21747,0.0,1.0,4.4,2143,48,37,1314,2200.0,5047
21748,1.0,1.0,4.4,2245,48,39,1014,3000.0,5047
21749,0.0,1.0,4.6,2372,49,37,525,2800.0,5047
21750,0.0,0.0,4.2,1364,66,20,286,700.0,5047
21751,0.0,0.0,4.5,1610,8,21,1547,1500.0,5047
21752,0.0,0.0,4.6,2295,12,13,495,1100.0,5047
21753,1.0,1.0,3.9,1943,49,20,1663,2100.0,5047
21754,0.0,1.0,4.5,403,8,54,139,1500.0,5047
21755,0.0,0.0,4.4,2435,48,25,1124,1500.0,5047
21756,1.0,1.0,4.1,2180,8,27,539,2000.0,5047
21757,0.0,0.0,4.6,988,49,37,1654,3000.0,5047
21758,0.0,1.0,4.5,5290,76,21,5,2500.0,5047
21759,1.0,1.0,4.5,1258,76,21,146,1700.0,5047
21760,1.0,0.0,4.3,7584,12,46,33,1500.0,5047
21761,0.0,1.0,4.4,2055,48,21,927,1200.0,5047
21762,1.0,1.0,4.5,1142,12,21,208,1200.0,5047
21763,1.0,1.0,4.4,3727,48,23,1464,1300.0,5047
21764,0.0,1.0,4.6,1095,66,20,802,1500.0,5047
21765,0.0,0.0,4.2,650,76,60,671,1300.0,5047
21766,0.0,1.0,4.1,1343,48,21,810,2100.0,5047
21767,1.0,1.0,4.2,2747,49,13,406,1200.0,5047
21768,0.0,1.0,4.1,2051,27,20,1375,1600.0,5047
21769,1.0,1.0,4.2,525,73,20,1130,800.0,5047
21770,1.0,1.0,4.3,3498,48,61,646,1700.0,5047
21771,1.0,0.0,4.6,2521,48,20,809,1600.0,5047
21772,0.0,1.0,4.1,193,12,20,1580,1000.0,5047
21773,0.0,1.0,4.3,772,48,40,1411,3000.0,5047
21774,0.0,1.0,4.2,1472,49,60,667,1500.0,5047
21775,1.0,1.0,4.3,2053,49,20,1627,1500.0,5047
21776,0.0,0.0,3.8,2332,76,20,1591,700.0,5047
21777,0.0,0.0,4.3,1051,48,46,1114,1500.0,5047
21778,0.0,1.0,4.3,611,27,21,149,2500.0,5047
21779,1.0,1.0,4.2,2938,12,20,970,1000.0,5047
21780,1.0,1.0,3.9,1377,49,37,1156,2100.0,5047
21781,1.0,1.0,4.4,502,76,5,1124,1900.0,5047
21782,0.0,1.0,4.4,1211,8,20,1068,1100.0,5047
21783,0.0,1.0,4.3,2741,8,5,718,1300.0,5047
21784,1.0,1.0,4.5,1431,12,21,521,1700.0,5047
21785,0.0,1.0,4.6,1439,48,37,1623,2200.0,5047
21786,1.0,1.0,4.3,772,48,20,1494,1400.0,5047
21787,1.0,1.0,4.4,1854,48,20,1009,1500.0,5047
21788,0.0,0.0,4.5,3599,76,13,338,900.0,5047
21789,1.0,1.0,4.4,726,49,22,8,1700.0,5047
21790,0.0,0.0,4.3,1749,12,46,711,1300.0,5047
21791,0.0,1.0,4.1,1750,12,13,386,1000.0,5047
21792,0.0,1.0,4.4,152,48,21,1225,1000.0,5047
21793,0.0,0.0,4.4,2652,12,13,332,600.0,5047
21794,0.0,1.0,4.3,689,66,37,805,2500.0,5047
21795,0.0,1.0,4.3,537,73,20,1013,1400.0,5047
21796,1.0,0.0,3.9,376,49,70,1121,200.0,5047
21797,0.0,1.0,4.4,314,49,20,965,1500.0,5047
21798,0.0,1.0,4.4,578,48,37,965,4000.0,5047
21799,1.0,0.0,4.4,2162,8,20,1402,750.0,5047
21800,0.0,1.0,4.2,263,8,57,31,1500.0,5047
21801,0.0,0.0,4.3,698,49,37,812,3000.0,5047
21802,0.0,1.0,3.9,54,49,20,167,1500.0,5047
21803,0.0,1.0,4.2,341,48,21,1375,1000.0,5047
21804,0.0,0.0,4.3,2282,12,5,885,1100.0,5047
21805,1.0,0.0,4.0,787,12,20,42,650.0,5047
21806,0.0,1.0,4.3,301,76,5,1104,1200.0,5047
21807,0.0,1.0,4.1,568,49,22,1349,2500.0,5047
21808,0.0,0.0,4.3,469,48,25,173,1500.0,5047
21809,0.0,1.0,4.2,2080,48,20,807,1500.0,5047
21810,0.0,1.0,4.4,198,49,37,1100,2000.0,5047
21811,0.0,1.0,4.2,226,49,60,690,1000.0,5047
21812,1.0,1.0,4.2,2290,76,21,815,1400.0,5047
21813,0.0,0.0,4.3,699,48,20,1658,1500.0,5047
21814,0.0,0.0,4.2,1354,12,57,697,1100.0,5047
21815,1.0,1.0,4.3,512,48,21,558,1300.0,5047
21816,1.0,0.0,4.2,3581,12,13,459,650.0,5047
21817,1.0,1.0,4.3,972,12,13,385,750.0,5047
21818,1.0,1.0,4.4,219,76,20,1529,850.0,5047
21819,1.0,1.0,4.5,875,49,20,157,1800.0,5047
21820,1.0,1.0,4.0,940,12,21,22,1000.0,5047
21821,1.0,0.0,4.0,57,8,20,1019,1500.0,5047
21822,1.0,1.0,4.4,725,66,20,1090,1000.0,5047
21823,0.0,1.0,4.4,136,66,20,521,1200.0,5047
21824,0.0,0.0,4.0,53,66,37,143,2000.0,5047
21825,1.0,1.0,4.2,861,12,20,1534,1400.0,5047
21826,0.0,1.0,4.3,365,66,37,1375,3500.0,5047
21827,1.0,1.0,4.2,82,8,20,1541,700.0,5047
21828,1.0,1.0,4.2,415,8,5,892,1600.0,5047
21829,1.0,0.0,4.1,1136,8,20,14,1500.0,5047
21830,0.0,1.0,3.9,685,12,21,1559,1200.0,5047
21831,0.0,0.0,4.1,4448,8,26,12,1200.0,5047
21832,0.0,1.0,4.2,551,49,26,1404,1500.0,5047
21833,0.0,1.0,4.3,331,66,20,1279,1200.0,5047
21834,0.0,1.0,4.3,237,66,37,1013,4000.0,5047
21835,1.0,0.0,4.1,119,66,13,169,700.0,5047
21836,0.0,1.0,4.0,184,12,20,1156,1300.0,5047
21837,1.0,1.0,4.2,354,66,20,1549,1200.0,5047
21838,0.0,1.0,4.0,930,8,20,1491,800.0,5047
21839,1.0,1.0,4.1,463,12,20,1156,600.0,5047
21840,0.0,1.0,4.1,560,8,60,878,1100.0,5047
21841,0.0,0.0,3.9,952,8,57,1196,1100.0,5047
21842,0.0,0.0,4.3,797,12,16,453,900.0,5047
21843,1.0,0.0,4.1,1222,8,4,663,2000.0,5047
21844,1.0,1.0,4.2,570,73,20,570,1200.0,5047
21845,1.0,0.0,4.0,167,66,21,1156,1700.0,5047
21846,1.0,1.0,4.3,1055,48,20,981,1600.0,5047
21847,1.0,0.0,4.3,335,12,20,1375,800.0,5047
21848,1.0,1.0,4.4,232,49,5,122,2000.0,5047
21849,0.0,1.0,4.3,457,49,37,558,3000.0,5047
21850,0.0,0.0,4.2,38,66,4,897,2000.0,5047
21851,0.0,0.0,4.1,1546,48,57,760,1200.0,5047
21852,1.0,0.0,4.0,114,49,20,972,1000.0,5047
21853,1.0,0.0,4.1,488,12,13,345,700.0,5047
21854,0.0,0.0,4.3,544,12,20,1153,800.0,5047
21855,1.0,0.0,2.9,111,73,20,618,500.0,5047
21856,0.0,1.0,4.1,612,49,27,624,2800.0,5047
21857,0.0,1.0,4.4,185,48,21,1013,1800.0,5047
21858,1.0,0.0,3.9,207,76,20,1235,650.0,5047
21859,0.0,0.0,3.8,623,49,46,1254,3000.0,5047
21860,0.0,1.0,3.9,305,73,13,455,750.0,5047
21861,1.0,0.0,3.7,97,27,16,373,650.0,5047
21862,0.0,1.0,4.1,338,49,21,1050,1800.0,5047
21863,1.0,0.0,3.9,227,12,20,1342,950.0,5047
21864,0.0,1.0,4.2,178,66,37,624,3000.0,5047
21865,1.0,0.0,4.2,1773,76,20,625,750.0,5047
21866,0.0,0.0,4.2,619,8,13,369,500.0,5047
21867,1.0,0.0,3.8,390,8,20,1474,750.0,5047
21868,0.0,0.0,2.0,398,8,46,878,1500.0,5047
21869,1.0,1.0,4.1,302,66,20,914,1000.0,5047
21870,0.0,1.0,4.0,752,12,57,886,1100.0,5047
21871,1.0,0.0,4.2,121,49,14,350,500.0,5047
21872,0.0,0.0,3.9,190,76,4,878,600.0,5047
21873,1.0,0.0,3.7,281,8,20,1272,800.0,5047
21874,1.0,1.0,3.8,203,66,20,1258,1200.0,5047
21875,0.0,0.0,2.6,408,49,57,1196,1000.0,5047
21876,1.0,0.0,4.3,131,8,20,1654,700.0,5047
21877,0.0,0.0,4.2,703,76,62,1547,300.0,5047
21878,1.0,0.0,3.8,159,27,20,608,1300.0,5047
21879,0.0,0.0,3.9,235,47,5,996,1000.0,5047
21880,1.0,0.0,3.7,84,73,20,1196,500.0,5047
21881,1.0,1.0,3.8,200,49,20,982,1600.0,5047
21882,1.0,0.0,2.9,75,73,20,1156,500.0,5047
21883,0.0,1.0,4.1,274,49,37,994,3000.0,5047
21884,0.0,1.0,3.8,98,48,14,353,1000.0,5047
21885,1.0,0.0,4.1,119,66,20,640,1000.0,5047
21886,1.0,1.0,3.3,60,76,62,856,400.0,5047
21887,0.0,0.0,4.0,102,66,20,521,550.0,5047
21888,0.0,0.0,4.0,105,48,19,471,1200.0,5047
21889,1.0,0.0,3.8,74,8,13,343,650.0,5047
21890,0.0,0.0,3.1,122,48,21,1304,1200.0,5047
21891,0.0,0.0,2.8,255,27,20,1196,1000.0,5047
21892,1.0,0.0,2.9,50,8,62,1589,350.0,5047
21893,1.0,0.0,3.9,185,73,20,1599,400.0,5047
21894,0.0,1.0,4.0,197,49,47,1368,3000.0,5047
21895,0.0,1.0,3.8,73,73,4,723,1200.0,5047
21896,0.0,0.0,4.1,116,49,37,34,3000.0,5047
21897,0.0,0.0,4.0,166,8,62,617,400.0,5047
21898,1.0,0.0,3.7,70,12,10,511,500.0,5047
21899,0.0,0.0,3.5,56,48,21,154,1800.0,5047
21900,0.0,0.0,3.9,73,48,46,1621,2500.0,5047
21901,0.0,0.0,2.8,132,8,20,1440,650.0,5047
21902,0.0,0.0,3.9,135,76,20,984,800.0,5047
21903,0.0,0.0,4.1,171,49,37,521,2500.0,5047
21904,1.0,0.0,2.6,313,73,20,1145,700.0,5047
21905,0.0,0.0,3.9,90,76,20,1393,1400.0,5047
21906,1.0,0.0,4.3,1135,27,13,438,800.0,5047
21907,1.0,0.0,3.6,118,66,20,521,500.0,5047
21908,0.0,1.0,3.9,317,49,13,404,800.0,5047
21909,0.0,0.0,3.7,53,66,20,1591,600.0,5047
21910,1.0,0.0,3.8,266,66,20,604,850.0,5047
21911,0.0,1.0,4.0,1025,8,20,1395,700.0,5047
21912,1.0,0.0,3.3,262,73,20,1196,500.0,5047
21913,0.0,0.0,3.0,108,49,20,1304,800.0,5047
21914,0.0,0.0,3.7,145,66,22,571,1000.0,5047
21915,0.0,0.0,3.9,122,8,20,1016,500.0,5047
21916,1.0,1.0,3.9,94,8,21,1147,1300.0,5047
21917,0.0,1.0,4.2,264,49,21,1661,1500.0,5047
21918,0.0,1.0,3.9,105,8,20,585,1000.0,5047
21919,0.0,0.0,3.7,57,76,20,1196,700.0,5047
21920,0.0,0.0,3.8,67,66,20,1547,500.0,5047
21921,0.0,1.0,4.3,165,66,37,1009,3000.0,5047
21922,0.0,0.0,3.7,125,8,20,558,600.0,5047
21923,0.0,0.0,3.8,151,12,20,624,800.0,5047
21924,0.0,0.0,3.5,140,12,20,1156,600.0,5047
21925,0.0,0.0,3.7,68,8,20,1587,500.0,5047
21926,0.0,1.0,3.6,279,76,21,56,800.0,5047
21927,0.0,0.0,1.8,225,12,20,1304,1200.0,5047
21928,0.0,0.0,3.9,42,8,20,617,500.0,5047
21929,0.0,0.0,2.9,46,73,20,1602,550.0,5047
21930,1.0,1.0,3.8,197,76,20,274,800.0,5047
21931,0.0,0.0,3.9,119,27,21,1537,800.0,5047
21932,0.0,0.0,3.8,52,66,20,1314,1200.0,5047
21933,0.0,0.0,3.4,10,49,62,1209,350.0,5047
21934,0.0,0.0,2.3,118,66,20,602,650.0,5047
21935,1.0,0.0,3.9,218,8,20,1481,800.0,5047
21936,0.0,0.0,3.8,217,48,20,976,2000.0,5047
21937,1.0,0.0,3.8,263,49,13,332,700.0,5047
21938,1.0,0.0,3.6,52,12,20,1234,600.0,5047
21939,0.0,0.0,3.7,82,49,37,965,2500.0,5047
21940,0.0,0.0,3.6,104,8,13,404,800.0,5047
21941,0.0,0.0,4.1,121,66,20,1196,600.0,5047
21942,1.0,1.0,2.2,409,49,20,1109,1000.0,5047
21943,1.0,0.0,4.4,1115,48,1,179,600.0,5047
21944,1.0,0.0,4.0,1087,8,66,782,550.0,5047
21945,1.0,0.0,4.0,872,48,62,1608,400.0,5047
21946,0.0,0.0,4.4,181,66,62,1032,250.0,5047
21947,1.0,0.0,4.4,232,49,62,319,700.0,5047
21948,0.0,0.0,4.2,366,66,62,1181,400.0,5047
21949,0.0,0.0,3.9,85,12,62,521,500.0,5047
21950,0.0,0.0,4.0,1223,12,62,1547,200.0,5047
21951,1.0,0.0,4.1,48,12,30,789,300.0,5047
21952,0.0,0.0,4.1,274,66,62,1547,150.0,5047
21953,0.0,0.0,4.0,1469,49,33,788,450.0,5047
21954,1.0,1.0,4.1,121,12,62,929,300.0,5047
21955,1.0,0.0,4.2,288,76,62,322,500.0,5047
21956,0.0,0.0,4.0,109,66,62,78,300.0,5047
21957,1.0,0.0,4.1,161,76,62,1451,300.0,5047
21958,1.0,0.0,4.0,101,76,62,1023,150.0,5047
21959,0.0,0.0,4.0,90,27,62,1568,300.0,5047
21960,1.0,0.0,3.8,201,8,62,322,450.0,5047
21961,0.0,0.0,2.7,77,49,62,1235,500.0,5047
21962,0.0,0.0,3.6,55,66,3,188,300.0,5047
21963,1.0,0.0,4.0,790,66,62,90,400.0,5047
21964,1.0,0.0,3.9,113,73,62,861,250.0,5047
21965,1.0,0.0,3.9,121,49,62,1474,400.0,5047
21966,1.0,0.0,3.9,65,8,63,819,250.0,5047
21967,0.0,0.0,3.2,58,48,62,1531,350.0,5047
21968,0.0,0.0,4.1,343,8,62,1669,300.0,5047
21969,1.0,0.0,3.9,56,76,62,256,400.0,5047
21970,1.0,0.0,3.9,119,49,62,322,500.0,5047
21971,0.0,0.0,3.7,96,12,62,817,500.0,5047
21972,1.0,0.0,3.6,125,8,43,1670,400.0,5047
21973,0.0,0.0,3.9,76,49,62,1547,200.0,5047
21974,0.0,0.0,2.8,64,8,62,937,500.0,5047
21975,1.0,0.0,3.4,64,12,62,266,400.0,5047
21976,1.0,0.0,3.0,165,12,62,825,350.0,5047
21977,1.0,0.0,3.8,169,73,62,1416,250.0,5047
21978,0.0,0.0,3.4,60,12,62,1597,250.0,5047
21979,1.0,0.0,4.2,93,8,62,1561,300.0,5047
21980,0.0,0.0,3.7,163,76,62,235,300.0,5047
21981,0.0,0.0,3.4,8,8,62,1156,450.0,5047
21982,1.0,0.0,3.6,91,8,41,323,600.0,5047
21983,1.0,1.0,4.6,4841,15,59,1458,1300.0,5047
21984,0.0,1.0,4.3,166,78,37,18,2800.0,5047
21985,0.0,1.0,4.2,145,78,37,988,2500.0,5047
21986,0.0,1.0,4.4,1086,78,20,1325,1600.0,5047
21987,1.0,1.0,4.1,637,15,20,47,1100.0,5047
21988,1.0,1.0,4.5,1648,15,20,1008,1300.0,5047
21989,0.0,0.0,4.1,493,61,20,1587,600.0,5047
21990,1.0,0.0,3.9,120,78,20,513,600.0,5047
21991,1.0,0.0,4.0,1106,78,20,1050,1300.0,5047
21992,1.0,1.0,4.2,986,78,21,913,1000.0,5047
21993,1.0,0.0,4.3,658,15,17,427,750.0,5047
21994,0.0,0.0,4.0,38,81,17,429,1100.0,5047
21995,1.0,0.0,4.3,860,78,20,1655,1800.0,5047
21996,0.0,1.0,4.2,83,78,37,1015,3000.0,5047
21997,0.0,0.0,4.3,167,78,13,499,750.0,5047
21998,0.0,1.0,4.1,329,15,46,1397,1300.0,5047
21999,1.0,1.0,4.2,476,15,20,1272,1700.0,5047
22000,0.0,0.0,3.9,173,74,20,1196,500.0,5047
22001,1.0,0.0,4.2,402,15,20,544,600.0,5047
22002,1.0,1.0,4.1,774,78,21,29,1200.0,5047
22003,1.0,1.0,4.2,864,15,22,659,1000.0,5047
22004,1.0,0.0,4.3,911,78,20,1013,2000.0,5047
22005,1.0,0.0,4.2,745,15,13,406,750.0,5047
22006,0.0,1.0,3.7,57,78,37,1156,3000.0,5047
22007,1.0,1.0,4.0,189,74,21,1361,1300.0,5047
22008,1.0,0.0,4.0,180,78,20,236,750.0,5047
22009,1.0,0.0,4.2,182,14,20,1151,800.0,5047
22010,0.0,1.0,4.1,126,78,20,644,2000.0,5047
22011,1.0,1.0,4.0,380,15,20,1243,850.0,5047
22012,1.0,0.0,3.7,162,15,20,604,700.0,5047
22013,1.0,0.0,4.0,111,74,20,1258,700.0,5047
22014,1.0,0.0,3.4,207,15,20,524,600.0,5047
22015,0.0,0.0,4.1,405,15,20,1378,750.0,5047
22016,1.0,0.0,3.7,111,74,20,1136,700.0,5047
22017,1.0,1.0,3.8,91,15,20,1429,1800.0,5047
22018,0.0,0.0,3.4,225,14,62,1640,300.0,5047
22019,0.0,1.0,3.8,110,61,20,1570,1600.0,5047
22020,1.0,0.0,3.9,116,78,62,1156,150.0,5047
22021,0.0,0.0,3.7,45,61,20,602,900.0,5047
22022,0.0,0.0,3.6,62,74,20,1423,450.0,5047
22023,0.0,1.0,4.0,141,85,4,899,1000.0,5047
22024,0.0,0.0,4.0,109,15,62,1080,400.0,5047
22025,0.0,0.0,3.9,82,51,20,602,450.0,5047
22026,1.0,0.0,3.8,59,14,69,853,300.0,5047
22027,0.0,0.0,4.3,205,51,62,1547,150.0,5047
22028,0.0,1.0,3.7,64,4,4,878,2200.0,5047
22029,1.0,0.0,3.8,33,78,62,1551,200.0,5047
22030,0.0,0.0,4.5,207,13,62,1547,200.0,5047
22031,1.0,0.0,2.8,303,14,20,235,500.0,5047
22032,1.0,0.0,3.8,75,85,20,672,1000.0,5047
22033,0.0,1.0,4.1,100,78,46,887,2400.0,5047
22034,0.0,0.0,3.9,77,14,62,1547,150.0,5047
22035,1.0,0.0,4.1,80,14,64,864,350.0,5047
22036,0.0,0.0,3.0,33,14,62,1563,400.0,5047
22037,0.0,0.0,3.3,42,13,62,1617,400.0,5047
22038,0.0,0.0,4.0,54,15,62,1112,400.0,5047
22039,0.0,0.0,4.2,116,78,22,1074,1000.0,5047
22040,0.0,0.0,3.8,99,78,13,420,600.0,5047
22041,1.0,0.0,3.9,157,85,20,1196,450.0,5047
22042,0.0,1.0,3.9,158,15,20,1446,1100.0,5047
22043,1.0,0.0,3.5,47,85,20,1547,450.0,5047
22044,1.0,0.0,3.4,48,78,62,1156,300.0,5047
22045,0.0,0.0,3.7,32,14,20,1335,800.0,5047
22046,0.0,0.0,3.8,52,85,62,1547,150.0,5047
22047,0.0,0.0,4.1,399,74,62,1178,300.0,5047
22048,0.0,0.0,3.8,38,14,62,531,300.0,5047
22049,1.0,0.0,3.9,147,15,62,1476,600.0,5047
22050,0.0,1.0,4.3,502,65,54,1124,2000.0,5047
22051,0.0,1.0,4.4,4616,49,46,156,1700.0,5047
22052,0.0,1.0,4.4,409,8,54,139,1500.0,5047
22053,0.0,0.0,4.6,4048,65,54,647,1500.0,5047
22054,0.0,1.0,4.3,2240,65,55,694,1700.0,5047
22055,0.0,1.0,4.4,232,65,5,125,1200.0,5047
22056,0.0,1.0,4.2,479,65,46,878,3000.0,5047
22057,0.0,1.0,4.1,104,65,57,664,1000.0,5047
22058,0.0,0.0,4.0,521,65,4,1235,1000.0,5047
22059,0.0,0.0,3.7,298,65,57,1296,1000.0,5047
22060,0.0,0.0,4.0,95,65,46,878,2000.0,5047
22061,0.0,1.0,4.2,3140,48,46,624,2500.0,5047
22062,0.0,1.0,4.4,895,48,37,148,3000.0,5047
22063,1.0,1.0,4.4,2247,48,39,1014,3000.0,5047
22064,0.0,0.0,4.5,1611,8,21,1547,1500.0,5047
22065,0.0,1.0,4.4,409,8,54,139,1500.0,5047
22066,1.0,1.0,4.1,2181,8,27,539,2000.0,5047
22067,0.0,0.0,4.4,2435,48,25,1124,1500.0,5047
22068,0.0,1.0,4.5,5294,76,21,5,2500.0,5047
22069,1.0,1.0,4.5,1260,76,21,146,1700.0,5047
22070,0.0,1.0,4.4,2055,48,21,927,1200.0,5047
22071,1.0,1.0,4.4,3730,48,23,1464,1300.0,5047
22072,0.0,0.0,4.2,651,76,60,671,1300.0,5047
22073,1.0,1.0,4.3,3498,48,61,646,1700.0,5047
22074,0.0,1.0,4.2,1476,49,60,667,1500.0,5047
22075,0.0,0.0,4.3,1052,48,46,1114,1500.0,5047
22076,0.0,1.0,4.3,612,27,21,149,2500.0,5047
22077,1.0,1.0,4.4,504,76,5,1124,1900.0,5047
22078,0.0,1.0,4.3,2749,8,5,718,1300.0,5047
22079,0.0,0.0,4.3,1749,12,46,711,1300.0,5047
22080,0.0,1.0,4.4,152,48,21,1225,1000.0,5047
22081,0.0,1.0,4.2,265,8,57,31,1500.0,5047
22082,0.0,0.0,4.3,2286,12,5,885,1100.0,5047
22083,0.0,1.0,4.3,301,76,5,1104,1200.0,5047
22084,0.0,1.0,4.2,228,49,60,690,1000.0,5047
22085,1.0,1.0,4.2,2292,76,21,815,1400.0,5047
22086,0.0,0.0,4.2,1359,12,57,697,1100.0,5047
22087,1.0,1.0,4.0,941,12,21,22,1000.0,5047
22088,1.0,1.0,4.2,416,8,5,892,1600.0,5047
22089,0.0,1.0,3.9,685,12,21,1559,1200.0,5047
22090,0.0,0.0,4.2,2034,73,26,26,1200.0,5047
22091,0.0,1.0,4.2,551,49,26,1404,1500.0,5047
22092,0.0,1.0,4.1,559,8,60,878,1100.0,5047
22093,0.0,0.0,3.9,952,8,57,1196,1100.0,5047
22094,1.0,0.0,4.1,1221,8,4,663,2000.0,5047
22095,0.0,0.0,4.2,38,66,4,897,2000.0,5047
22096,0.0,0.0,4.1,1546,48,57,760,1200.0,5047
22097,0.0,1.0,4.1,612,49,27,624,2800.0,5047
22098,0.0,0.0,3.8,625,49,46,1254,3000.0,5047
22099,0.0,0.0,2.0,402,8,46,878,1500.0,5047
22100,0.0,1.0,4.0,752,12,57,886,1100.0,5047
22101,0.0,0.0,3.9,190,76,4,878,600.0,5047
22102,0.0,0.0,2.6,409,49,57,1196,1000.0,5047
22103,0.0,0.0,3.9,235,47,5,996,1000.0,5047
22104,0.0,1.0,4.0,196,49,47,1368,3000.0,5047
22105,0.0,1.0,3.8,73,73,4,723,1200.0,5047
22106,0.0,0.0,3.9,73,48,46,1621,2500.0,5047
22107,0.0,1.0,4.2,264,49,21,1661,1500.0,5047
22108,1.0,1.0,4.7,4845,15,59,1458,1300.0,5047
22109,0.0,1.0,4.1,329,15,46,1397,1300.0,5047
22110,0.0,1.0,4.0,140,85,4,899,1000.0,5047
22111,0.0,1.0,3.7,64,4,4,878,2200.0,5047
22112,0.0,1.0,4.1,100,78,46,887,2400.0,5047
22113,1.0,1.0,4.4,1476,71,54,894,1500.0,5047
22114,0.0,1.0,4.1,282,6,20,155,2000.0,5047
22115,1.0,1.0,4.3,4139,71,21,1527,1400.0,5047
22116,0.0,1.0,4.7,1018,71,20,813,1600.0,5047
22117,1.0,1.0,4.2,1060,71,20,130,1300.0,5047
22118,0.0,1.0,4.5,200,71,5,910,1800.0,5047
22119,0.0,0.0,3.9,1228,71,20,1363,1100.0,5047
22120,1.0,1.0,4.3,733,71,20,1002,1500.0,5047
22121,1.0,1.0,4.0,977,71,57,669,1500.0,5047
22122,1.0,0.0,4.2,774,71,20,1494,500.0,5047
22123,0.0,0.0,3.0,197,71,20,1196,700.0,5047
22124,0.0,1.0,3.9,52,71,46,766,1900.0,5047
22125,0.0,1.0,4.0,3056,6,20,1398,1000.0,5047
22126,1.0,1.0,4.4,2232,6,5,1227,1400.0,5047
22127,0.0,1.0,3.9,291,6,20,1440,1500.0,5047
22128,1.0,0.0,4.0,468,6,20,1156,1200.0,5047
22129,0.0,1.0,4.3,766,53,37,741,2500.0,5047
22130,1.0,1.0,3.9,406,6,4,282,1500.0,5047
22131,0.0,1.0,3.6,259,6,46,1397,1500.0,5047
22132,1.0,1.0,4.1,1696,6,21,1156,1100.0,5047
22133,1.0,1.0,3.7,37,6,20,589,1500.0,5047
22134,0.0,0.0,3.0,120,6,20,1345,1000.0,5047
22135,0.0,0.0,3.5,95,6,20,556,700.0,5047
22136,0.0,0.0,3.0,155,6,20,1181,800.0,5047
22137,1.0,0.0,4.3,591,71,33,955,500.0,5047
22138,1.0,0.0,4.3,901,71,62,850,600.0,5047
22139,1.0,0.0,4.3,160,71,13,473,800.0,5047
22140,1.0,0.0,3.9,66,71,17,433,600.0,5047
22141,1.0,0.0,4.0,138,71,13,332,500.0,5047
22142,1.0,0.0,4.0,34,71,13,497,200.0,413
22143,1.0,0.0,3.6,44,71,13,417,600.0,5047
22144,1.0,0.0,4.2,510,71,13,411,800.0,5047
22145,1.0,0.0,4.0,109,6,13,450,400.0,4813
22146,1.0,0.0,3.6,136,6,3,192,600.0,2087
22147,0.0,0.0,3.7,47,6,13,332,500.0,5047
22148,1.0,1.0,4.0,348,6,13,374,1000.0,5047
22149,1.0,0.0,4.4,650,6,29,929,500.0,4241
22150,1.0,0.0,3.4,425,53,62,1196,400.0,5047
22151,1.0,0.0,3.9,150,6,20,1186,650.0,72
22152,1.0,0.0,4.2,170,6,72,1392,500.0,5047
22153,1.0,0.0,3.3,120,17,29,639,450.0,5047
22154,1.0,0.0,3.8,244,6,62,1597,200.0,2715
22155,1.0,0.0,2.9,321,6,62,1196,450.0,5047
22156,1.0,0.0,4.3,300,71,29,1340,400.0,5047
22157,1.0,0.0,3.8,234,53,62,197,300.0,5047
22158,1.0,0.0,2.9,254,6,62,1196,400.0,5047
22159,1.0,0.0,3.9,79,71,62,322,500.0,5047
22160,1.0,0.0,3.8,71,53,62,227,200.0,5047
22161,1.0,0.0,4.0,795,22,62,1247,500.0,5047
22162,1.0,0.0,3.9,1246,6,20,1288,500.0,5047
22163,1.0,0.0,4.1,163,6,69,1121,400.0,5047
22164,1.0,0.0,3.6,103,22,62,1235,400.0,74
22165,1.0,0.0,3.8,184,22,62,591,400.0,3860
22166,1.0,0.0,3.4,52,71,62,282,600.0,5047
22167,1.0,0.0,4.0,90,6,62,1589,300.0,5047
22168,1.0,0.0,4.1,167,6,72,1465,600.0,5047
22169,1.0,0.0,4.0,323,22,12,821,250.0,3731
22170,1.0,0.0,3.8,71,53,62,1589,400.0,5047
22171,1.0,0.0,4.0,856,71,29,271,650.0,5047
22172,1.0,0.0,3.2,393,71,62,322,450.0,5047
22173,1.0,0.0,3.6,710,6,20,1523,600.0,5047
22174,1.0,0.0,3.8,137,71,20,1589,400.0,3806
22175,1.0,0.0,3.9,266,6,20,1156,950.0,5047
22176,1.0,0.0,4.0,365,71,29,235,650.0,5047
22177,1.0,0.0,3.9,78,6,2,181,500.0,5047
22178,1.0,0.0,3.9,101,6,62,1033,200.0,5047
22179,1.0,0.0,4.0,88,71,30,792,400.0,5047
22180,1.0,0.0,4.0,63,6,62,1156,200.0,279
22181,1.0,0.0,4.3,229,71,29,28,600.0,3431
22182,1.0,0.0,3.5,112,71,62,856,350.0,5047
22183,1.0,0.0,4.1,90,71,29,1113,600.0,5047
22184,1.0,0.0,4.0,468,6,20,1156,1200.0,5047
22185,1.0,0.0,2.9,833,71,20,113,800.0,5047
22186,1.0,0.0,4.2,240,71,62,220,150.0,5047
22187,1.0,0.0,3.6,409,6,20,1597,500.0,151
22188,1.0,0.0,4.6,1324,71,5,32,1500.0,5047
22189,1.0,0.0,3.9,79,22,62,84,300.0,5047
22190,1.0,0.0,4.2,506,6,2,185,500.0,5047
22191,1.0,0.0,3.6,57,6,29,42,400.0,5047
22192,1.0,1.0,4.4,139,71,20,1081,700.0,5047
22193,1.0,0.0,3.3,36,6,20,263,800.0,5047
22194,1.0,0.0,3.5,237,22,62,1600,400.0,2688
22195,1.0,0.0,4.0,109,6,13,450,400.0,5047
22196,1.0,0.0,3.9,65,71,62,1628,100.0,5047
22197,1.0,0.0,4.1,105,22,62,1335,800.0,5047
22198,1.0,0.0,3.9,70,71,29,918,600.0,5047
22199,1.0,0.0,3.9,179,6,2,181,300.0,5047
22200,1.0,0.0,4.1,74,6,72,1628,100.0,5047
22201,1.0,0.0,4.1,64,6,9,217,600.0,5047
22202,1.0,0.0,3.9,231,71,29,1296,500.0,2850
22203,1.0,0.0,2.9,114,6,62,1501,400.0,5047
22204,1.0,1.0,3.9,44,71,62,305,500.0,5047
22205,1.0,0.0,3.2,263,71,20,1448,450.0,5047
22206,1.0,1.0,4.1,1073,22,21,992,1200.0,5047
22207,1.0,0.0,3.9,115,22,62,323,600.0,5047
22208,1.0,1.0,4.0,822,22,13,462,700.0,5047
22209,1.0,0.0,2.7,82,6,20,117,800.0,5047
22210,1.0,0.0,3.8,215,22,62,1027,200.0,5047
22211,1.0,0.0,3.6,44,71,13,417,600.0,5047
22212,1.0,0.0,3.9,171,71,29,1190,500.0,5047
22213,1.0,0.0,2.9,166,6,68,1455,250.0,5047
22214,1.0,0.0,4.0,72,22,69,1121,200.0,5047
22215,1.0,0.0,4.1,172,6,62,1267,450.0,5047
22216,1.0,0.0,3.1,142,53,20,1423,450.0,5047
22217,1.0,0.0,3.2,205,71,20,1185,500.0,5047
22218,1.0,0.0,3.3,296,71,62,1055,400.0,5047
22219,1.0,0.0,4.1,273,6,20,528,800.0,5047
22220,1.0,0.0,4.0,201,22,29,1465,800.0,5047
22221,1.0,1.0,4.4,898,71,20,1065,1400.0,5047
22222,1.0,0.0,3.9,77,6,17,433,600.0,5047
22223,1.0,0.0,4.2,57,71,62,1453,300.0,5047
22224,1.0,0.0,3.6,262,6,62,322,500.0,5047
22225,0.0,0.0,3.7,134,6,62,817,200.0,5047
22226,1.0,0.0,3.7,49,6,62,1156,400.0,5047
22227,1.0,0.0,3.1,100,71,62,1573,250.0,2679
22228,1.0,0.0,3.7,47,6,30,773,900.0,5047
22229,1.0,0.0,3.6,97,71,62,1196,300.0,5047
22230,1.0,0.0,3.4,86,6,62,1628,200.0,5047
22231,1.0,0.0,3.8,36,71,29,181,500.0,5047
22232,1.0,0.0,3.1,150,71,62,1474,750.0,5047
22233,1.0,0.0,4.1,573,22,13,348,600.0,5047
22234,0.0,0.0,4.2,281,71,70,1117,400.0,5047
22235,1.0,0.0,4.1,1036,22,20,1156,500.0,5047
22236,1.0,0.0,4.0,545,6,62,1196,300.0,5047
22237,1.0,0.0,2.8,92,6,62,873,350.0,5047
22238,1.0,0.0,3.7,182,6,62,1445,400.0,5047
22239,1.0,0.0,4.1,130,22,30,773,350.0,5047
22240,1.0,0.0,3.8,35,6,29,1267,450.0,5047
22241,1.0,0.0,4.0,34,71,13,497,200.0,847
22242,1.0,0.0,4.1,262,71,20,1451,700.0,5047
22243,1.0,0.0,3.8,55,53,62,1386,400.0,5047
22244,1.0,1.0,3.7,192,71,20,98,800.0,5047
22245,1.0,0.0,3.8,430,6,20,238,900.0,5047
22246,1.0,0.0,3.7,2192,6,20,1402,750.0,5047
22247,1.0,0.0,3.9,172,22,29,1156,400.0,5047
22248,1.0,0.0,3.6,136,6,3,192,600.0,5047
22249,1.0,0.0,3.7,833,53,20,286,700.0,5047
22250,1.0,0.0,3.0,137,75,71,1341,650.0,5047
22251,1.0,0.0,3.8,179,71,20,732,1000.0,5047
22252,1.0,0.0,4.0,120,22,12,217,500.0,5047
22253,1.0,0.0,4.0,58,6,30,956,300.0,5047
22254,1.0,0.0,3.8,45,71,62,962,200.0,5047
22255,1.0,0.0,3.6,78,71,62,1196,500.0,5047
22256,1.0,0.0,3.8,72,6,45,956,300.0,5047
22257,1.0,0.0,2.9,187,6,20,1161,800.0,5047
22258,1.0,0.0,3.9,229,71,20,286,800.0,5047
22259,1.0,0.0,3.8,123,53,72,1070,150.0,5047
22260,1.0,0.0,2.9,289,6,20,1476,500.0,5047
22261,1.0,0.0,4.0,218,6,62,235,400.0,5047
22262,1.0,0.0,3.7,136,71,62,302,300.0,5047
22263,1.0,1.0,4.4,3859,22,22,1468,600.0,5047
22264,1.0,0.0,4.1,97,71,29,1156,300.0,3226
22265,1.0,0.0,3.7,53,71,29,282,600.0,5047
22266,1.0,0.0,4.0,918,6,20,236,750.0,5047
22267,1.0,0.0,3.8,83,71,0,181,300.0,5047
22268,1.0,0.0,4.0,138,71,13,332,500.0,5047
22269,0.0,0.0,3.9,88,71,62,1112,400.0,5047
22270,1.0,0.0,3.7,132,53,20,1156,750.0,5047
22271,1.0,0.0,3.3,200,6,62,1382,450.0,5047
22272,1.0,0.0,2.8,191,22,20,1196,400.0,5047
22273,1.0,1.0,3.8,206,71,20,1156,800.0,5047
22274,1.0,0.0,3.9,434,71,29,1181,450.0,5047
22275,1.0,0.0,4.3,273,71,0,184,750.0,5047
22276,1.0,0.0,3.8,51,71,20,1531,600.0,5047
22277,1.0,1.0,4.3,1499,71,21,811,1300.0,5047
22278,1.0,0.0,3.7,61,22,62,108,400.0,5047
22279,1.0,1.0,4.3,4139,71,21,1527,1400.0,5047
22280,1.0,1.0,4.2,1034,6,20,722,1200.0,5047
22281,1.0,0.0,2.3,240,6,20,1156,800.0,5047
22282,1.0,1.0,4.2,1060,71,20,130,1300.0,5047
22283,1.0,1.0,4.9,16832,71,52,740,1600.0,5047
22284,1.0,1.0,4.6,1534,6,21,40,1800.0,5047
22285,1.0,0.0,4.2,774,71,20,1494,500.0,5047
22286,1.0,0.0,3.9,103,22,30,956,450.0,5047
22287,1.0,0.0,4.0,176,53,62,817,400.0,5047
22288,1.0,1.0,3.8,165,6,20,527,600.0,5047
22289,1.0,0.0,3.7,311,22,20,197,600.0,5047
22290,1.0,1.0,4.4,1476,71,54,894,1500.0,5047
22291,1.0,0.0,3.6,489,22,16,476,700.0,5047
22292,1.0,0.0,4.3,901,71,62,850,600.0,5047
22293,1.0,0.0,4.1,446,22,13,394,800.0,5047
22294,0.0,1.0,4.3,1764,71,54,689,1500.0,5047
22295,1.0,0.0,3.9,373,6,20,1382,600.0,5047
22296,1.0,0.0,4.2,51,6,62,1030,250.0,5047
22297,1.0,1.0,4.4,3133,53,21,1350,1500.0,5047
22298,1.0,0.0,4.0,672,22,20,124,800.0,5047
22299,1.0,0.0,4.0,411,22,20,604,850.0,5047
22300,1.0,0.0,3.7,162,71,20,1033,500.0,5047
22301,1.0,0.0,4.3,588,6,20,1124,1800.0,5047
22302,1.0,0.0,2.4,438,22,20,521,1000.0,5047
22303,1.0,1.0,4.1,1696,6,21,1156,1100.0,5047
22304,1.0,0.0,4.3,591,71,33,955,500.0,5047
22305,1.0,1.0,4.1,491,71,20,63,900.0,5047
22306,1.0,1.0,4.3,733,71,20,1002,1500.0,5047
22307,0.0,0.0,4.1,317,71,20,1209,600.0,5047
22308,1.0,0.0,3.0,321,71,62,1356,500.0,5047
22309,1.0,1.0,4.0,577,22,20,1375,1000.0,5047
22310,0.0,1.0,4.6,142,71,20,1512,1500.0,5047
22311,1.0,0.0,3.9,234,22,30,789,500.0,5047
22312,1.0,0.0,2.6,156,71,20,1354,700.0,5047
22313,1.0,0.0,3.4,61,71,62,1327,250.0,5047
22314,1.0,0.0,2.8,98,6,20,1387,500.0,5047
22315,1.0,1.0,4.0,348,6,13,374,1000.0,5047
22316,1.0,0.0,3.6,116,71,20,1145,700.0,5047
22317,1.0,0.0,3.1,117,71,20,1196,550.0,5047
22318,0.0,0.0,4.2,1385,22,21,742,1100.0,5047
22319,0.0,0.0,4.0,248,6,20,1156,1200.0,5047
22320,1.0,0.0,3.2,44,71,62,1476,600.0,5047
22321,1.0,0.0,3.8,380,6,29,1156,600.0,5047
22322,1.0,0.0,3.8,70,71,62,100,500.0,5047
22323,1.0,1.0,3.9,406,6,4,282,1500.0,5047
22324,1.0,1.0,4.2,345,53,20,170,1700.0,5047
22325,0.0,0.0,3.5,54,71,5,1196,900.0,5047
22326,1.0,0.0,3.3,215,71,20,1197,600.0,5047
22327,1.0,0.0,3.2,127,6,62,1156,400.0,5047
22328,1.0,1.0,4.1,332,71,26,3,1200.0,5047
22329,1.0,0.0,4.1,251,71,20,615,800.0,5047
22330,1.0,0.0,3.9,1252,22,21,1102,1400.0,5047
22331,1.0,1.0,4.4,2232,6,5,1227,1400.0,5047
22332,1.0,0.0,4.3,160,71,13,473,800.0,5047
22333,1.0,0.0,2.9,242,71,62,1268,300.0,5047
22334,1.0,0.0,3.7,48,6,45,1496,400.0,5047
22335,1.0,1.0,4.2,7330,71,56,705,1400.0,5047
22336,1.0,0.0,4.2,858,6,26,800,1700.0,5047
22337,1.0,0.0,3.9,342,22,62,1196,500.0,5047
22338,0.0,1.0,4.0,3056,6,20,1398,1000.0,5047
22339,1.0,1.0,4.0,977,71,57,669,1500.0,5047
22340,0.0,1.0,4.0,120,71,20,1196,1000.0,5047
22341,1.0,0.0,3.7,66,6,20,1185,550.0,5047
22342,1.0,0.0,3.8,111,71,71,1547,200.0,5047
22343,0.0,0.0,3.6,94,53,13,360,700.0,5047
22344,1.0,0.0,3.6,76,6,72,83,300.0,5047
22345,1.0,0.0,3.2,136,71,62,258,400.0,5047
22346,1.0,0.0,3.9,149,22,30,789,500.0,5047
22347,0.0,0.0,2.7,344,71,20,43,600.0,5047
22348,1.0,0.0,3.7,512,38,29,1423,500.0,5047
22349,0.0,0.0,3.0,197,71,20,1196,700.0,5047
22350,1.0,0.0,3.5,358,6,29,1196,500.0,3011
22351,1.0,1.0,3.7,37,6,20,589,1500.0,5047
22352,1.0,0.0,3.0,106,6,62,1196,500.0,5047
22353,0.0,0.0,3.5,38,71,20,1583,500.0,5047
22354,1.0,0.0,3.8,36,71,29,1156,400.0,5047
22355,1.0,0.0,4.2,510,71,13,411,800.0,5047
22356,0.0,0.0,3.9,179,71,30,769,300.0,5047
22357,0.0,0.0,3.9,51,71,72,269,400.0,5047
22358,1.0,0.0,3.5,436,38,29,1429,500.0,5047
22359,0.0,0.0,3.5,68,71,62,1156,250.0,5047
22360,0.0,0.0,3.1,41,71,20,1049,600.0,5047
22361,0.0,0.0,2.8,110,71,20,64,800.0,5047
22362,1.0,1.0,3.9,228,53,20,1413,750.0,5047
22363,1.0,0.0,3.9,354,71,29,1209,500.0,5047
22364,1.0,0.0,3.8,81,6,62,1156,300.0,5047
22365,1.0,0.0,3.4,105,22,20,1206,700.0,5047
22366,1.0,0.0,4.2,30,22,29,275,500.0,5047
22367,0.0,0.0,4.0,223,6,20,565,400.0,5047
22368,0.0,0.0,4.1,90,6,30,956,200.0,5047
22369,0.0,0.0,2.3,132,6,20,80,800.0,5047
22370,0.0,0.0,2.8,43,6,62,282,500.0,5047
22371,0.0,0.0,3.5,95,6,20,556,700.0,5047
22372,0.0,0.0,2.1,338,6,20,1156,450.0,5047
22373,0.0,0.0,3.8,63,6,29,856,150.0,5047
22374,0.0,0.0,3.0,155,6,20,1181,800.0,5047
22375,0.0,0.0,3.2,59,6,20,1422,550.0,5047
22376,1.0,0.0,3.8,117,71,72,631,600.0,5047
22377,0.0,0.0,3.2,41,71,20,1249,550.0,5047
22378,0.0,0.0,3.5,134,71,62,868,300.0,5047
22379,1.0,0.0,4.1,111,6,30,769,600.0,5047
22380,0.0,0.0,3.6,123,22,62,1285,300.0,5047
22381,1.0,0.0,4.0,92,22,30,949,100.0,5047
22382,0.0,0.0,3.7,40,22,62,1632,150.0,5047
22383,0.0,0.0,3.8,373,6,20,1409,600.0,5047
22384,0.0,0.0,2.7,39,6,41,1114,330.0,5047
22385,0.0,0.0,3.7,128,6,3,191,600.0,5047
22386,0.0,0.0,3.6,337,6,20,1185,600.0,5047
22387,0.0,0.0,2.8,117,6,41,207,400.0,5047
22388,1.0,0.0,3.9,58,71,30,773,400.0,447
22389,1.0,0.0,4.3,591,71,33,955,500.0,5047
22390,0.0,0.0,4.2,281,71,70,1117,400.0,5047
22391,1.0,0.0,4.3,273,71,0,184,750.0,1830
22392,1.0,0.0,3.9,66,71,17,433,600.0,5047
22393,0.0,0.0,4.3,393,71,30,951,200.0,5047
22394,1.0,0.0,4.0,138,71,13,332,500.0,1396
22395,1.0,0.0,3.8,83,71,0,181,300.0,1733
22396,0.0,0.0,3.7,48,71,30,949,200.0,5047
22397,1.0,0.0,4.2,510,71,13,411,800.0,5047
22398,0.0,0.0,3.9,179,71,30,769,300.0,5047
22399,1.0,0.0,3.8,36,71,29,181,500.0,1610
22400,1.0,0.0,4.0,88,71,30,792,400.0,299
22401,1.0,0.0,3.7,70,71,70,1121,400.0,2869
22402,0.0,0.0,3.9,75,71,30,956,350.0,5047
22403,1.0,0.0,3.9,106,71,11,215,400.0,2539
22404,1.0,0.0,3.9,96,71,0,181,500.0,3970
22405,1.0,0.0,4.2,506,6,2,185,500.0,3793
22406,1.0,0.0,3.9,179,6,2,181,300.0,2088
22407,0.0,0.0,4.1,90,6,30,956,200.0,5047
22408,1.0,0.0,3.9,1246,6,20,1288,500.0,2552
22409,1.0,0.0,2.9,166,6,68,1455,250.0,3715
22410,1.0,0.0,3.9,78,6,2,181,500.0,1929
22411,1.0,0.0,4.1,111,6,30,769,600.0,5047
22412,0.0,0.0,3.7,128,6,3,191,600.0,5047
22413,1.0,0.0,3.7,47,6,30,773,900.0,4056
22414,1.0,0.0,3.8,72,6,45,956,300.0,825
22415,1.0,1.0,4.3,4139,71,21,1527,1400.0,5047
22416,0.0,1.0,4.3,1764,71,54,689,1500.0,5047
22417,1.0,1.0,4.4,1476,71,54,894,1500.0,1488
22418,1.0,1.0,4.9,16832,71,52,740,1600.0,5047
22419,1.0,1.0,4.2,7330,71,56,705,1400.0,5047
22420,1.0,0.0,4.6,1324,71,5,32,1500.0,1527
22421,0.0,1.0,4.4,1558,71,57,707,1900.0,5047
22422,0.0,1.0,4.7,1018,71,20,813,1600.0,5047
22423,0.0,1.0,4.5,2878,71,56,1314,1400.0,5047
22424,1.0,1.0,4.3,1499,71,21,811,1300.0,5047
22425,1.0,1.0,4.2,1060,71,20,130,1300.0,3039
22426,0.0,1.0,4.5,200,71,5,910,1800.0,5047
22427,1.0,1.0,4.4,898,71,20,1065,1400.0,2056
22428,0.0,0.0,4.1,317,71,20,1209,600.0,5047
22429,0.0,0.0,3.9,1228,71,20,1363,1100.0,5047
22430,1.0,1.0,4.3,733,71,20,1002,1500.0,5046
22431,1.0,1.0,4.0,977,71,57,669,1500.0,1171
22432,0.0,1.0,4.6,142,71,20,1512,1500.0,5047
22433,0.0,1.0,4.2,249,71,37,764,2000.0,5047
22434,1.0,0.0,4.3,901,71,62,850,600.0,5047
22435,1.0,1.0,4.4,139,71,20,1081,700.0,3260
22436,1.0,0.0,4.1,262,71,20,1451,700.0,3934
22437,1.0,0.0,3.9,229,71,20,286,800.0,2559
22438,1.0,0.0,4.3,160,71,13,473,800.0,5047
22439,1.0,0.0,4.2,774,71,20,1494,500.0,4054
22440,0.0,0.0,4.2,252,71,62,1327,500.0,5047
22441,1.0,0.0,3.8,355,71,20,604,850.0,4767
22442,1.0,0.0,2.9,833,71,20,113,800.0,1367
22443,1.0,1.0,4.1,332,71,26,3,1200.0,5047
22444,1.0,1.0,4.1,491,71,20,63,900.0,4317
22445,1.0,0.0,3.6,116,71,20,1145,700.0,860
22446,1.0,1.0,3.8,206,71,20,1156,800.0,3671
22447,0.0,1.0,4.0,120,71,20,1196,1000.0,5047
22448,1.0,0.0,3.8,51,71,20,1531,600.0,5047
22449,1.0,0.0,4.1,251,71,20,615,800.0,5047
22450,0.0,0.0,2.7,344,71,20,43,600.0,5047
22451,0.0,0.0,3.0,197,71,20,1196,700.0,5047
22452,1.0,0.0,3.8,137,71,20,1589,400.0,5047
22453,1.0,0.0,4.0,34,71,13,497,200.0,5047
22454,1.0,1.0,3.7,192,71,20,98,800.0,5047
22455,0.0,0.0,3.5,54,71,5,1196,900.0,5047
22456,1.0,0.0,3.3,215,71,20,1197,600.0,5047
22457,1.0,0.0,3.6,44,71,13,417,600.0,5047
22458,1.0,0.0,4.2,510,71,13,411,800.0,5047
22459,1.0,0.0,2.6,156,71,20,1354,700.0,5047
22460,1.0,0.0,3.7,162,71,20,1033,500.0,5047
22461,1.0,0.0,3.7,70,71,70,1121,400.0,5047
22462,1.0,0.0,3.8,179,71,20,732,1000.0,5047
22463,0.0,0.0,3.5,115,71,20,1423,1200.0,5047
22464,0.0,1.0,3.9,52,71,46,766,1900.0,5047
22465,1.0,0.0,3.1,117,71,20,1196,550.0,5047
22466,0.0,0.0,3.5,38,71,20,1583,500.0,5047
22467,0.0,0.0,3.2,41,71,20,1249,550.0,5047
22468,0.0,0.0,3.1,41,71,20,1049,600.0,5047
22469,1.0,0.0,3.2,205,71,20,1185,500.0,1243
22470,1.0,0.0,3.2,263,71,20,1448,450.0,5047
22471,0.0,0.0,2.8,110,71,20,64,800.0,5047
22472,1.0,0.0,4.2,57,71,62,1453,300.0,5047
22473,1.0,0.0,4.2,240,71,62,220,150.0,5047
22474,1.0,1.0,3.9,44,71,62,235,500.0,5047
22475,1.0,0.0,3.9,79,71,62,322,500.0,5047
22476,0.0,0.0,3.9,88,71,62,1112,400.0,5047
22477,1.0,0.0,3.2,393,71,62,322,450.0,5047
22478,0.0,0.0,4.3,393,71,30,951,200.0,5047
22479,1.0,0.0,3.4,52,71,62,282,600.0,5047
22480,1.0,0.0,3.9,65,71,62,1628,100.0,1655
22481,1.0,0.0,3.1,100,71,62,1573,250.0,5047
22482,1.0,0.0,3.7,136,71,62,302,300.0,5047
22483,1.0,0.0,2.7,332,71,62,1474,400.0,5047
22484,1.0,0.0,3.8,70,71,62,100,500.0,5047
22485,1.0,0.0,3.4,61,71,62,1327,250.0,5047
22486,1.0,0.0,2.9,242,71,62,1268,300.0,5047
22487,0.0,0.0,2.1,193,71,62,1547,200.0,5047
22488,1.0,0.0,3.5,112,71,62,856,350.0,4469
22489,1.0,0.0,3.3,296,71,62,1055,400.0,5047
22490,1.0,0.0,4.0,88,71,30,792,400.0,5047
22491,1.0,0.0,3.6,78,71,62,1196,500.0,285
22492,0.0,0.0,3.5,68,71,62,1156,250.0,5047
22493,1.0,0.0,3.2,44,71,62,1476,600.0,5047
22494,1.0,0.0,3.6,97,71,62,1196,300.0,3919
22495,1.0,0.0,3.0,321,71,62,1356,500.0,5047
22496,1.0,0.0,3.2,136,71,62,258,400.0,5047
22497,1.0,0.0,3.1,150,71,62,1474,750.0,5047
22498,1.0,0.0,3.8,175,71,62,84,300.0,5047
22499,0.0,0.0,3.5,134,71,62,868,300.0,5047
22500,0.0,1.0,4.0,3056,6,20,1398,1000.0,5047
22501,1.0,0.0,4.3,588,6,20,1124,1800.0,1682
22502,1.0,0.0,4.2,858,6,26,800,1700.0,5047
22503,1.0,1.0,4.6,1534,6,21,40,1800.0,5047
22504,1.0,1.0,4.4,2232,6,5,1227,1400.0,3295
22505,0.0,1.0,3.9,291,6,20,1440,1500.0,5047
22506,1.0,0.0,4.0,918,6,20,236,750.0,339
22507,1.0,1.0,4.2,1034,6,20,722,1200.0,1640
22508,0.0,0.0,4.2,330,6,20,1156,800.0,5047
22509,0.0,1.0,4.1,282,6,20,155,2000.0,5047
22510,1.0,0.0,4.0,468,6,20,1156,1200.0,841
22511,1.0,0.0,3.9,266,6,20,1156,950.0,5047
22512,0.0,1.0,4.2,515,53,37,1622,2000.0,5047
22513,1.0,0.0,4.1,64,6,9,217,600.0,2286
22514,0.0,1.0,4.3,766,53,37,741,2500.0,5047
22515,0.0,0.0,4.0,223,6,20,565,400.0,5047
22516,0.0,0.0,4.0,233,6,20,1156,700.0,5047
22517,1.0,0.0,3.6,710,6,20,1523,600.0,956
22518,1.0,0.0,3.7,2192,6,20,1402,750.0,2118
22519,1.0,1.0,3.9,406,6,4,282,1500.0,1965
22520,0.0,1.0,3.6,259,6,46,1397,1500.0,5047
22521,1.0,1.0,4.1,1696,6,21,1156,1100.0,5047
22522,0.0,0.0,4.0,248,6,20,1156,1200.0,5047
22523,0.0,0.0,3.8,373,6,20,1409,600.0,5047
22524,1.0,0.0,3.8,430,6,20,238,900.0,5047
22525,1.0,0.0,4.0,109,6,13,450,400.0,4813
22526,1.0,0.0,2.9,289,6,20,1476,500.0,5047
22527,1.0,0.0,3.9,150,6,20,1186,650.0,3561
22528,1.0,0.0,3.9,1246,6,20,1288,500.0,2553
22529,1.0,1.0,3.7,37,6,20,589,1500.0,5047
22530,1.0,0.0,2.9,187,6,20,1161,800.0,3272
22531,0.0,1.0,4.1,109,6,21,1105,1800.0,5047
22532,1.0,0.0,4.1,172,6,62,1267,450.0,5047
22533,0.0,1.0,4.2,712,6,27,1196,1400.0,5047
22534,1.0,1.0,3.8,165,6,20,527,600.0,5047
22535,1.0,0.0,3.0,106,6,62,1196,500.0,5047
22536,1.0,0.0,3.9,125,6,62,1156,200.0,595
22537,1.0,0.0,2.7,82,6,20,117,800.0,222
22538,1.0,0.0,4.0,90,6,62,1589,300.0,99
22539,1.0,0.0,3.6,394,6,62,1247,500.0,5047
22540,1.0,0.0,4.0,545,6,62,1196,300.0,5047
22541,1.0,0.0,3.7,66,6,20,1185,550.0,5047
22542,1.0,0.0,4.0,218,6,62,235,400.0,5047
22543,1.0,0.0,3.3,36,6,20,263,800.0,2668
22544,1.0,0.0,2.8,98,6,20,1387,500.0,5047
22545,1.0,0.0,4.0,63,6,62,1156,200.0,5047
22546,0.0,0.0,3.0,120,6,20,1345,1000.0,5047
22547,1.0,0.0,3.2,127,6,62,1156,400.0,5047
22548,1.0,0.0,2.9,166,6,68,1455,250.0,2466
22549,1.0,0.0,3.9,78,6,2,181,500.0,1929
22550,1.0,0.0,3.8,81,6,62,1156,300.0,5047
22551,1.0,0.0,2.9,254,6,62,1196,400.0,5047
22552,0.0,0.0,3.6,337,6,20,1185,600.0,5047
22553,0.0,1.0,3.9,125,53,46,806,2500.0,5047
22554,1.0,0.0,3.9,101,6,62,1033,200.0,5047
22555,1.0,0.0,3.6,262,6,62,322,500.0,4137
22556,1.0,0.0,3.3,200,6,62,1382,450.0,5047
22557,0.0,0.0,2.3,132,6,20,80,800.0,5047
22558,1.0,0.0,2.8,92,6,62,873,350.0,3146
22559,0.0,0.0,3.7,134,6,62,817,200.0,5047
22560,0.0,0.0,3.5,95,6,20,556,700.0,5047
22561,0.0,0.0,2.7,39,6,41,1114,330.0,5047
22562,1.0,0.0,3.4,86,6,62,1628,200.0,5047
22563,1.0,0.0,3.7,49,6,62,1156,400.0,5047
22564,0.0,0.0,3.7,128,6,3,191,600.0,5047
22565,1.0,0.0,4.2,51,6,62,1030,250.0,5047
22566,1.0,0.0,3.7,48,6,45,1496,400.0,5047
22567,1.0,0.0,3.8,244,6,62,1597,200.0,3172
22568,0.0,0.0,3.7,47,6,13,332,500.0,5047
22569,0.0,0.0,2.1,338,6,20,1156,450.0,5047
22570,0.0,0.0,2.8,43,6,62,282,500.0,5047
22571,1.0,0.0,3.7,182,6,62,1445,400.0,5047
22572,0.0,0.0,3.0,155,6,20,1181,800.0,5047
22573,0.0,0.0,3.2,59,6,20,1422,550.0,5047
22574,0.0,0.0,2.8,117,6,41,207,400.0,5047
22575,0.0,0.0,2.6,270,6,20,1196,400.0,5047
22576,1.0,0.0,3.9,373,6,20,1382,600.0,1278
22577,1.0,1.0,4.0,348,6,13,374,1000.0,453
22578,1.0,0.0,2.9,321,6,62,1196,450.0,3914
22579,1.0,0.0,2.9,114,6,62,1501,400.0,3547
22580,1.0,0.0,2.3,240,6,20,1156,800.0,5047
22581,0.0,1.0,4.3,1764,71,54,689,1500.0,5047
22582,1.0,1.0,4.4,2232,6,5,1227,1400.0,3295
22583,0.0,1.0,4.5,2878,71,56,1314,1400.0,5047
22584,1.0,1.0,4.9,16832,71,52,740,1600.0,5047
22585,1.0,1.0,4.2,7330,71,56,705,1400.0,3367
22586,1.0,0.0,4.6,1324,71,5,32,1500.0,1527
22587,0.0,1.0,4.4,1558,71,57,707,1900.0,5047
22588,1.0,1.0,4.4,1476,71,54,894,1500.0,1487
22589,1.0,1.0,4.3,1499,71,21,811,1300.0,2756
22590,1.0,1.0,4.0,977,71,57,669,1500.0,1171
22591,1.0,1.0,4.1,332,71,26,3,1200.0,5047
22592,0.0,0.0,3.5,54,71,5,1196,900.0,5047
22593,0.0,1.0,4.0,3056,6,20,1398,1000.0,5047
22594,1.0,0.0,4.2,858,6,26,800,1700.0,367
22595,1.0,1.0,3.9,406,6,4,282,1500.0,1965
22596,0.0,1.0,3.6,259,6,46,1397,1500.0,5047
22597,0.0,1.0,4.1,109,6,21,1105,1800.0,5047
22598,0.0,1.0,4.2,712,6,27,1196,1400.0,5047
22599,0.0,1.0,3.9,125,53,46,806,2500.0,5047
22600,1.0,1.0,4.0,977,71,57,669,1500.0,1171
22601,0.0,1.0,4.5,2878,71,56,1314,1400.0,5047
22602,0.0,1.0,4.1,109,6,21,1105,1800.0,5047
22603,1.0,1.0,4.2,7330,71,56,705,1400.0,3367
22604,1.0,1.0,4.3,4139,71,21,1527,1400.0,838
22605,1.0,0.0,4.6,1324,71,5,32,1500.0,1527
22606,0.0,1.0,4.4,1558,71,57,707,1900.0,5047
22607,1.0,1.0,4.3,1499,71,21,811,1300.0,2756
22608,0.0,1.0,4.5,200,71,5,910,1800.0,5047
22609,1.0,1.0,4.1,332,71,26,3,1200.0,5047
22610,0.0,0.0,3.5,54,71,5,1196,900.0,5047
22611,1.0,0.0,4.2,858,6,26,800,1700.0,367
22612,1.0,1.0,4.6,1534,6,21,40,1800.0,3455
22613,1.0,1.0,4.4,2232,6,5,1227,1400.0,3295
22614,1.0,1.0,3.9,406,6,4,282,1500.0,1965
22615,1.0,1.0,4.1,1696,6,21,1156,1100.0,1887
22616,0.0,0.0,4.2,1012,84,13,332,700.0,5047
22617,1.0,1.0,4.5,755,84,17,9,900.0,5047
22618,1.0,0.0,4.3,590,84,13,470,550.0,5047
22619,1.0,1.0,4.2,815,84,1,179,600.0,5047
22620,1.0,1.0,4.3,473,84,22,1316,1400.0,1688
22621,1.0,0.0,4.3,549,84,33,955,500.0,5047
22622,1.0,1.0,4.1,868,84,22,478,900.0,5047
22623,1.0,1.0,3.7,837,84,22,1029,1100.0,5047
22624,1.0,0.0,4.4,390,84,33,783,700.0,1651
22625,0.0,1.0,4.2,519,84,22,573,2000.0,5047
22626,1.0,1.0,4.4,2110,84,22,1468,600.0,5047
22627,1.0,0.0,3.1,186,84,35,779,600.0,5047
22628,0.0,0.0,4.2,842,84,13,462,1000.0,5047
22629,1.0,1.0,3.9,1649,84,22,1624,900.0,5047
22630,1.0,0.0,4.0,158,84,13,332,700.0,5047
22631,0.0,0.0,3.9,104,84,13,332,350.0,5047
22632,1.0,0.0,3.8,124,84,1,183,400.0,5047
22633,1.0,0.0,3.6,45,84,13,332,650.0,5047
22634,0.0,0.0,3.9,58,84,1,177,400.0,5047
22635,1.0,0.0,3.7,106,84,65,370,400.0,5047
22636,0.0,0.0,3.9,89,84,13,396,700.0,5047
22637,1.0,0.0,3.6,57,25,13,374,1000.0,475
22638,1.0,0.0,3.9,770,84,20,238,800.0,3533
22639,1.0,0.0,4.4,1059,84,29,929,500.0,4292
22640,1.0,0.0,4.0,59,80,72,869,300.0,2113
22641,1.0,0.0,4.2,405,84,29,1156,400.0,5047
22642,1.0,1.0,3.9,1140,84,20,114,750.0,5047
22643,1.0,0.0,4.0,1972,84,62,323,600.0,5047
22644,1.0,0.0,3.7,89,80,72,1518,250.0,2198
22645,1.0,0.0,3.5,181,80,72,1056,400.0,2116
22646,1.0,1.0,4.3,2003,84,20,1166,700.0,2367
22647,1.0,0.0,3.9,125,84,29,1001,600.0,5047
22648,1.0,0.0,3.9,911,84,29,1156,400.0,1948
22649,1.0,0.0,3.7,296,80,72,273,400.0,5047
22650,1.0,0.0,3.6,298,84,62,666,400.0,3834
22651,1.0,0.0,4.1,342,53,68,1643,200.0,5047
22652,1.0,0.0,3.2,55,84,62,1176,300.0,4673
22653,1.0,0.0,3.8,184,84,62,1328,400.0,3554
22654,1.0,0.0,4.1,222,80,45,1644,250.0,5047
22655,1.0,0.0,4.0,184,84,0,181,500.0,5047
22656,1.0,0.0,4.0,181,84,0,181,500.0,1649
22657,1.0,1.0,4.0,364,84,20,1053,700.0,955
22658,1.0,0.0,4.2,79,84,72,1392,500.0,1956
22659,1.0,0.0,4.5,187,84,41,956,400.0,4559
22660,1.0,1.0,3.8,88,84,62,1593,300.0,3562
22661,1.0,1.0,4.4,2110,84,22,1468,600.0,2204
22662,1.0,1.0,3.9,487,84,20,1375,800.0,2857
22663,1.0,0.0,3.8,120,84,62,1498,450.0,239
22664,1.0,1.0,4.0,1688,84,20,294,800.0,3338
22665,1.0,0.0,3.7,53,84,62,1196,350.0,1069
22666,1.0,0.0,3.5,325,84,62,322,450.0,5047
22667,1.0,0.0,2.8,1884,9,20,110,750.0,1330
22668,1.0,0.0,3.7,173,84,62,238,550.0,5047
22669,1.0,0.0,3.8,195,9,62,817,200.0,5047
22670,1.0,0.0,3.9,117,9,20,1162,800.0,968
22671,1.0,0.0,4.0,783,9,62,1110,600.0,5047
22672,1.0,0.0,3.7,492,25,62,1474,750.0,5047
22673,1.0,0.0,3.1,160,9,62,1209,450.0,5047
22674,1.0,0.0,4.0,132,84,62,1209,400.0,5047
22675,1.0,0.0,3.9,167,84,29,1033,300.0,5047
22676,1.0,0.0,4.0,206,84,62,1190,500.0,1014
22677,1.0,0.0,2.9,145,25,72,1156,400.0,5047
22678,1.0,0.0,4.0,68,84,29,1465,800.0,2171
22679,1.0,0.0,4.0,183,84,29,235,650.0,1993
22680,1.0,1.0,4.6,595,84,20,1,1000.0,5047
22681,1.0,0.0,4.2,166,84,72,1465,600.0,228
22682,1.0,0.0,2.5,129,84,20,1201,500.0,5047
22683,1.0,0.0,4.2,125,9,30,789,400.0,5047
22684,1.0,0.0,4.1,126,25,0,181,500.0,5047
22685,1.0,0.0,2.9,550,84,20,1036,500.0,3693
22686,1.0,0.0,3.9,200,9,62,1180,300.0,5047
22687,1.0,0.0,3.6,92,9,62,1589,350.0,5047
22688,1.0,0.0,4.1,82,84,29,1113,600.0,3275
22689,1.0,0.0,4.0,186,9,66,782,550.0,558
22690,1.0,0.0,4.0,155,84,62,1375,600.0,5047
22691,1.0,1.0,4.0,2852,84,21,1143,1100.0,1909
22692,1.0,1.0,4.5,755,84,17,9,900.0,5047
22693,1.0,0.0,4.0,87,84,72,1451,300.0,5047
22694,1.0,0.0,3.9,91,84,62,1589,250.0,5047
22695,1.0,0.0,2.8,514,84,62,1196,350.0,5047
22696,1.0,0.0,3.7,82,9,62,872,150.0,5047
22697,1.0,1.0,3.9,513,9,20,48,800.0,2194
22698,0.0,0.0,4.2,267,9,62,1547,200.0,5047
22699,1.0,0.0,4.3,512,84,30,956,400.0,5047
22700,1.0,0.0,3.9,38,84,62,830,400.0,4643
22701,1.0,0.0,3.8,72,84,9,228,200.0,5047
22702,1.0,0.0,4.0,438,84,20,236,750.0,5047
22703,1.0,0.0,4.3,634,84,41,235,450.0,5047
22704,1.0,0.0,3.7,188,9,62,1628,200.0,5047
22705,1.0,1.0,3.9,1636,84,22,1624,900.0,5047
22706,1.0,0.0,3.8,247,84,20,83,550.0,5047
22707,1.0,0.0,3.4,141,25,67,937,500.0,5047
22708,1.0,0.0,3.4,243,80,62,1156,300.0,5047
22709,1.0,0.0,3.0,404,9,62,322,500.0,3381
22710,1.0,0.0,3.9,131,9,12,821,250.0,5047
22711,1.0,1.0,4.2,815,84,1,179,600.0,5047
22712,1.0,0.0,3.8,63,84,20,1069,900.0,4316
22713,1.0,1.0,4.1,276,9,21,1299,1000.0,2476
22714,1.0,1.0,4.4,1980,84,56,714,1700.0,2585
22715,1.0,1.0,4.1,137,84,4,737,1200.0,1306
22716,1.0,0.0,4.8,650,84,20,1156,2000.0,5047
22717,1.0,0.0,3.8,305,84,62,866,400.0,5047
22718,1.0,0.0,4.3,185,84,64,1340,400.0,5047
22719,1.0,0.0,2.9,46,84,43,1670,400.0,5047
22720,1.0,0.0,4.6,4955,84,20,41,1400.0,4098
22721,1.0,0.0,4.0,544,9,0,175,450.0,5047
22722,1.0,0.0,4.0,130,84,30,773,300.0,5047
22723,1.0,0.0,3.2,145,84,20,1209,600.0,5047
22724,1.0,0.0,3.5,197,25,29,282,400.0,3580
22725,1.0,1.0,4.0,139,9,13,325,600.0,5047
22726,1.0,0.0,4.3,549,84,33,955,500.0,720
22727,1.0,0.0,3.6,45,84,13,332,650.0,795
22728,1.0,0.0,3.9,197,84,62,1196,300.0,5047
22729,1.0,0.0,3.9,121,84,29,918,600.0,5047
22730,1.0,0.0,3.8,83,25,41,680,500.0,5047
22731,1.0,0.0,4.0,58,84,30,789,300.0,5047
22732,1.0,0.0,3.8,61,53,62,939,500.0,27
22733,1.0,0.0,4.1,82,84,9,212,300.0,3427
22734,1.0,0.0,3.1,61,84,51,53,300.0,5047
22735,1.0,0.0,4.2,372,84,41,182,450.0,5047
22736,1.0,1.0,4.4,907,84,20,1083,1000.0,5047
22737,1.0,0.0,3.5,69,9,20,1142,850.0,5047
22738,1.0,0.0,4.7,277,84,20,1651,2000.0,835
22739,1.0,0.0,3.9,45,84,29,1196,300.0,2134
22740,1.0,0.0,4.4,390,84,33,783,700.0,5047
22741,1.0,0.0,3.3,130,84,62,817,300.0,1047
22742,1.0,0.0,4.0,742,84,20,625,750.0,970
22743,1.0,0.0,3.7,130,84,29,1181,500.0,3616
22744,1.0,0.0,2.9,79,84,41,215,400.0,2538
22745,1.0,0.0,3.1,76,84,62,1156,400.0,4129
22746,1.0,0.0,3.6,49,9,62,826,300.0,5047
22747,1.0,0.0,4.1,196,84,12,220,250.0,5047
22748,1.0,0.0,3.7,78,84,62,204,400.0,5047
22749,1.0,0.0,4.1,826,9,13,506,300.0,5047
22750,1.0,0.0,3.8,133,25,20,236,500.0,5047
22751,1.0,0.0,3.9,104,84,41,1156,400.0,5047
22752,1.0,1.0,4.2,1038,84,20,1009,1500.0,5047
22753,1.0,0.0,4.1,180,25,2,181,300.0,5047
22754,1.0,0.0,4.0,298,9,62,370,400.0,2521
22755,1.0,0.0,3.7,354,84,20,1181,700.0,5047
22756,1.0,0.0,3.0,304,25,62,1474,400.0,5047
22757,1.0,0.0,3.4,96,84,41,81,500.0,5047
22758,1.0,1.0,4.2,84,84,20,1156,1500.0,5047
22759,1.0,0.0,3.0,176,84,62,1185,400.0,5047
22760,1.0,1.0,4.3,476,84,22,1316,1400.0,5047
22761,1.0,0.0,3.8,73,9,9,214,400.0,5047
22762,1.0,0.0,3.1,97,84,62,1327,500.0,5047
22763,1.0,0.0,3.7,176,84,29,1296,500.0,5047
22764,1.0,1.0,4.4,1313,84,21,150,1800.0,5047
22765,1.0,0.0,3.7,69,84,30,956,450.0,5047
22766,1.0,0.0,3.6,83,9,62,817,400.0,5047
22767,1.0,0.0,4.1,2773,84,57,33,1500.0,5047
22768,1.0,0.0,4.2,489,84,25,1156,1600.0,5047
22769,1.0,1.0,3.9,548,84,60,880,1500.0,5047
22770,0.0,0.0,4.7,292,84,20,1124,1500.0,5047
22771,1.0,0.0,4.0,121,9,62,1482,900.0,5047
22772,1.0,0.0,4.2,221,84,62,132,500.0,5047
22773,1.0,0.0,3.8,63,84,62,1196,200.0,5047
22774,1.0,1.0,4.1,345,9,20,102,600.0,5047
22775,1.0,0.0,3.6,43,84,29,624,500.0,5047
22776,1.0,0.0,3.2,232,84,62,1416,400.0,5047
22777,1.0,1.0,4.2,1113,84,61,312,1600.0,5047
22778,1.0,0.0,3.6,57,25,13,374,1000.0,5047
22779,1.0,0.0,3.8,201,84,20,69,550.0,5047
22780,1.0,0.0,4.5,156,9,62,1497,250.0,5047
22781,1.0,0.0,3.5,50,84,29,1547,600.0,5047
22782,1.0,0.0,2.8,89,84,41,558,500.0,5047
22783,1.0,0.0,4.3,590,84,13,470,550.0,5047
22784,1.0,0.0,3.5,108,9,41,69,500.0,5047
22785,1.0,1.0,4.1,673,84,57,900,1400.0,5047
22786,1.0,0.0,4.0,143,84,20,1335,800.0,5047
22787,1.0,1.0,3.6,112,84,62,1156,300.0,5047
22788,1.0,0.0,3.1,186,84,35,779,600.0,5047
22789,1.0,1.0,4.1,1218,84,57,123,1200.0,5047
22790,1.0,0.0,3.7,92,84,62,246,400.0,5047
22791,1.0,0.0,2.6,60,84,41,1451,600.0,5047
22792,1.0,0.0,3.4,252,9,62,203,400.0,5047
22793,0.0,0.0,3.3,82,84,41,1465,500.0,5047
22794,1.0,1.0,3.3,273,9,60,723,1500.0,5047
22795,1.0,0.0,3.1,425,84,29,1327,500.0,5047
22796,1.0,0.0,3.7,72,84,62,1156,450.0,5047
22797,1.0,0.0,3.9,145,84,30,789,800.0,5047
22798,1.0,0.0,4.0,39,84,0,188,150.0,5047
22799,1.0,1.0,3.9,578,84,47,663,1000.0,5047
22800,0.0,0.0,3.1,149,9,20,57,600.0,5047
22801,0.0,0.0,2.7,165,84,62,1196,300.0,5047
22802,1.0,0.0,3.1,134,84,20,521,650.0,5047
22803,1.0,0.0,3.4,89,84,62,1156,300.0,5047
22804,1.0,0.0,3.6,43,84,62,1156,200.0,5047
22805,1.0,0.0,3.5,31,84,20,1156,500.0,5047
22806,0.0,0.0,3.9,141,84,20,1589,700.0,5047
22807,1.0,0.0,3.7,88,84,62,1196,300.0,5047
22808,1.0,0.0,4.0,46,9,62,843,450.0,5047
22809,0.0,1.0,4.0,292,84,20,636,1500.0,5047
22810,1.0,0.0,2.8,32,84,62,1596,400.0,5047
22811,1.0,0.0,2.7,35,9,62,1156,150.0,5047
22812,1.0,0.0,3.6,84,32,62,1285,300.0,5047
22813,0.0,0.0,3.6,171,84,20,726,800.0,5047
22814,1.0,0.0,4.2,938,84,20,1081,700.0,5047
22815,1.0,0.0,4.1,142,84,13,332,700.0,5047
22816,1.0,0.0,4.0,210,84,20,609,900.0,5047
22817,1.0,0.0,3.7,66,84,62,1156,200.0,5047
22818,1.0,0.0,3.9,119,84,62,587,350.0,5047
22819,1.0,1.0,3.9,902,84,20,1492,900.0,5047
22820,0.0,1.0,3.9,104,84,20,1156,1200.0,5047
22821,1.0,0.0,3.3,379,9,20,569,750.0,5047
22822,1.0,0.0,4.0,112,84,20,49,700.0,5047
22823,1.0,0.0,3.6,378,84,20,286,700.0,5047
22824,1.0,0.0,3.4,374,84,20,1209,500.0,5047
22825,0.0,0.0,4.0,92,84,30,956,200.0,5047
22826,0.0,0.0,3.7,115,84,20,1196,600.0,5047
22827,1.0,0.0,3.9,41,84,20,144,2000.0,5047
22828,1.0,0.0,3.7,215,84,41,1156,700.0,5047
22829,1.0,0.0,3.9,393,84,20,292,800.0,5047
22830,1.0,0.0,3.6,114,84,29,64,200.0,5047
22831,0.0,0.0,3.7,118,84,62,1451,300.0,5047
22832,1.0,1.0,3.8,128,84,5,1318,1200.0,5047
22833,1.0,0.0,3.6,205,84,62,565,400.0,5047
22834,0.0,0.0,3.0,241,84,62,1423,500.0,5047
22835,1.0,1.0,4.1,982,84,20,208,750.0,5047
22836,1.0,1.0,4.2,584,84,20,1365,1000.0,5047
22837,1.0,0.0,4.0,277,84,20,941,800.0,5047
22838,1.0,1.0,4.1,1755,84,20,1017,1400.0,5047
22839,0.0,0.0,3.1,76,84,62,868,300.0,5047
22840,1.0,0.0,4.2,120,9,20,1552,800.0,5047
22841,1.0,0.0,3.5,395,84,20,286,800.0,5047
22842,0.0,0.0,4.2,3021,84,20,1156,800.0,5047
22843,0.0,0.0,3.5,46,84,62,1386,350.0,5047
22844,1.0,0.0,2.9,84,25,20,1156,500.0,5047
22845,0.0,0.0,4.0,38,84,72,861,350.0,5047
22846,1.0,0.0,3.1,114,84,62,1386,400.0,5047
22847,0.0,0.0,3.9,122,84,43,1112,400.0,5047
22848,1.0,0.0,3.9,176,84,62,1156,350.0,5047
22849,1.0,0.0,4.2,523,84,20,1033,1000.0,5047
22850,0.0,1.0,4.0,1070,84,20,558,1400.0,5047
22851,1.0,0.0,3.9,236,9,20,1424,750.0,5047
22852,1.0,1.0,3.7,837,84,22,1029,1100.0,5047
22853,1.0,0.0,4.2,2283,9,20,1156,800.0,5047
22854,0.0,0.0,3.9,299,84,35,767,600.0,5047
22855,1.0,0.0,3.8,210,84,62,1039,350.0,5047
22856,1.0,0.0,4.3,782,84,20,596,1100.0,5047
22857,1.0,1.0,3.7,692,9,20,598,750.0,5047
22858,1.0,1.0,4.1,869,84,22,478,900.0,5047
22859,1.0,0.0,3.8,147,84,62,1327,400.0,5047
22860,1.0,0.0,3.8,282,84,20,1375,700.0,5047
22861,1.0,1.0,4.7,1562,84,20,521,1700.0,5047
22862,1.0,0.0,3.8,62,84,29,38,600.0,5047
22863,0.0,1.0,2.9,268,84,20,1156,600.0,5047
22864,1.0,1.0,4.1,0,84,20,1181,1200.0,5047
22865,0.0,1.0,3.5,185,84,20,1309,800.0,5047
22866,1.0,0.0,3.6,196,84,62,1386,350.0,5047
22867,1.0,0.0,4.0,485,84,20,946,1000.0,5047
22868,1.0,0.0,3.6,94,9,62,1196,300.0,5047
22869,0.0,0.0,2.5,131,84,62,282,500.0,5047
22870,0.0,0.0,3.9,89,84,13,396,700.0,5047
22871,0.0,0.0,3.9,50,84,20,197,500.0,5047
22872,1.0,0.0,3.7,856,84,20,50,650.0,5047
22873,0.0,0.0,3.1,71,84,20,65,700.0,5047
22874,0.0,0.0,2.9,35,84,45,547,300.0,5047
22875,1.0,0.0,3.9,386,84,62,1407,300.0,5047
22876,1.0,0.0,3.4,86,9,20,1187,500.0,5047
22877,0.0,0.0,3.7,51,84,20,624,600.0,5047
22878,0.0,0.0,3.6,33,84,62,1196,400.0,5047
22879,0.0,0.0,3.4,32,84,29,83,400.0,5047
22880,0.0,0.0,2.6,84,84,41,1156,400.0,5047
22881,0.0,0.0,3.2,167,84,20,1156,450.0,5047
22882,0.0,0.0,4.0,165,84,72,1209,450.0,5047
22883,1.0,1.0,4.2,271,84,20,122,1500.0,5047
22884,0.0,1.0,3.0,83,84,20,1547,1200.0,5047
22885,1.0,0.0,3.8,433,84,20,261,800.0,5047
22886,1.0,0.0,3.7,95,84,62,1291,400.0,5047
22887,0.0,0.0,3.1,65,84,29,1258,500.0,5047
22888,0.0,1.0,3.5,54,84,20,1279,1100.0,5047
22889,1.0,0.0,2.8,68,84,62,1156,500.0,5047
22890,1.0,0.0,2.6,382,84,20,1210,800.0,5047
22891,1.0,1.0,4.2,482,84,20,1490,800.0,5047
22892,1.0,0.0,3.1,113,84,62,1219,600.0,5047
22893,0.0,0.0,3.6,39,84,62,1451,400.0,5047
22894,1.0,0.0,3.2,217,9,20,1138,600.0,5047
22895,0.0,0.0,3.8,40,84,29,767,300.0,5047
22896,1.0,1.0,3.8,840,9,21,1156,750.0,5047
22897,1.0,0.0,3.8,63,84,20,1375,800.0,5047
22898,1.0,0.0,3.2,270,9,20,1038,500.0,5047
22899,1.0,0.0,3.8,515,84,20,565,900.0,5047
22900,1.0,0.0,3.6,197,84,20,1198,700.0,5047
22901,0.0,0.0,4.0,69,84,20,580,600.0,5047
22902,0.0,0.0,2.8,36,84,20,708,700.0,5047
22903,1.0,1.0,4.0,1116,84,20,994,1000.0,5047
22904,0.0,0.0,4.1,55,84,72,817,500.0,5047
22905,0.0,1.0,4.3,1776,84,26,800,1700.0,5047
22906,0.0,0.0,3.6,25,84,62,1196,500.0,5047
22907,1.0,0.0,3.3,379,84,20,1377,1000.0,5047
22908,1.0,0.0,3.8,99,84,62,1331,450.0,5047
22909,1.0,0.0,3.5,131,84,20,236,800.0,5047
22910,1.0,1.0,4.5,756,84,17,9,900.0,4529
22911,1.0,0.0,4.3,590,84,13,470,550.0,603
22912,1.0,1.0,4.2,816,84,1,179,600.0,3876
22913,1.0,0.0,4.5,187,84,41,956,400.0,4559
22914,0.0,0.0,4.6,1822,84,30,767,400.0,5047
22915,1.0,0.0,4.3,549,84,33,955,500.0,720
22916,1.0,0.0,4.3,390,84,33,783,700.0,1650
22917,1.0,0.0,4.0,39,84,0,188,150.0,5012
22918,1.0,0.0,4.4,1061,84,29,929,500.0,2
22919,1.0,0.0,4.3,512,84,30,956,400.0,1756
22920,1.0,0.0,3.1,186,84,35,779,600.0,502
22921,1.0,1.0,3.9,548,84,60,880,1500.0,1490
22922,1.0,0.0,4.2,372,84,41,182,450.0,2938
22923,1.0,0.0,4.0,181,84,0,181,500.0,1649
22924,1.0,0.0,3.7,69,84,30,956,450.0,301
22925,1.0,0.0,2.9,79,84,41,215,400.0,2538
22926,0.0,0.0,4.1,395,84,20,907,1000.0,5047
22927,0.0,0.0,4.0,92,84,30,956,200.0,5047
22928,1.0,0.0,4.1,58,84,30,789,300.0,3500
22929,1.0,0.0,4.0,132,84,30,773,300.0,5047
22930,0.0,0.0,3.8,72,84,62,1121,150.0,5047
22931,1.0,0.0,3.9,145,84,30,789,800.0,3037
22932,0.0,0.0,4.0,35,84,0,175,250.0,5047
22933,1.0,0.0,3.9,40,84,29,181,500.0,1609
22934,1.0,0.0,4.0,422,84,20,807,1500.0,5047
22935,1.0,0.0,3.8,124,84,1,183,400.0,2075
22936,0.0,0.0,3.9,299,84,35,767,600.0,5047
22937,1.0,0.0,3.8,38,84,0,175,400.0,5047
22938,0.0,0.0,3.9,58,84,1,177,400.0,5047
22939,1.0,0.0,3.1,39,84,34,950,200.0,1590
22940,0.0,0.0,3.9,71,84,30,956,250.0,5047
22941,0.0,0.0,3.8,40,84,29,767,300.0,5047
22942,1.0,0.0,4.1,180,25,2,181,300.0,2072
22943,1.0,0.0,4.1,126,25,0,181,500.0,601
22944,1.0,1.0,3.9,578,84,47,663,1000.0,1101
22945,0.0,1.0,4.4,383,84,20,1304,2000.0,5047
22946,0.0,1.0,4.5,523,84,37,645,2500.0,5047
22947,0.0,1.0,4.7,7064,84,56,677,2400.0,5047
22948,0.0,0.0,4.6,5954,84,56,36,2500.0,5047
22949,0.0,1.0,4.5,2745,84,56,712,1600.0,5047
22950,0.0,1.0,4.8,3009,84,20,813,1600.0,5047
22951,0.0,1.0,4.9,3004,84,20,153,1400.0,5047
22952,0.0,1.0,4.4,2131,84,20,1325,1600.0,5047
22953,0.0,0.0,4.6,478,84,20,1547,1700.0,5047
22954,0.0,1.0,4.3,2283,84,61,646,1700.0,5047
22955,1.0,1.0,4.4,1980,84,56,714,1700.0,2585
22956,1.0,1.0,4.0,2856,84,21,1143,1100.0,1909
22957,1.0,0.0,4.8,654,84,20,1156,2000.0,3290
22958,0.0,1.0,4.1,564,84,21,1348,1000.0,5047
22959,0.0,1.0,4.4,2073,84,20,1156,1500.0,5047
22960,0.0,1.0,4.1,821,84,6,878,1900.0,5047
22961,0.0,1.0,4.2,320,84,57,136,1500.0,5047
22962,1.0,0.0,4.2,489,84,25,1156,1600.0,1854
22963,0.0,1.0,4.2,156,84,5,27,1800.0,5047
22964,0.0,0.0,4.1,456,84,20,1156,1800.0,5047
22965,1.0,1.0,4.7,1562,84,20,521,1700.0,5047
22966,1.0,1.0,4.1,137,84,4,737,1200.0,5047
22967,1.0,0.0,4.1,2773,84,57,33,1500.0,1531
22968,1.0,0.0,4.7,277,84,20,1651,2000.0,835
22969,1.0,1.0,4.0,1116,84,20,994,1000.0,5047
22970,1.0,0.0,4.7,292,84,20,1124,1500.0,5047
22971,1.0,1.0,4.5,756,84,17,9,900.0,4529
22972,1.0,0.0,4.3,590,84,13,470,550.0,603
22973,1.0,1.0,4.2,1113,84,61,312,1600.0,190
22974,0.0,1.0,4.1,833,84,37,1160,2500.0,5047
22975,1.0,0.0,3.7,856,84,20,50,650.0,5047
22976,1.0,0.0,4.0,277,84,20,941,800.0,5047
22977,0.0,0.0,4.2,3021,84,20,1156,800.0,5047
22978,1.0,0.0,4.0,1633,84,20,292,800.0,5047
22979,0.0,1.0,4.3,1776,84,26,800,1700.0,5047
22980,1.0,0.0,4.6,4957,84,20,41,1400.0,4099
22981,1.0,1.0,4.4,908,84,20,1083,1000.0,3049
22982,1.0,1.0,4.4,1313,84,21,150,1800.0,4504
22983,0.0,0.0,3.9,51,84,20,1096,2000.0,5047
22984,1.0,1.0,4.3,476,84,22,1316,1400.0,1688
22985,1.0,1.0,4.2,482,84,20,1490,800.0,5047
22986,1.0,1.0,4.1,982,84,20,208,750.0,5047
22987,1.0,1.0,4.3,654,84,20,702,1500.0,780
22988,0.0,1.0,4.3,400,84,20,163,2000.0,5047
22989,1.0,1.0,4.4,2382,84,20,1166,700.0,2368
22990,1.0,1.0,4.6,595,84,20,1,1000.0,932
22991,1.0,0.0,3.9,514,84,20,604,850.0,5047
22992,0.0,0.0,3.9,74,84,21,1441,1200.0,5047
22993,1.0,0.0,3.8,63,84,20,1069,900.0,4315
22994,1.0,1.0,4.0,1070,84,20,558,1400.0,5047
22995,1.0,0.0,4.2,938,84,20,1081,700.0,5047
22996,1.0,1.0,4.0,1688,84,20,294,800.0,3337
22997,1.0,1.0,4.1,1218,84,57,123,1200.0,2593
22998,0.0,1.0,4.1,1003,84,5,738,1500.0,5047
22999,1.0,0.0,4.0,438,84,20,236,750.0,338
23000,0.0,1.0,4.0,328,84,20,718,1700.0,5047
23001,0.0,1.0,3.9,268,84,20,1550,2000.0,5047
23002,1.0,0.0,3.8,433,84,20,261,800.0,5047
23003,1.0,0.0,3.8,247,84,20,83,550.0,2729
23004,1.0,1.0,4.1,673,84,57,900,1400.0,5028
23005,0.0,1.0,3.9,327,84,37,1298,2000.0,5047
23006,1.0,1.0,4.2,84,84,20,1156,1500.0,1885
23007,1.0,1.0,4.1,869,84,22,478,900.0,5047
23008,1.0,0.0,4.3,782,84,20,596,1100.0,5047
23009,1.0,1.0,4.0,364,84,20,1053,700.0,954
23010,0.0,1.0,4.3,246,84,20,128,2500.0,5047
23011,1.0,1.0,3.7,837,84,22,1029,1100.0,3819
23012,1.0,1.0,3.9,902,84,20,1492,900.0,5047
23013,0.0,0.0,3.7,560,84,20,1547,400.0,5047
23014,1.0,0.0,4.2,523,84,20,1033,1000.0,5047
23015,0.0,1.0,4.3,267,84,37,1009,3000.0,5047
23016,1.0,0.0,4.0,485,84,20,946,1000.0,5047
23017,1.0,0.0,4.0,112,84,20,49,700.0,5047
23018,1.0,0.0,4.0,143,84,20,1335,800.0,2943
23019,0.0,0.0,4.0,1094,84,4,879,1450.0,5047
23020,0.0,0.0,2.7,165,84,62,1196,300.0,5047
23021,0.0,1.0,4.2,519,84,22,573,2000.0,5047
23022,1.0,0.0,3.9,770,84,20,238,800.0,4886
23023,1.0,1.0,4.2,584,84,20,1365,1000.0,5047
23024,1.0,1.0,4.1,1755,84,20,1017,1400.0,5047
23025,0.0,0.0,3.9,141,84,20,1589,700.0,5047
23026,1.0,1.0,4.4,2110,84,22,1468,600.0,2205
23027,1.0,1.0,3.9,1140,84,20,114,750.0,3556
23028,1.0,1.0,3.9,548,84,60,880,1500.0,1490
23029,0.0,1.0,4.0,189,84,26,1404,1500.0,5047
23030,0.0,1.0,4.0,292,84,20,636,1500.0,5047
23031,0.0,0.0,4.2,843,84,13,462,1000.0,5047
23032,1.0,0.0,3.6,378,84,20,286,700.0,5047
23033,0.0,1.0,3.7,138,84,37,1418,2000.0,5047
23034,1.0,0.0,3.8,515,84,20,565,900.0,5047
23035,0.0,1.0,4.0,89,84,37,965,2500.0,5047
23036,1.0,1.0,3.9,487,84,20,1375,800.0,2858
23037,1.0,0.0,3.9,168,84,20,1142,600.0,1459
23038,1.0,1.0,3.9,1636,84,22,1624,900.0,4224
23039,0.0,0.0,3.7,228,84,46,718,2100.0,5047
23040,1.0,0.0,3.5,395,84,20,286,800.0,5047
23041,1.0,0.0,3.6,205,84,62,565,400.0,5047
23042,0.0,1.0,3.9,104,84,20,1156,1200.0,5047
23043,0.0,1.0,2.9,268,84,20,1156,600.0,5047
23044,1.0,1.0,4.1,93,84,20,1181,1200.0,5047
23045,0.0,1.0,3.5,185,84,20,1309,800.0,5047
23046,1.0,0.0,4.1,142,84,13,332,700.0,1084
23047,0.0,0.0,4.1,395,84,20,907,1000.0,5047
23048,0.0,1.0,4.1,1140,84,20,807,1500.0,5047
23049,0.0,0.0,3.7,115,84,20,1196,600.0,5047
23050,0.0,1.0,4.0,244,84,37,1362,3000.0,5047
23051,1.0,0.0,3.1,62,84,51,53,300.0,5047
23052,1.0,0.0,3.9,160,84,20,1591,300.0,5047
23053,0.0,0.0,3.9,104,84,13,332,350.0,5047
23054,1.0,0.0,2.5,544,84,20,1599,400.0,5047
23055,1.0,0.0,2.9,550,84,20,1036,500.0,3693
23056,1.0,0.0,3.5,131,84,20,236,800.0,5047
23057,1.0,0.0,3.8,63,84,20,1375,800.0,5047
23058,1.0,0.0,3.6,197,84,20,1198,700.0,5047
23059,0.0,1.0,3.7,95,84,46,878,1700.0,5047
23060,1.0,0.0,2.9,225,84,20,110,750.0,217
23061,1.0,0.0,2.8,32,84,62,1596,400.0,2036
23062,1.0,1.0,3.8,128,84,5,1318,1200.0,5047
23063,1.0,0.0,3.5,181,84,20,1209,500.0,5047
23064,1.0,0.0,3.9,41,84,20,144,2000.0,2547
23065,0.0,0.0,3.9,50,84,62,197,350.0,5047
23066,0.0,0.0,3.6,64,84,20,993,1500.0,5047
23067,1.0,0.0,3.2,145,84,20,1209,600.0,4363
23068,1.0,0.0,4.0,743,84,20,625,750.0,2024
23069,0.0,0.0,3.9,77,84,38,878,2000.0,5047
23070,1.0,0.0,3.7,95,84,62,1291,400.0,5047
23071,0.0,1.0,4.1,78,84,37,653,3000.0,5047
23072,1.0,0.0,3.6,45,84,13,332,650.0,795
23073,1.0,0.0,3.5,31,84,20,1156,500.0,4314
23074,1.0,0.0,2.6,382,84,20,1210,800.0,5047
23075,0.0,1.0,3.8,118,84,20,1321,1900.0,5047
23076,0.0,0.0,3.2,167,84,20,1156,450.0,5047
23077,0.0,0.0,2.8,161,84,21,539,1200.0,5047
23078,1.0,0.0,4.0,208,84,20,1474,750.0,887
23079,1.0,0.0,3.3,379,84,20,1377,1000.0,3405
23080,0.0,0.0,3.6,171,84,20,726,800.0,5047
23081,0.0,1.0,3.9,276,84,20,997,2000.0,5047
23082,1.0,0.0,3.7,355,84,20,1181,700.0,5047
23083,0.0,1.0,3.0,83,84,20,1547,1200.0,5047
23084,0.0,0.0,4.0,69,84,20,580,600.0,5047
23085,1.0,0.0,3.8,282,84,20,1375,700.0,5047
23086,0.0,0.0,3.6,39,84,62,1451,400.0,5047
23087,0.0,0.0,2.8,36,84,20,708,700.0,5047
23088,0.0,1.0,3.7,64,84,46,878,1800.0,5047
23089,0.0,0.0,3.9,89,84,13,396,700.0,5047
23090,0.0,0.0,4.0,146,84,20,1671,700.0,5047
23091,1.0,0.0,4.1,196,84,12,220,250.0,3196
23092,0.0,0.0,3.1,71,84,20,65,700.0,5047
23093,0.0,0.0,3.7,51,84,20,624,600.0,5047
23094,0.0,0.0,2.9,51,84,20,1235,600.0,5047
23095,0.0,0.0,3.6,79,84,20,203,800.0,5047
23096,0.0,0.0,3.8,45,84,12,217,150.0,5047
23097,1.0,0.0,3.1,134,84,20,521,650.0,5047
23098,1.0,0.0,3.8,201,84,20,69,550.0,5047
23099,0.0,1.0,3.5,54,84,20,1279,1100.0,5047
23100,0.0,1.0,4.1,79,84,20,1096,1600.0,5047
23101,1.0,0.0,4.0,210,84,20,609,900.0,5047
23102,1.0,0.0,2.5,129,84,20,1201,500.0,1129
23103,0.0,0.0,4.5,504,84,62,1156,350.0,5047
23104,1.0,0.0,4.3,634,84,41,235,450.0,3525
23105,1.0,0.0,4.3,549,84,33,955,500.0,720
23106,1.0,0.0,4.0,155,84,62,1375,600.0,1098
23107,1.0,0.0,4.3,390,84,33,783,700.0,1650
23108,1.0,0.0,4.0,1972,84,62,323,600.0,4930
23109,0.0,0.0,3.9,116,84,62,322,500.0,5047
23110,1.0,0.0,3.6,43,84,62,1156,200.0,5047
23111,1.0,0.0,3.1,186,84,35,779,600.0,502
23112,1.0,0.0,3.8,210,84,62,1039,350.0,5047
23113,0.0,0.0,3.9,346,84,41,1670,400.0,5047
23114,1.0,0.0,3.9,197,84,62,1196,300.0,5047
23115,1.0,0.0,3.9,119,84,62,587,350.0,1902
23116,1.0,0.0,3.9,152,84,62,1110,600.0,4887
23117,1.0,0.0,3.0,176,84,62,1185,400.0,5047
23118,1.0,0.0,4.0,184,84,62,1190,500.0,1024
23119,1.0,1.0,3.8,88,84,62,1593,300.0,2464
23120,1.0,0.0,3.9,176,84,62,1156,350.0,5047
23121,1.0,0.0,3.7,92,84,62,246,400.0,5047
23122,1.0,0.0,3.9,45,84,29,286,300.0,5047
23123,1.0,0.0,3.8,184,84,62,1328,400.0,3553
23124,1.0,0.0,3.9,167,84,43,322,450.0,2640
23125,1.0,0.0,3.9,91,84,62,1589,250.0,2429
23126,1.0,0.0,4.2,221,84,62,132,500.0,1845
23127,0.0,0.0,3.7,118,84,62,1451,300.0,5047
23128,1.0,0.0,3.1,114,84,62,1386,400.0,5047
23129,0.0,0.0,3.0,241,84,62,1423,500.0,5047
23130,1.0,0.0,3.9,103,84,41,1156,400.0,2569
23131,1.0,0.0,3.2,42,84,62,817,200.0,3184
23132,1.0,0.0,3.8,63,84,62,1196,200.0,4912
23133,1.0,0.0,3.7,79,84,62,204,400.0,582
23134,0.0,0.0,3.8,107,84,41,1023,400.0,5047
23135,1.0,0.0,3.7,88,84,62,1196,300.0,3180
23136,0.0,0.0,3.1,76,84,62,868,300.0,5047
23137,1.0,0.0,3.1,113,84,62,1219,600.0,5047
23138,1.0,0.0,3.2,232,84,62,1416,400.0,5047
23139,0.0,0.0,3.5,46,84,62,1386,350.0,5047
23140,0.0,0.0,2.7,33,84,41,1556,400.0,5047
23141,1.0,0.0,4.2,52,84,62,1340,400.0,5047
23142,0.0,0.0,3.7,64,84,62,1357,350.0,5047
23143,1.0,0.0,3.9,38,84,62,830,400.0,4642
23144,0.0,0.0,3.9,122,84,43,1112,400.0,5047
23145,1.0,0.0,3.1,76,84,62,1156,400.0,4131
23146,1.0,0.0,3.7,36,84,41,62,600.0,5047
23147,1.0,0.0,3.8,99,84,62,1331,450.0,5047
23148,1.0,0.0,3.9,386,84,62,1407,300.0,2836
23149,1.0,0.0,3.2,55,84,62,1176,300.0,5047
23150,1.0,0.0,3.8,124,84,1,183,400.0,2074
23151,0.0,0.0,2.9,141,84,62,1547,200.0,5047
23152,1.0,1.0,3.6,112,84,62,1156,300.0,3256
23153,0.0,0.0,3.8,72,84,43,521,550.0,5047
23154,1.0,0.0,3.6,196,84,62,1386,350.0,5047
23155,1.0,0.0,2.7,263,84,41,1465,500.0,4144
23156,1.0,0.0,3.0,112,84,41,523,600.0,4772
23157,1.0,0.0,3.7,173,84,62,238,550.0,1352
23158,0.0,0.0,3.9,58,84,1,177,400.0,5047
23159,1.0,0.0,3.8,120,84,62,1498,450.0,240
23160,1.0,0.0,2.8,68,84,62,1156,500.0,4461
23161,1.0,0.0,3.4,89,84,62,1156,300.0,5047
23162,1.0,0.0,3.8,147,84,62,1327,400.0,2965
23163,1.0,0.0,3.7,106,84,65,370,400.0,1091
23164,1.0,0.0,3.7,72,84,62,1156,450.0,1865
23165,0.0,0.0,2.5,131,84,62,282,500.0,5047
23166,0.0,0.0,3.6,25,84,62,1196,500.0,5047
23167,1.0,0.0,3.5,75,84,41,1451,600.0,3915
23168,0.0,0.0,3.7,53,84,62,1563,300.0,5047
23169,0.0,0.0,2.6,51,84,42,75,500.0,5047
23170,0.0,0.0,2.7,36,84,41,1156,400.0,5047
23171,0.0,0.0,3.6,33,84,62,1196,400.0,5047
23172,0.0,0.0,2.9,203,84,62,1589,450.0,5047
23173,0.0,0.0,2.6,84,84,41,1156,400.0,5047
23174,1.0,0.0,3.6,298,84,62,666,400.0,3835
23175,1.0,0.0,2.8,515,84,62,1196,350.0,2358
23176,1.0,0.0,3.7,215,84,41,1156,700.0,3912
23177,1.0,0.0,3.1,97,84,62,1327,500.0,1805
23178,1.0,0.0,2.8,89,84,41,558,500.0,1172
23179,1.0,0.0,3.3,130,84,62,817,300.0,1048
23180,1.0,0.0,3.8,305,84,62,866,400.0,4409
23181,0.0,1.0,4.6,848,25,20,965,1500.0,5047
23182,0.0,1.0,4.3,236,25,4,878,2500.0,5047
23183,1.0,0.0,3.6,57,25,13,374,1000.0,476
23184,0.0,0.0,2.5,73,25,20,558,800.0,5047
23185,1.0,0.0,2.9,84,25,20,1156,500.0,3509
23186,1.0,0.0,3.8,134,25,20,236,500.0,4684
23187,0.0,0.0,3.6,49,25,62,1587,300.0,5047
23188,1.0,0.0,3.8,83,25,41,680,500.0,2507
23189,1.0,0.0,3.8,182,25,41,1659,600.0,4104
23190,0.0,1.0,4.2,411,6,20,1297,1800.0,5047
23191,1.0,0.0,3.4,252,9,62,203,400.0,4919
23192,1.0,0.0,3.6,49,9,62,826,300.0,1493
23193,0.0,1.0,4.3,2283,84,61,646,1700.0,5047
23194,1.0,1.0,4.1,137,84,4,737,1200.0,1305
23195,0.0,1.0,4.5,2745,84,56,712,1600.0,5047
23196,0.0,1.0,4.7,7064,84,56,677,2400.0,5047
23197,0.0,0.0,4.6,5954,84,56,36,2500.0,5047
23198,1.0,1.0,4.4,1980,84,56,714,1700.0,2585
23199,0.0,1.0,4.1,564,84,21,1348,1000.0,5047
23200,0.0,1.0,4.1,821,84,6,878,1900.0,5047
23201,0.0,1.0,4.2,320,84,57,136,1500.0,5047
23202,1.0,1.0,3.9,578,84,47,663,1000.0,1101
23203,1.0,0.0,4.1,2773,84,57,33,1500.0,1531
23204,1.0,1.0,4.2,1113,84,61,312,1600.0,190
23205,0.0,1.0,4.3,1776,84,26,800,1700.0,5047
23206,1.0,1.0,4.4,1313,84,21,150,1800.0,4503
23207,1.0,1.0,4.1,1218,84,57,123,1200.0,4895
23208,0.0,1.0,4.1,1003,84,5,738,1500.0,5047
23209,1.0,1.0,4.1,673,84,57,900,1400.0,5028
23210,0.0,0.0,4.0,1094,84,4,879,1450.0,5047
23211,1.0,1.0,3.9,548,84,60,880,1500.0,1489
23212,0.0,1.0,4.0,189,84,26,1404,1500.0,5047
23213,0.0,0.0,3.7,228,84,46,718,2100.0,5047
23214,0.0,1.0,3.7,95,84,46,878,1700.0,5047
23215,1.0,1.0,3.8,128,84,5,1318,1200.0,5047
23216,0.0,0.0,3.9,77,84,38,878,2000.0,5047
23217,0.0,1.0,3.7,64,84,46,878,1800.0,5047
23218,0.0,0.0,2.5,81,84,21,80,800.0,5047
23219,0.0,1.0,4.3,236,25,4,878,2500.0,5047
23220,0.0,1.0,4.5,2745,84,56,712,1600.0,5047
23221,0.0,1.0,4.1,821,84,6,878,1900.0,5047
23222,0.0,1.0,4.3,2283,84,61,646,1700.0,5047
23223,0.0,1.0,4.7,7064,84,56,677,2400.0,5047
23224,0.0,0.0,4.6,5954,84,56,36,2500.0,5047
23225,1.0,1.0,4.4,1980,84,56,714,1700.0,2585
23226,1.0,1.0,4.0,2856,84,21,1143,1100.0,1908
23227,0.0,1.0,4.1,564,84,21,1348,1000.0,5047
23228,0.0,1.0,4.2,320,84,57,136,1500.0,5047
23229,0.0,1.0,4.2,156,84,5,27,1800.0,5047
23230,1.0,1.0,3.9,578,84,47,663,1000.0,5047
23231,1.0,1.0,4.1,137,84,4,737,1200.0,1305
23232,1.0,0.0,4.1,2773,84,57,33,1500.0,1531
23233,1.0,1.0,4.2,1113,84,61,312,1600.0,5047
23234,0.0,1.0,4.3,1776,84,26,800,1700.0,5047
23235,1.0,1.0,4.4,1313,84,21,150,1800.0,5047
23236,0.0,0.0,3.9,74,84,21,1441,1200.0,5047
23237,1.0,1.0,4.1,1218,84,57,123,1200.0,5047
23238,0.0,1.0,4.1,1003,84,5,738,1500.0,5047
23239,1.0,1.0,4.1,673,84,57,900,1400.0,5047
23240,0.0,0.0,4.0,1094,84,4,879,1450.0,5047
23241,1.0,1.0,3.9,548,84,60,880,1500.0,5047
23242,0.0,1.0,4.0,189,84,26,1404,1500.0,5047
23243,1.0,1.0,3.8,128,84,5,1318,1200.0,5047
23244,0.0,0.0,3.9,77,84,38,878,2000.0,5047
23245,0.0,0.0,2.8,161,84,21,539,1200.0,5047
23246,0.0,0.0,2.5,81,84,21,80,800.0,5047
23247,0.0,1.0,4.3,236,25,4,878,2500.0,5047
